0,5,15,
0,6,184,
0,8,45,
0,10,90,
0,11,134,
0,13,68,
0,15,109,
0,15,112,
0,22,33,
0,22,183,
0,36,126,
0,41,59,
0,45,101,
0,64,111,
0,64,113,
0,67,12,
0,68,28,
0,79,170,
0,87,173,
0,88,142,
0,94,71,
0,95,64,
0,107,157,
0,114,92,
0,124,20,
0,136,26,
0,137,137,
0,147,99,
0,153,112,
0,154,157,
0,159,121,
0,171,106,
0,178,57,
0,181,135,
0,186,142,
1,8,177,
1,23,135,
1,25,166,
1,38,116,
1,40,194,
1,44,100,
1,48,179,
1,50,68,
1,52,4,
1,62,38,
1,62,132,
1,63,16,
1,63,122,
1,69,190,
1,70,146,
1,73,74,
1,76,141,
1,77,4,
1,79,127,
1,88,69,
1,90,64,
1,96,187,
1,101,10,
1,101,31,
1,104,164,
1,108,106,
1,109,114,
1,116,1,
1,119,118,
1,125,185,
1,134,161,
1,138,142,
1,143,155,
1,151,151,
1,156,60,
1,156,111,
1,163,29,
1,184,145,
1,192,128,
2,2,91,
2,4,186,
2,9,9,
2,11,140,
2,16,190,
2,17,164,
2,18,6,
2,18,70,
2,21,181,
2,23,78,
2,33,197,
2,46,35,
2,54,54,
2,61,21,
2,61,68,
2,64,85,
2,65,77,
2,77,65,
2,79,28,
2,79,150,
2,80,13,
2,80,32,
2,82,40,
2,83,92,
2,84,39,
2,84,102,
2,89,136,
2,91,10,
2,91,194,
2,92,44,
2,97,33,
2,99,52,
2,101,102,
2,113,30,
2,114,109,
2,117,102,
2,119,60,
2,120,180,
2,131,125,
2,147,167,
2,162,81,
2,165,16,
2,166,29,
2,166,171,
2,175,33,
2,175,181,
2,194,181,
2,197,20,
2,197,197,
2,199,109,
3,4,81,
3,5,30,
3,6,43,
3,6,129,
3,10,126,
3,12,11,
3,12,109,
3,17,4,
3,18,154,
3,30,41,
3,31,176,
3,35,2,
3,35,173,
3,36,72,
3,38,6,
3,38,96,
3,46,156,
3,47,156,
3,65,56,
3,66,182,
3,71,103,
3,72,95,
3,79,25,
3,81,171,
3,87,195,
3,103,133,
3,111,45,
3,111,150,
3,111,166,
3,123,157,
3,124,170,
3,129,15,
3,134,35,
3,136,89,
3,143,156,
3,144,86,
3,152,44,
3,152,181,
3,153,11,
3,155,191,
3,157,159,
3,157,177,
3,158,77,
3,159,45,
3,159,108,
3,171,18,
3,180,119,
3,180,143,
3,185,142,
3,197,33,
3,198,196,
4,1,181,
4,8,17,
4,14,85,
4,14,197,
4,20,109,
4,21,147,
4,29,48,
4,35,48,
4,35,164,
4,49,19,
4,50,12,
4,53,122,
4,56,51,
4,57,169,
4,64,108,
4,65,46,
4,68,192,
4,82,130,
4,85,168,
4,85,172,
4,91,189,
4,92,75,
4,95,175,
4,97,40,
4,108,149,
4,114,150,
4,123,189,
4,129,176,
4,132,63,
4,133,105,
4,139,56,
4,139,125,
4,142,50,
4,152,138,
4,156,100,
4,161,79,
4,171,55,
4,173,113,
4,174,89,
4,181,39,
4,196,186,
5,4,124,
5,4,129,
5,4,131,
5,8,165,
5,14,186,
5,18,60,
5,19,41,
5,21,74,
5,24,60,
5,24,184,
5,28,189,
5,31,179,
5,33,22,
5,39,123,
5,42,95,
5,44,71,
5,49,155,
5,56,11,
5,61,62,
5,64,86,
5,65,196,
5,66,46,
5,70,181,
5,73,72,
5,73,108,
5,74,86,
5,79,55,
5,94,51,
5,98,100,
5,101,75,
5,101,171,
5,103,87,
5,109,26,
5,117,147,
5,117,188,
5,119,36,
5,122,4,
5,124,72,
5,127,96,
5,127,151,
5,129,31,
5,139,180,
5,151,87,
5,152,78,
5,160,140,
5,161,55,
5,163,87,
5,164,165,
5,182,6,
5,185,110,
5,186,119,
5,198,193,
6,1,82,
6,2,24,
6,4,140,
6,6,121,
6,12,176,
6,15,159,
6,22,171,
6,29,80,
6,30,140,
6,37,25,
6,42,121,
6,44,59,
6,48,130,
6,56,85,
6,61,131,
6,69,108,
6,74,70,
6,85,14,
6,89,9,
6,90,174,
6,94,97,
6,101,105,
6,109,161,
6,109,192,
6,113,53,
6,119,94,
6,121,36,
6,122,43,
6,129,166,
6,132,81,
6,138,175,
6,147,151,
6,151,118,
6,152,162,
6,154,155,
6,157,105,
6,160,19,
6,161,16,
6,169,29,
6,174,6,
6,179,170,
6,184,71,
6,195,151,
6,196,86,
7,8,126,
7,10,80,
7,13,164,
7,16,169,
7,19,84,
7,19,153,
7,21,118,
7,33,39,
7,33,94,
7,33,111,
7,33,178,
7,33,190,
7,40,152,
7,47,33,
7,47,85,
7,50,117,
7,50,189,
7,52,53,
7,54,14,
7,54,107,
7,55,148,
7,60,166,
7,61,4,
7,66,136,
7,70,58,
7,70,106,
7,73,124,
7,74,139,
7,89,112,
7,90,129,
7,91,119,
7,94,135,
7,100,136,
7,107,47,
7,112,70,
7,113,85,
7,114,85,
7,116,24,
7,118,164,
7,120,43,
7,121,115,
7,138,22,
7,138,61,
7,140,25,
7,147,95,
7,150,82,
7,157,81,
7,158,145,
7,159,42,
7,160,126,
7,160,167,
7,162,157,
7,169,190,
7,171,172,
7,179,134,
7,181,161,
7,182,5,
7,188,147,
7,189,157,
7,190,14,
7,196,190,
8,6,76,
8,10,53,
8,17,183,
8,20,92,
8,29,73,
8,30,176,
8,41,58,
8,46,195,
8,62,115,
8,81,199,
8,82,184,
8,83,116,
8,86,55,
8,89,69,
8,89,107,
8,91,126,
8,97,39,
8,100,106,
8,118,112,
8,123,196,
8,129,172,
8,148,120,
8,150,45,
8,153,123,
8,161,83,
8,164,150,
8,177,50,
8,183,21,
8,188,116,
8,191,117,
8,192,78,
8,193,32,
8,197,195,
9,1,115,
9,2,41,
9,3,13,
9,4,1,
9,10,70,
9,18,139,
9,18,194,
9,25,106,
9,32,90,
9,33,147,
9,38,111,
9,38,124,
9,40,125,
9,42,86,
9,43,14,
9,50,108,
9,52,139,
9,56,11,
9,61,77,
9,68,18,
9,68,96,
9,70,155,
9,74,154,
9,78,159,
9,87,175,
9,88,142,
9,89,54,
9,99,100,
9,103,162,
9,109,110,
9,111,63,
9,120,184,
9,121,134,
9,124,95,
9,135,176,
9,143,69,
9,155,24,
9,161,1,
9,181,67,
10,4,18,
10,7,104,
10,19,72,
10,24,5,
10,24,128,
10,26,160,
10,33,118,
10,35,158,
10,41,107,
10,47,176,
10,51,198,
10,56,76,
10,56,190,
10,74,15,
10,78,92,
10,79,113,
10,83,199,
10,84,17,
10,86,27,
10,90,188,
10,100,82,
10,100,125,
10,101,85,
10,103,132,
10,106,171,
10,112,155,
10,116,191,
10,118,4,
10,131,15,
10,139,96,
10,142,66,
10,146,14,
10,152,91,
10,165,35,
10,177,27,
10,179,122,
10,180,155,
10,196,113,
10,199,78,
11,3,137,
11,28,164,
11,33,60,
11,40,132,
11,57,43,
11,63,39,
11,69,78,
11,88,52,
11,94,193,
11,113,93,
11,115,4,
11,116,96,
11,119,182,
11,144,77,
11,145,163,
11,147,165,
11,152,70,
11,183,149,
11,184,145,
11,187,116,
12,1,158,
12,5,60,
12,16,2,
12,19,155,
12,23,31,
12,31,184,
12,32,148,
12,39,195,
12,43,12,
12,43,186,
12,48,2,
12,51,134,
12,56,82,
12,61,34,
12,63,127,
12,66,106,
12,68,171,
12,69,197,
12,72,191,
12,73,21,
12,90,195,
12,102,13,
12,115,177,
12,116,138,
12,120,28,
12,130,150,
12,140,162,
12,151,95,
12,155,0,
12,158,85,
12,164,89,
12,166,110,
12,172,98,
12,182,108,
12,183,87,
12,183,117,
12,189,27,
12,193,117,
12,197,52,
13,0,38,
13,17,186,
13,28,121,
13,30,125,
13,35,132,
13,37,160,
13,40,194,
13,45,164,
13,48,76,
13,52,156,
13,54,79,
13,56,79,
13,57,93,
13,60,118,
13,63,114,
13,72,139,
13,79,126,
13,87,174,
13,88,165,
13,96,22,
13,117,181,
13,118,98,
13,121,199,
13,124,25,
13,126,16,
13,127,91,
13,128,8,
13,128,155,
13,134,89,
13,144,182,
13,147,14,
13,153,36,
13,154,65,
13,158,140,
13,173,142,
13,179,194,
13,191,192,
13,197,19,
14,1,128,
14,15,8,
14,18,109,
14,25,6,
14,25,17,
14,36,157,
14,40,31,
14,43,191,
14,67,83,
14,88,49,
14,96,8,
14,100,61,
14,121,66,
14,152,74,
14,159,18,
14,166,132,
14,168,134,
14,171,170,
14,177,64,
14,179,126,
14,180,193,
14,186,65,
14,192,58,
14,192,144,
14,198,155,
15,5,141,
15,7,181,
15,21,43,
15,23,134,
15,25,167,
15,36,116,
15,39,182,
15,44,79,
15,44,189,
15,46,60,
15,51,186,
15,53,103,
15,60,137,
15,70,58,
15,75,149,
15,75,159,
15,79,60,
15,79,106,
15,87,181,
15,100,165,
15,102,106,
15,104,198,
15,105,83,
15,107,95,
15,111,67,
15,115,144,
15,120,23,
15,124,181,
15,130,16,
15,133,140,
15,137,133,
15,146,156,
15,150,131,
15,155,32,
15,159,21,
15,159,152,
15,166,183,
15,170,194,
15,183,33,
15,184,38,
15,188,108,
16,2,122,
16,4,99,
16,9,51,
16,10,143,
16,17,41,
16,35,128,
16,46,147,
16,48,29,
16,50,159,
16,67,145,
16,71,103,
16,78,87,
16,81,8,
16,83,19,
16,86,81,
16,93,138,
16,93,163,
16,95,171,
16,97,11,
16,97,138,
16,97,148,
16,102,120,
16,109,193,
16,125,130,
16,126,123,
16,129,40,
16,130,63,
16,136,156,
16,136,183,
16,141,95,
16,141,139,
16,153,145,
16,156,65,
16,162,71,
16,164,173,
16,177,63,
16,187,81,
16,188,192,
16,190,60,
16,194,120,
17,9,0,
17,24,55,
17,37,92,
17,39,18,
17,40,111,
17,43,169,
17,53,172,
17,66,138,
17,76,104,
17,79,138,
17,80,81,
17,83,148,
17,90,74,
17,92,174,
17,106,158,
17,126,165,
17,127,105,
17,130,122,
17,131,153,
17,132,50,
17,136,12,
17,137,50,
17,144,159,
17,157,40,
17,161,153,
17,164,31,
17,169,29,
17,172,98,
17,176,115,
17,190,9,
17,197,189,
17,199,165,
18,0,138,
18,4,57,
18,4,158,
18,6,165,
18,10,54,
18,14,175,
18,38,81,
18,47,33,
18,57,153,
18,67,93,
18,73,175,
18,75,85,
18,76,147,
18,76,194,
18,78,182,
18,105,55,
18,108,82,
18,122,194,
18,125,49,
18,136,59,
18,139,37,
18,149,11,
18,151,169,
18,159,105,
18,162,44,
18,164,188,
18,171,48,
18,172,37,
18,173,137,
18,177,20,
18,180,148,
18,181,32,
18,190,9,
18,192,18,
18,194,62,
18,199,124,
18,199,197,
19,4,189,
19,9,183,
19,23,186,
19,55,20,
19,56,199,
19,62,50,
19,63,154,
19,71,12,
19,73,151,
19,85,196,
19,92,79,
19,92,91,
19,94,9,
19,95,186,
19,111,106,
19,112,25,
19,114,168,
19,115,176,
19,126,45,
19,126,131,
19,128,24,
19,134,193,
19,135,38,
19,136,103,
19,144,136,
19,148,170,
19,151,29,
19,152,83,
19,152,93,
19,155,163,
19,163,2,
19,163,107,
19,168,57,
19,172,117,
19,185,12,
19,185,96,
19,188,196,
19,191,107,
19,195,12,
19,195,54,
20,7,84,
20,8,167,
20,12,71,
20,12,131,
20,13,86,
20,16,9,
20,19,162,
20,26,180,
20,30,177,
20,31,152,
20,33,5,
20,37,15,
20,37,182,
20,40,128,
20,42,110,
20,48,156,
20,56,0,
20,83,112,
20,87,127,
20,89,181,
20,96,125,
20,99,151,
20,108,120,
20,120,62,
20,125,28,
20,132,72,
20,133,113,
20,149,96,
20,153,165,
20,154,99,
20,167,112,
20,168,56,
20,174,199,
20,181,7,
20,181,196,
20,185,70,
20,186,51,
20,198,14,
21,0,93,
21,1,60,
21,10,174,
21,11,2,
21,16,68,
21,21,144,
21,26,126,
21,33,32,
21,41,141,
21,42,12,
21,48,137,
21,49,33,
21,49,175,
21,50,175,
21,51,60,
21,53,139,
21,63,55,
21,73,199,
21,74,68,
21,76,37,
21,82,20,
21,84,123,
21,110,146,
21,114,150,
21,116,73,
21,121,104,
21,125,153,
21,130,94,
21,139,178,
21,149,77,
21,154,198,
21,162,57,
21,163,192,
21,164,50,
21,168,148,
21,177,112,
21,186,155,
21,193,76,
21,193,103,
21,199,144,
22,3,113,
22,5,122,
22,16,158,
22,17,130,
22,29,117,
22,38,51,
22,40,50,
22,63,119,
22,64,198,
22,68,196,
22,69,24,
22,81,115,
22,81,181,
22,83,122,
22,98,123,
22,98,183,
22,103,142,
22,115,107,
22,118,155,
22,119,19,
22,122,175,
22,130,71,
22,132,166,
22,136,134,
22,139,28,
22,140,84,
22,146,41,
22,147,149,
22,148,103,
22,164,171,
22,178,2,
22,189,58,
22,189,103,
22,194,65,
22,196,64,
22,196,103,
22,199,27,
23,4,131,
23,4,184,
23,5,9,
23,44,153,
23,52,7,
23,56,150,
23,60,158,
23,76,52,
23,86,87,
23,95,46,
23,97,50,
23,100,141,
23,110,165,
23,121,176,
23,125,198,
23,128,34,
23,131,17,
23,131,84,
23,141,169,
23,144,108,
23,157,50,
23,158,157,
23,158,192,
23,164,100,
23,164,145,
23,165,46,
23,183,102,
23,190,149,
23,194,120,
23,195,103,
24,5,196,
24,14,93,
24,16,7,
24,18,183,
24,28,62,
24,38,147,
24,41,139,
24,51,50,
24,53,113,
24,57,91,
24,67,79,
24,70,5,
24,75,118,
24,92,139,
24,105,130,
24,106,109,
24,133,127,
24,133,158,
24,151,15,
24,151,137,
24,159,99,
24,159,115,
24,162,83,
24,172,63,
24,173,70,
24,178,110,
24,179,52,
24,184,139,
25,0,45,
25,2,159,
25,5,87,
25,6,55,
25,8,60,
25,15,30,
25,19,82,
25,22,52,
25,29,41,
25,35,81,
25,38,143,
25,39,50,
25,42,17,
25,46,139,
25,51,88,
25,53,72,
25,67,104,
25,69,109,
25,73,61,
25,76,33,
25,90,90,
25,99,150,
25,102,115,
25,104,46,
25,110,139,
25,113,154,
25,115,189,
25,123,0,
25,123,100,
25,125,17,
25,130,65,
25,131,108,
25,141,126,
25,157,88,
25,160,49,
25,165,109,
25,166,16,
25,175,91,
25,177,196,
25,184,8,
25,193,146,
25,196,120,
26,5,42,
26,6,110,
26,9,75,
26,14,74,
26,15,82,
26,23,91,
26,26,41,
26,27,14,
26,29,98,
26,30,52,
26,31,90,
26,44,146,
26,52,165,
26,64,148,
26,75,175,
26,77,36,
26,90,54,
26,93,129,
26,98,64,
26,104,163,
26,110,198,
26,117,177,
26,120,161,
26,123,175,
26,126,37,
26,134,191,
26,146,59,
26,166,53,
26,175,77,
26,184,9,
26,193,173,
27,2,127,
27,4,164,
27,6,163,
27,10,4,
27,19,152,
27,23,25,
27,23,95,
27,27,49,
27,37,181,
27,38,111,
27,47,188,
27,53,131,
27,63,5,
27,64,53,
27,65,144,
27,68,65,
27,83,162,
27,90,97,
27,95,53,
27,95,56,
27,101,25,
27,102,148,
27,111,116,
27,115,53,
27,126,139,
27,136,160,
27,142,10,
27,147,188,
27,148,53,
27,150,184,
27,157,104,
27,158,58,
27,164,188,
27,187,6,
27,191,115,
27,195,54,
27,198,91,
28,11,47,
28,11,119,
28,14,5,
28,17,113,
28,18,24,
28,21,136,
28,25,134,
28,25,168,
28,31,169,
28,33,40,
28,34,4,
28,43,186,
28,46,87,
28,48,147,
28,51,162,
28,52,59,
28,57,55,
28,60,197,
28,69,9,
28,69,58,
28,71,129,
28,78,125,
28,89,3,
28,101,128,
28,104,46,
28,127,58,
28,134,185,
28,137,40,
28,140,4,
28,161,48,
28,167,155,
28,182,100,
28,182,149,
28,183,97,
28,188,109,
28,189,195,
28,197,44,
28,199,13,
29,3,78,
29,4,15,
29,8,60,
29,9,105,
29,11,192,
29,12,51,
29,12,75,
29,13,17,
29,13,153,
29,14,76,
29,16,66,
29,21,111,
29,24,179,
29,27,16,
29,37,14,
29,47,134,
29,57,156,
29,58,64,
29,72,17,
29,76,198,
29,77,37,
29,82,176,
29,93,128,
29,99,107,
29,100,179,
29,102,189,
29,104,46,
29,104,95,
29,106,181,
29,107,113,
29,123,27,
29,123,97,
29,124,35,
29,131,34,
29,133,171,
29,134,128,
29,151,121,
29,154,1,
29,163,41,
29,192,127,
30,2,152,
30,3,84,
30,3,117,
30,8,72,
30,10,117,
30,32,44,
30,37,4,
30,41,15,
30,42,182,
30,50,23,
30,56,136,
30,61,125,
30,68,51,
30,70,115,
30,83,119,
30,84,82,
30,89,60,
30,97,160,
30,100,136,
30,105,177,
30,109,70,
30,113,81,
30,119,101,
30,121,194,
30,122,199,
30,128,112,
30,129,198,
30,130,116,
30,140,57,
30,140,175,
30,149,87,
30,158,186,
30,165,22,
30,169,114,
30,172,124,
30,180,62,
30,190,26,
30,192,4,
30,193,1,
31,3,47,
31,7,145,
31,11,89,
31,22,149,
31,30,184,
31,30,188,
31,39,123,
31,44,78,
31,44,89,
31,54,76,
31,58,143,
31,59,143,
31,62,100,
31,63,37,
31,70,72,
31,72,80,
31,72,128,
31,74,20,
31,77,106,
31,90,23,
31,94,166,
31,96,37,
31,102,71,
31,103,164,
31,103,199,
31,104,45,
31,105,55,
31,112,7,
31,117,7,
31,126,159,
31,136,193,
31,173,138,
31,176,184,
31,178,60,
31,179,93,
31,179,95,
31,194,80,
31,196,80,
32,2,53,
32,16,190,
32,21,80,
32,33,5,
32,35,73,
32,39,159,
32,42,3,
32,46,110,
32,53,9,
32,60,193,
32,64,49,
32,70,104,
32,78,100,
32,81,45,
32,85,199,
32,94,52,
32,96,51,
32,96,176,
32,123,182,
32,124,20,
32,128,58,
32,131,94,
32,147,13,
32,149,60,
32,149,85,
32,150,117,
32,160,7,
32,163,4,
32,180,48,
32,194,60,
32,198,53,
32,198,103,
33,1,25,
33,13,112,
33,20,178,
33,30,14,
33,37,75,
33,38,123,
33,43,47,
33,46,131,
33,49,144,
33,52,2,
33,53,139,
33,55,81,
33,76,179,
33,81,46,
33,81,60,
33,100,18,
33,112,167,
33,115,33,
33,122,111,
33,125,9,
33,125,93,
33,127,61,
33,133,119,
33,136,23,
33,137,153,
33,139,121,
33,147,191,
33,149,193,
33,154,11,
33,161,74,
33,161,154,
33,174,50,
33,177,40,
33,186,98,
33,191,165,
33,191,172,
33,194,155,
33,198,93,
34,1,26,
34,10,178,
34,16,93,
34,20,163,
34,25,144,
34,25,162,
34,31,151,
34,36,123,
34,39,39,
34,42,127,
34,56,79,
34,68,158,
34,73,31,
34,81,79,
34,82,42,
34,82,165,
34,86,9,
34,86,143,
34,95,73,
34,98,84,
34,101,67,
34,119,196,
34,125,75,
34,125,98,
34,128,39,
34,128,182,
34,132,151,
34,139,158,
34,143,144,
34,146,117,
34,154,161,
34,167,86,
34,171,150,
34,173,65,
34,174,112,
34,177,151,
34,178,57,
34,180,76,
34,187,112,
34,189,80,
34,189,191,
35,0,68,
35,3,52,
35,4,149,
35,10,93,
35,13,142,
35,16,92,
35,17,173,
35,26,84,
35,26,189,
35,28,149,
35,31,178,
35,37,181,
35,41,10,
35,41,37,
35,45,82,
35,49,156,
35,64,176,
35,67,42,
35,69,187,
35,71,26,
35,75,5,
35,75,89,
35,76,91,
35,97,110,
35,99,27,
35,118,157,
35,130,137,
35,140,9,
35,144,27,
35,145,138,
35,145,184,
35,148,67,
35,155,118,
35,156,0,
35,160,188,
35,161,64,
35,172,132,
35,176,84,
35,193,51,
35,195,134,
35,199,54,
36,0,190,
36,4,23,
36,5,58,
36,5,67,
36,10,150,
36,13,0,
36,23,157,
36,24,117,
36,29,7,
36,31,119,
36,34,94,
36,34,176,
36,38,108,
36,51,108,
36,57,153,
36,59,112,
36,60,77,
36,60,113,
36,83,13,
36,90,0,
36,92,101,
36,99,152,
36,113,178,
36,122,75,
36,125,29,
36,125,106,
36,132,8,
36,133,122,
36,141,5,
36,149,194,
36,163,69,
36,166,40,
36,168,43,
36,174,67,
36,175,37,
36,177,191,
36,184,86,
36,184,123,
36,185,41,
36,185,59,
36,194,36,
37,1,62,
37,3,136,
37,8,58,
37,17,175,
37,19,2,
37,20,63,
37,27,108,
37,35,45,
37,35,100,
37,40,182,
37,51,29,
37,59,167,
37,63,101,
37,65,160,
37,87,140,
37,93,41,
37,96,61,
37,104,41,
37,104,47,
37,104,73,
37,112,93,
37,114,131,
37,119,185,
37,133,78,
37,139,113,
37,141,169,
37,143,109,
37,144,41,
37,149,48,
37,152,183,
37,157,132,
37,159,194,
37,162,185,
37,163,117,
37,171,182,
37,179,33,
37,181,64,
37,184,45,
37,189,43,
37,189,74,
37,191,136,
37,196,58,
37,197,5,
37,197,69,
37,199,28,
38,8,151,
38,13,77,
38,18,55,
38,18,121,
38,21,8,
38,38,138,
38,38,141,
38,39,154,
38,45,152,
38,49,198,
38,54,73,
38,68,150,
38,71,11,
38,76,150,
38,83,9,
38,85,82,
38,86,146,
38,92,54,
38,92,66,
38,96,27,
38,96,191,
38,97,49,
38,109,38,
38,113,38,
38,115,196,
38,130,173,
38,131,33,
38,131,85,
38,145,114,
38,150,170,
38,156,159,
38,159,175,
38,185,76,
38,185,161,
38,187,179,
38,189,11,
38,191,24,
38,195,61,
39,1,99,
39,6,116,
39,9,198,
39,14,34,
39,18,127,
39,26,151,
39,30,188,
39,38,51,
39,48,177,
39,57,62,
39,59,197,
39,72,75,
39,72,79,
39,109,166,
39,114,185,
39,115,77,
39,123,183,
39,132,160,
39,139,95,
39,149,127,
39,153,93,
39,176,188,
39,178,82,
39,180,27,
39,180,62,
39,182,168,
39,185,22,
39,188,18,
39,189,48,
39,190,136,
40,2,188,
40,6,110,
40,6,131,
40,11,158,
40,13,90,
40,15,69,
40,16,77,
40,18,156,
40,19,173,
40,32,78,
40,35,33,
40,45,4,
40,55,32,
40,59,136,
40,72,115,
40,78,87,
40,83,32,
40,83,93,
40,83,152,
40,84,6,
40,88,173,
40,94,184,
40,98,149,
40,107,126,
40,114,163,
40,115,174,
40,117,53,
40,126,25,
40,129,158,
40,142,104,
40,145,51,
40,149,168,
40,151,125,
40,151,164,
40,156,137,
40,159,97,
40,160,87,
40,165,124,
40,174,52,
40,175,126,
40,176,71,
40,179,40,
40,179,133,
40,182,106,
40,190,126,
40,193,79,
40,197,126,
40,198,189,
41,2,68,
41,3,90,
41,8,107,
41,19,174,
41,22,40,
41,26,126,
41,27,68,
41,28,110,
41,32,36,
41,34,152,
41,38,11,
41,38,82,
41,41,197,
41,46,119,
41,52,156,
41,56,88,
41,56,139,
41,58,18,
41,62,167,
41,64,149,
41,69,153,
41,70,194,
41,74,49,
41,75,172,
41,77,26,
41,80,18,
41,84,160,
41,91,182,
41,94,185,
41,96,75,
41,101,68,
41,118,195,
41,135,66,
41,140,161,
41,141,135,
41,145,64,
41,159,146,
41,160,165,
41,162,118,
41,169,5,
41,170,26,
41,174,72,
41,177,16,
41,185,192,
41,193,180,
41,195,103,
42,1,61,
42,1,127,
42,2,58,
42,2,67,
42,4,135,
42,5,194,
42,11,35,
42,16,94,
42,17,132,
42,18,67,
42,25,138,
42,28,125,
42,34,135,
42,34,162,
42,36,78,
42,40,143,
42,56,62,
42,73,93,
42,77,63,
42,77,176,
42,83,46,
42,89,145,
42,109,88,
42,117,153,
42,120,67,
42,122,49,
42,130,154,
42,134,80,
42,135,120,
42,137,10,
42,138,10,
42,138,16,
42,143,24,
42,143,113,
42,148,117,
42,148,168,
42,158,175,
42,164,36,
42,166,24,
42,182,42,
42,185,14,
42,188,154,
42,191,130,
42,199,28,
43,3,50,
43,4,5,
43,7,136,
43,10,17,
43,10,150,
43,18,197,
43,19,33,
43,23,161,
43,24,112,
43,33,99,
43,35,189,
43,36,120,
43,39,180,
43,58,41,
43,65,43,
43,65,72,
43,74,139,
43,80,53,
43,81,150,
43,91,89,
43,94,65,
43,95,97,
43,112,112,
43,113,99,
43,120,14,
43,123,96,
43,123,137,
43,125,24,
43,132,10,
43,134,112,
43,136,118,
43,137,88,
43,137,188,
43,146,81,
43,147,4,
43,148,156,
43,150,46,
43,152,65,
43,155,145,
43,161,16,
43,164,183,
43,168,149,
43,174,159,
43,182,50,
43,189,11,
43,196,9,
43,197,68,
44,1,34,
44,7,133,
44,26,174,
44,38,73,
44,39,36,
44,47,44,
44,66,116,
44,69,192,
44,74,60,
44,75,106,
44,76,92,
44,80,59,
44,89,58,
44,92,26,
44,97,166,
44,109,75,
44,112,29,
44,116,30,
44,120,24,
44,121,180,
44,124,165,
44,125,102,
44,131,52,
44,131,83,
44,138,166,
44,144,122,
44,145,172,
44,149,164,
44,155,94,
44,156,149,
44,159,186,
44,164,162,
44,165,60,
44,166,140,
44,167,188,
44,182,10,
44,184,124,
44,187,54,
44,189,173,
45,10,73,
45,14,161,
45,18,99,
45,19,23,
45,20,112,
45,22,41,
45,24,140,
45,27,29,
45,30,13,
45,30,140,
45,33,16,
45,38,97,
45,44,55,
45,44,58,
45,46,196,
45,47,5,
45,52,162,
45,56,32,
45,60,8,
45,63,26,
45,66,66,
45,81,69,
45,84,68,
45,97,85,
45,105,136,
45,106,120,
45,114,40,
45,118,12,
45,120,36,
45,121,39,
45,121,162,
45,122,144,
45,123,24,
45,124,132,
45,127,52,
45,134,0,
45,139,85,
45,144,145,
45,148,96,
45,153,118,
45,154,158,
45,160,24,
45,160,48,
45,160,151,
45,162,57,
45,162,166,
45,176,156,
45,179,164,
45,182,12,
46,0,29,
46,9,133,
46,16,108,
46,18,2,
46,18,123,
46,19,32,
46,19,57,
46,19,147,
46,26,82,
46,37,40,
46,41,156,
46,44,178,
46,56,83,
46,74,38,
46,77,109,
46,81,106,
46,84,187,
46,85,178,
46,88,118,
46,98,164,
46,104,71,
46,109,15,
46,114,56,
46,126,164,
46,129,125,
46,134,98,
46,137,51,
46,143,135,
46,149,105,
46,151,145,
46,158,83,
46,160,53,
46,160,91,
46,166,141,
46,176,103,
46,183,14,
46,189,194,
46,196,45,
47,20,8,
47,20,140,
47,22,169,
47,34,160,
47,45,108,
47,46,59,
47,62,21,
47,64,130,
47,69,183,
47,69,199,
47,74,140,
47,76,147,
47,79,137,
47,94,90,
47,95,74,
47,97,100,
47,98,175,
47,105,60,
47,111,0,
47,112,143,
47,116,177,
47,119,138,
47,122,193,
47,127,104,
47,136,179,
47,142,112,
47,143,0,
47,145,175,
47,149,102,
47,154,162,
47,156,176,
47,162,135,
47,164,159,
47,170,134,
47,171,3,
47,184,48,
47,188,125,
48,1,107,
48,14,9,
48,16,170,
48,21,35,
48,21,119,
48,22,133,
48,24,195,
48,26,156,
48,29,42,
48,40,174,
48,45,149,
48,46,6,
48,53,114,
48,60,18,
48,73,143,
48,76,13,
48,77,152,
48,81,159,
48,85,14,
48,92,174,
48,95,16,
48,96,159,
48,113,141,
48,124,55,
48,126,110,
48,144,123,
48,147,157,
48,149,104,
48,160,125,
48,160,148,
48,162,48,
48,165,162,
48,171,32,
48,171,115,
48,173,37,
48,179,9,
48,194,30,
49,16,16,
49,19,194,
49,45,32,
49,56,129,
49,68,180,
49,70,2,
49,72,85,
49,72,174,
49,73,144,
49,77,22,
49,83,15,
49,90,39,
49,100,76,
49,104,38,
49,111,184,
49,117,20,
49,117,173,
49,123,183,
49,131,110,
49,132,140,
49,133,142,
49,137,150,
49,145,20,
49,149,122,
49,154,65,
49,155,92,
49,159,65,
49,166,157,
49,175,85,
49,184,185,
49,187,177,
50,10,83,
50,15,67,
50,19,52,
50,21,26,
50,23,15,
50,29,100,
50,38,22,
50,47,100,
50,48,126,
50,52,95,
50,56,61,
50,61,50,
50,70,129,
50,72,77,
50,85,91,
50,89,26,
50,91,82,
50,92,149,
50,110,72,
50,114,3,
50,130,60,
50,133,175,
50,137,170,
50,140,171,
50,147,126,
50,151,171,
50,157,62,
50,172,139,
50,194,20,
50,194,75,
50,195,153,
50,195,184,
51,2,165,
51,11,148,
51,12,173,
51,15,36,
51,17,32,
51,18,57,
51,18,123,
51,22,86,
51,27,130,
51,27,161,
51,35,162,
51,44,67,
51,46,135,
51,47,4,
51,65,50,
51,68,142,
51,70,131,
51,75,136,
51,88,51,
51,93,28,
51,95,168,
51,108,18,
51,113,108,
51,116,19,
51,137,167,
51,138,155,
51,154,13,
51,155,96,
51,157,152,
51,160,56,
51,168,192,
51,177,60,
51,181,167,
51,183,170,
51,193,8,
52,8,183,
52,15,93,
52,23,129,
52,34,167,
52,37,52,
52,37,73,
52,37,181,
52,42,108,
52,49,77,
52,51,40,
52,53,160,
52,57,135,
52,57,143,
52,58,188,
52,59,147,
52,63,26,
52,71,148,
52,76,97,
52,80,29,
52,87,45,
52,89,128,
52,90,195,
52,94,81,
52,94,99,
52,96,76,
52,102,13,
52,105,106,
52,111,125,
52,114,64,
52,117,93,
52,118,137,
52,126,192,
52,132,101,
52,132,136,
52,134,143,
52,135,136,
52,139,115,
52,142,144,
52,144,34,
52,148,1,
52,148,34,
52,148,75,
52,149,118,
52,153,25,
52,156,161,
52,160,32,
52,162,135,
52,165,87,
52,168,105,
52,175,143,
52,178,151,
52,180,176,
52,183,135,
52,193,164,
52,194,0,
52,195,59,
52,195,126,
52,199,56,
53,6,66,
53,7,114,
53,23,59,
53,28,42,
53,28,76,
53,29,92,
53,31,173,
53,39,112,
53,40,163,
53,47,121,
53,49,60,
53,50,59,
53,50,146,
53,53,149,
53,58,166,
53,65,153,
53,74,170,
53,75,139,
53,77,119,
53,78,76,
53,80,157,
53,82,78,
53,84,132,
53,91,151,
53,96,134,
53,105,135,
53,105,196,
53,108,126,
53,119,83,
53,129,122,
53,138,70,
53,139,111,
53,139,177,
53,148,151,
53,148,177,
53,152,133,
53,154,64,
53,167,52,
53,169,94,
53,176,177,
53,187,81,
53,195,38,
54,12,199,
54,17,96,
54,29,188,
54,31,74,
54,37,106,
54,38,14,
54,48,184,
54,53,88,
54,54,7,
54,63,123,
54,65,16,
54,70,118,
54,73,135,
54,78,13,
54,80,187,
54,89,145,
54,89,149,
54,95,111,
54,96,139,
54,100,79,
54,104,61,
54,113,183,
54,118,183,
54,122,187,
54,127,108,
54,129,94,
54,133,186,
54,140,54,
54,142,81,
54,145,185,
54,147,31,
54,148,4,
54,166,107,
54,171,51,
54,174,176,
54,177,155,
54,179,186,
54,182,180,
54,184,110,
54,187,25,
54,189,163,
55,0,57,
55,4,174,
55,20,119,
55,20,185,
55,21,55,
55,23,171,
55,33,186,
55,36,27,
55,57,67,
55,60,56,
55,68,149,
55,76,22,
55,84,101,
55,86,10,
55,101,142,
55,101,177,
55,102,33,
55,106,135,
55,112,50,
55,136,110,
55,138,141,
55,143,84,
55,147,179,
55,148,3,
55,160,115,
55,167,45,
55,169,168,
55,171,138,
55,173,74,
55,180,22,
55,181,156,
55,184,194,
55,185,149,
55,186,172,
55,190,37,
55,191,137,
55,195,112,
56,1,90,
56,2,21,
56,3,188,
56,24,174,
56,30,101,
56,35,85,
56,36,137,
56,38,118,
56,39,11,
56,53,105,
56,54,18,
56,55,53,
56,56,171,
56,64,51,
56,72,70,
56,72,75,
56,87,53,
56,90,1,
56,95,101,
56,108,116,
56,114,77,
56,115,147,
56,117,100,
56,128,46,
56,135,106,
56,139,75,
56,140,17,
56,144,44,
56,150,76,
56,156,85,
56,160,16,
56,177,80,
56,178,178,
56,182,137,
56,188,64,
56,192,190,
57,0,17,
57,2,150,
57,13,138,
57,15,135,
57,18,175,
57,24,137,
57,27,152,
57,35,85,
57,35,127,
57,41,182,
57,48,131,
57,48,139,
57,52,73,
57,54,16,
57,62,74,
57,62,170,
57,66,67,
57,74,184,
57,75,106,
57,83,64,
57,87,86,
57,93,62,
57,94,127,
57,99,64,
57,101,54,
57,105,26,
57,105,169,
57,107,17,
57,115,77,
57,122,7,
57,135,17,
57,138,8,
57,149,114,
57,153,108,
57,153,126,
57,156,3,
57,156,64,
57,161,55,
57,168,17,
57,174,176,
57,176,18,
57,176,54,
57,186,162,
57,188,188,
57,193,197,
57,194,50,
57,197,147,
58,1,67,
58,14,145,
58,19,48,
58,26,144,
58,38,80,
58,40,114,
58,42,159,
58,46,14,
58,49,88,
58,53,13,
58,54,183,
58,58,87,
58,60,47,
58,62,22,
58,64,105,
58,66,181,
58,75,174,
58,77,188,
58,83,164,
58,91,175,
58,91,178,
58,92,182,
58,94,83,
58,94,87,
58,96,154,
58,97,126,
58,115,141,
58,116,45,
58,118,23,
58,120,18,
58,120,72,
58,124,161,
58,125,20,
58,129,138,
58,133,52,
58,135,14,
58,150,173,
58,151,120,
58,154,94,
58,166,106,
58,171,58,
58,171,115,
58,181,55,
58,186,96,
59,5,133,
59,9,153,
59,10,140,
59,14,45,
59,21,29,
59,28,4,
59,29,6,
59,35,106,
59,72,94,
59,73,197,
59,79,122,
59,82,151,
59,83,16,
59,84,66,
59,96,86,
59,98,67,
59,98,115,
59,107,4,
59,108,15,
59,111,140,
59,113,93,
59,117,53,
59,125,0,
59,125,102,
59,132,32,
59,143,129,
59,144,154,
59,147,24,
59,150,114,
59,159,4,
59,162,135,
59,163,87,
59,170,181,
59,186,132,
59,187,52,
59,189,27,
59,195,92,
60,0,43,
60,0,103,
60,1,29,
60,3,188,
60,6,10,
60,18,60,
60,21,15,
60,29,47,
60,53,142,
60,61,58,
60,62,58,
60,66,63,
60,72,183,
60,74,15,
60,77,145,
60,78,169,
60,92,82,
60,95,49,
60,95,164,
60,97,96,
60,102,122,
60,106,37,
60,107,64,
60,108,50,
60,112,47,
60,112,155,
60,116,100,
60,120,110,
60,133,103,
60,138,107,
60,147,50,
60,150,102,
60,152,42,
60,158,9,
60,170,15,
60,170,177,
60,171,120,
60,181,44,
60,184,52,
60,190,57,
60,190,126,
60,192,172,
60,196,133,
60,198,96,
61,5,189,
61,8,56,
61,10,178,
61,25,103,
61,26,20,
61,27,166,
61,33,40,
61,41,164,
61,58,144,
61,66,137,
61,74,169,
61,75,124,
61,76,189,
61,80,68,
61,96,42,
61,99,174,
61,107,189,
61,113,155,
61,115,58,
61,136,172,
61,138,70,
61,139,0,
61,150,14,
61,157,181,
61,161,95,
61,166,159,
61,169,178,
61,177,9,
61,183,3,
61,189,22,
61,194,13,
61,194,155,
61,194,191,
61,199,173,
61,199,199,
62,1,46,
62,22,117,
62,30,7,
62,31,181,
62,32,190,
62,33,133,
62,35,117,
62,37,141,
62,45,23,
62,49,158,
62,51,20,
62,53,185,
62,55,191,
62,61,81,
62,76,37,
62,76,92,
62,80,125,
62,82,9,
62,82,197,
62,85,170,
62,86,22,
62,97,127,
62,100,79,
62,104,118,
62,106,8,
62,106,55,
62,108,150,
62,113,28,
62,113,145,
62,115,86,
62,119,36,
62,123,49,
62,124,36,
62,131,16,
62,141,175,
62,148,22,
62,154,47,
62,158,82,
62,159,54,
62,164,143,
62,170,22,
62,172,37,
62,181,72,
62,187,111,
63,2,58,
63,15,196,
63,18,20,
63,18,36,
63,25,71,
63,33,25,
63,35,46,
63,40,8,
63,41,27,
63,43,97,
63,53,26,
63,54,166,
63,65,175,
63,71,73,
63,74,164,
63,76,83,
63,87,157,
63,92,105,
63,100,163,
63,117,30,
63,117,68,
63,117,113,
63,121,107,
63,125,128,
63,127,0,
63,137,127,
63,141,73,
63,148,28,
63,149,115,
63,159,52,
63,160,114,
63,166,147,
63,168,14,
63,170,128,
63,172,123,
63,176,152,
63,182,173,
63,184,124,
63,186,108,
63,187,122,
63,187,138,
63,188,138,
63,191,32,
63,191,120,
63,196,45,
63,196,50,
63,197,64,
64,1,173,
64,4,97,
64,8,103,
64,18,76,
64,20,193,
64,22,18,
64,39,155,
64,47,97,
64,49,33,
64,61,154,
64,64,77,
64,66,54,
64,72,12,
64,73,175,
64,80,142,
64,82,170,
64,84,71,
64,84,175,
64,88,72,
64,94,186,
64,96,151,
64,97,112,
64,100,153,
64,104,88,
64,104,117,
64,106,197,
64,110,168,
64,122,43,
64,122,75,
64,125,9,
64,136,142,
64,143,34,
64,154,69,
64,165,62,
64,167,78,
64,170,170,
64,171,98,
64,173,122,
64,181,34,
64,182,82,
64,184,101,
64,198,149,
65,2,109,
65,6,8,
65,20,164,
65,21,196,
65,31,53,
65,32,54,
65,34,190,
65,39,59,
65,41,105,
65,41,175,
65,47,38,
65,49,24,
65,49,84,
65,52,107,
65,58,146,
65,58,198,
65,59,155,
65,62,127,
65,65,116,
65,70,93,
65,74,120,
65,95,52,
65,98,103,
65,106,71,
65,107,5,
65,107,33,
65,121,105,
65,125,173,
65,128,3,
65,130,143,
65,135,25,
65,136,46,
65,144,92,
65,144,191,
65,145,76,
65,145,150,
65,153,132,
65,154,67,
65,155,165,
65,157,42,
65,158,128,
65,164,117,
65,174,90,
65,178,55,
65,181,131,
65,181,157,
65,184,8,
65,188,98,
65,190,119,
65,191,75,
66,5,103,
66,7,103,
66,8,70,
66,27,190,
66,29,43,
66,33,147,
66,34,69,
66,46,163,
66,52,56,
66,54,148,
66,55,20,
66,55,174,
66,77,198,
66,78,97,
66,83,90,
66,87,164,
66,89,17,
66,90,114,
66,99,58,
66,101,101,
66,104,21,
66,109,195,
66,111,59,
66,114,65,
66,114,116,
66,119,25,
66,128,80,
66,130,68,
66,130,175,
66,131,55,
66,136,144,
66,140,105,
66,143,39,
66,143,67,
66,145,167,
66,146,141,
66,147,74,
66,147,172,
66,150,149,
66,159,38,
66,160,105,
66,163,147,
66,166,79,
66,178,84,
66,184,35,
67,2,183,
67,4,17,
67,8,92,
67,12,123,
67,24,115,
67,25,39,
67,31,126,
67,32,7,
67,33,83,
67,33,120,
67,36,48,
67,36,64,
67,41,165,
67,43,196,
67,50,155,
67,67,58,
67,72,136,
67,73,176,
67,75,161,
67,83,9,
67,91,153,
67,101,146,
67,107,103,
67,111,72,
67,119,93,
67,125,35,
67,126,60,
67,130,23,
67,145,36,
67,151,136,
67,152,91,
67,153,174,
67,159,54,
67,165,64,
67,167,144,
67,171,189,
67,172,173,
67,181,146,
67,183,65,
67,183,150,
67,183,196,
67,185,77,
67,187,45,
67,188,192,
67,189,196,
67,190,15,
67,194,49,
68,13,54,
68,39,151,
68,41,42,
68,50,124,
68,52,195,
68,55,186,
68,60,171,
68,64,138,
68,64,166,
68,75,101,
68,76,42,
68,79,25,
68,80,173,
68,81,107,
68,83,48,
68,83,103,
68,84,142,
68,91,178,
68,95,96,
68,99,41,
68,100,121,
68,105,28,
68,124,83,
68,140,69,
68,140,160,
68,149,101,
68,151,168,
68,156,138,
68,156,158,
68,158,151,
68,160,176,
68,165,62,
68,167,60,
68,174,50,
68,186,176,
68,188,177,
68,189,59,
68,194,19,
68,196,32,
69,18,10,
69,22,139,
69,27,83,
69,36,1,
69,39,36,
69,52,49,
69,52,164,
69,53,179,
69,54,64,
69,61,1,
69,61,76,
69,62,81,
69,66,137,
69,66,178,
69,72,130,
69,74,108,
69,81,76,
69,82,129,
69,101,91,
69,107,126,
69,110,73,
69,115,29,
69,120,21,
69,121,139,
69,131,55,
69,131,168,
69,134,117,
69,137,186,
69,146,125,
69,149,183,
69,151,15,
69,156,53,
69,165,116,
69,182,94,
69,189,94,
69,192,192,
69,196,101,
69,196,186,
69,198,33,
70,4,128,
70,6,27,
70,8,1,
70,9,2,
70,9,44,
70,9,155,
70,13,177,
70,15,132,
70,18,66,
70,18,187,
70,26,91,
70,32,36,
70,34,25,
70,43,23,
70,45,24,
70,48,51,
70,65,86,
70,66,80,
70,68,0,
70,77,54,
70,77,125,
70,80,42,
70,87,67,
70,87,198,
70,91,8,
70,101,191,
70,103,97,
70,105,57,
70,105,184,
70,111,132,
70,114,115,
70,115,50,
70,116,73,
70,123,11,
70,123,127,
70,125,51,
70,127,9,
70,134,172,
70,145,126,
70,147,130,
70,149,10,
70,155,99,
70,159,115,
70,160,143,
70,161,24,
70,163,32,
70,169,192,
70,170,93,
70,170,114,
70,178,177,
70,178,181,
70,183,86,
70,184,150,
70,186,43,
70,186,118,
70,188,134,
70,194,2,
71,0,22,
71,8,192,
71,12,172,
71,15,69,
71,18,107,
71,30,20,
71,32,3,
71,37,169,
71,40,122,
71,44,168,
71,47,88,
71,51,146,
71,52,88,
71,52,193,
71,53,104,
71,62,47,
71,66,16,
71,69,184,
71,71,29,
71,77,125,
71,78,198,
71,83,8,
71,91,197,
71,118,28,
71,130,103,
71,135,17,
71,139,95,
71,146,184,
71,149,163,
71,154,134,
71,154,178,
71,156,70,
71,158,23,
71,160,158,
71,180,4,
71,189,51,
71,196,9,
72,5,98,
72,6,65,
72,17,136,
72,19,25,
72,20,61,
72,29,193,
72,33,73,
72,40,137,
72,42,80,
72,53,26,
72,55,42,
72,57,82,
72,60,121,
72,62,8,
72,68,136,
72,74,155,
72,83,77,
72,85,108,
72,90,96,
72,94,44,
72,95,187,
72,101,134,
72,111,194,
72,118,169,
72,119,161,
72,125,141,
72,158,161,
72,161,98,
72,165,62,
72,170,167,
72,174,175,
72,178,20,
72,185,189,
72,188,138,
72,191,71,
73,3,178,
73,12,123,
73,14,34,
73,14,62,
73,24,82,
73,31,31,
73,44,149,
73,52,184,
73,56,22,
73,58,13,
73,62,124,
73,71,37,
73,74,188,
73,79,29,
73,87,19,
73,102,28,
73,103,182,
73,104,197,
73,111,146,
73,123,179,
73,128,43,
73,129,128,
73,130,82,
73,132,45,
73,135,24,
73,138,54,
73,142,125,
73,142,178,
73,154,191,
73,162,35,
73,164,37,
73,168,95,
73,174,72,
73,178,9,
73,178,160,
73,181,76,
73,185,78,
73,190,36,
73,192,179,
73,193,147,
74,1,148,
74,1,149,
74,5,129,
74,6,145,
74,8,2,
74,17,161,
74,25,40,
74,25,154,
74,31,2,
74,33,163,
74,35,187,
74,52,4,
74,74,58,
74,78,153,
74,80,165,
74,82,49,
74,89,135,
74,91,155,
74,103,121,
74,104,3,
74,104,114,
74,104,193,
74,111,10,
74,114,135,
74,118,180,
74,124,79,
74,125,168,
74,129,109,
74,144,68,
74,150,195,
74,162,147,
74,164,141,
74,166,186,
74,170,171,
74,172,186,
74,178,99,
74,179,6,
74,184,104,
74,184,130,
74,187,190,
74,188,156,
74,192,193,
75,2,187,
75,9,131,
75,14,54,
75,14,181,
75,16,143,
75,21,17,
75,21,79,
75,23,89,
75,26,7,
75,39,39,
75,44,24,
75,47,160,
75,56,144,
75,59,77,
75,59,98,
75,64,134,
75,71,2,
75,73,104,
75,81,41,
75,87,111,
75,92,31,
75,92,115,
75,96,97,
75,97,167,
75,98,37,
75,102,38,
75,104,19,
75,104,123,
75,113,104,
75,117,93,
75,123,154,
75,132,45,
75,138,72,
75,140,156,
75,151,175,
75,153,126,
75,155,167,
75,156,93,
75,158,134,
75,163,38,
75,164,113,
75,168,41,
75,172,5,
75,176,103,
75,181,48,
75,195,198,
75,196,138,
76,0,97,
76,2,191,
76,5,39,
76,14,135,
76,17,183,
76,24,183,
76,26,125,
76,60,166,
76,65,99,
76,73,105,
76,82,72,
76,92,162,
76,105,166,
76,109,97,
76,113,115,
76,118,2,
76,120,92,
76,125,124,
76,131,45,
76,133,117,
76,138,9,
76,146,99,
76,148,165,
76,148,174,
76,149,199,
76,155,168,
76,163,194,
76,164,57,
76,165,186,
76,166,178,
76,170,58,
76,178,112,
77,2,157,
77,3,111,
77,6,119,
77,7,6,
77,14,49,
77,18,45,
77,24,21,
77,29,157,
77,36,52,
77,39,103,
77,46,50,
77,52,133,
77,62,197,
77,68,49,
77,73,108,
77,77,100,
77,82,57,
77,85,17,
77,89,125,
77,101,71,
77,102,173,
77,103,187,
77,105,181,
77,113,54,
77,119,190,
77,120,182,
77,122,193,
77,123,58,
77,127,104,
77,129,123,
77,129,168,
77,131,152,
77,132,140,
77,132,160,
77,164,117,
77,188,100,
77,197,32,
78,0,18,
78,1,150,
78,8,34,
78,13,32,
78,13,78,
78,27,184,
78,31,26,
78,38,177,
78,44,95,
78,47,2,
78,48,174,
78,58,62,
78,62,76,
78,67,136,
78,67,189,
78,69,65,
78,89,133,
78,105,90,
78,106,84,
78,110,92,
78,112,83,
78,112,94,
78,112,171,
78,118,103,
78,119,156,
78,126,23,
78,126,167,
78,127,107,
78,133,71,
78,133,111,
78,136,180,
78,138,184,
78,141,50,
78,144,30,
78,145,48,
78,145,52,
78,156,66,
78,163,69,
78,163,104,
78,177,133,
78,185,187,
78,187,92,
79,2,75,
79,30,150,
79,34,149,
79,34,192,
79,42,43,
79,61,109,
79,64,78,
79,65,197,
79,66,50,
79,74,144,
79,77,126,
79,83,160,
79,84,8,
79,85,0,
79,95,42,
79,97,198,
79,98,188,
79,99,131,
79,105,81,
79,110,4,
79,112,164,
79,124,108,
79,126,57,
79,128,144,
79,132,181,
79,133,121,
79,135,3,
79,141,43,
79,146,57,
79,149,16,
79,150,54,
79,150,124,
79,152,170,
79,155,18,
79,157,81,
79,165,108,
79,174,15,
79,175,169,
79,186,98,
79,190,91,
79,197,161,
80,0,8,
80,3,188,
80,9,134,
80,13,39,
80,13,193,
80,14,158,
80,15,159,
80,17,170,
80,27,15,
80,35,43,
80,40,42,
80,42,122,
80,46,53,
80,49,37,
80,57,13,
80,58,143,
80,60,96,
80,62,130,
80,66,44,
80,70,87,
80,79,75,
80,81,44,
80,94,18,
80,106,111,
80,108,168,
80,109,161,
80,114,29,
80,114,54,
80,118,81,
80,119,104,
80,122,37,
80,122,93,
80,126,124,
80,131,160,
80,138,71,
80,142,153,
80,146,182,
80,146,194,
80,157,46,
80,162,181,
80,167,45,
80,168,129,
80,174,144,
80,175,152,
80,176,11,
80,176,19,
80,181,69,
80,185,39,
80,185,73,
80,189,38,
80,190,102,
80,193,49,
80,194,93,
80,197,104,
81,3,114,
81,4,36,
81,8,173,
81,9,163,
81,14,64,
81,15,151,
81,16,160,
81,24,14,
81,24,124,
81,35,106,
81,36,95,
81,39,188,
81,45,109,
81,48,75,
81,59,22,
81,67,183,
81,76,16,
81,76,115,
81,105,123,
81,106,79,
81,107,120,
81,108,190,
81,118,111,
81,119,153,
81,121,144,
81,121,198,
81,122,11,
81,131,192,
81,136,143,
81,143,155,
81,144,157,
81,152,113,
81,155,21,
81,156,182,
81,164,196,
81,165,189,
81,176,17,
81,179,20,
81,183,71,
81,192,75,
81,198,2,
82,8,131,
82,8,186,
82,10,171,
82,12,118,
82,20,50,
82,22,81,
82,24,117,
82,25,82,
82,26,113,
82,28,60,
82,31,89,
82,34,22,
82,40,149,
82,45,111,
82,47,169,
82,56,132,
82,61,141,
82,63,73,
82,63,112,
82,96,15,
82,101,73,
82,102,180,
82,104,197,
82,105,38,
82,107,179,
82,110,159,
82,119,93,
82,124,112,
82,126,46,
82,132,196,
82,143,170,
82,155,154,
82,160,70,
82,163,22,
82,175,145,
82,196,36,
82,198,146,
83,2,53,
83,23,102,
83,36,197,
83,48,107,
83,52,50,
83,62,85,
83,63,149,
83,66,107,
83,68,39,
83,86,149,
83,93,9,
83,100,180,
83,111,70,
83,114,152,
83,125,55,
83,128,31,
83,133,21,
83,135,146,
83,161,127,
83,165,63,
83,168,24,
83,171,27,
83,177,55,
83,183,185,
83,185,54,
83,187,186,
83,196,165,
83,196,179,
84,6,180,
84,8,184,
84,9,127,
84,24,116,
84,25,82,
84,28,169,
84,36,85,
84,38,146,
84,44,63,
84,49,195,
84,51,47,
84,54,52,
84,56,182,
84,63,15,
84,70,127,
84,73,137,
84,78,81,
84,84,26,
84,85,55,
84,89,26,
84,90,185,
84,92,162,
84,92,181,
84,106,10,
84,112,73,
84,124,23,
84,127,63,
84,130,117,
84,134,11,
84,145,197,
84,146,130,
84,148,184,
84,149,82,
84,151,0,
84,154,97,
84,172,35,
84,176,40,
84,176,194,
84,188,167,
84,192,192,
84,193,42,
84,197,67,
84,198,3,
85,33,46,
85,36,188,
85,44,39,
85,51,177,
85,54,64,
85,68,36,
85,68,89,
85,72,53,
85,77,90,
85,91,117,
85,94,76,
85,96,31,
85,101,130,
85,101,163,
85,106,157,
85,111,44,
85,111,130,
85,114,173,
85,118,135,
85,119,199,
85,128,18,
85,145,119,
85,146,33,
85,159,16,
85,159,136,
85,163,58,
85,174,124,
85,179,138,
85,182,189,
85,191,47,
85,195,158,
85,197,56,
86,9,150,
86,10,24,
86,18,81,
86,21,46,
86,23,64,
86,25,130,
86,28,12,
86,33,25,
86,37,117,
86,47,162,
86,53,1,
86,54,83,
86,64,35,
86,65,128,
86,75,31,
86,83,152,
86,84,140,
86,97,188,
86,107,19,
86,108,75,
86,109,198,
86,112,73,
86,115,32,
86,140,105,
86,161,43,
86,161,61,
86,161,62,
86,163,177,
86,171,100,
86,175,72,
86,177,9,
86,181,118,
86,183,110,
86,189,183,
86,196,43,
86,198,106,
87,1,8,
87,11,13,
87,12,34,
87,28,31,
87,28,107,
87,32,28,
87,33,147,
87,34,166,
87,38,4,
87,46,185,
87,47,41,
87,54,121,
87,55,45,
87,57,45,
87,67,184,
87,68,177,
87,70,137,
87,71,189,
87,74,103,
87,77,195,
87,86,43,
87,102,26,
87,104,163,
87,104,180,
87,110,141,
87,110,197,
87,111,85,
87,112,70,
87,115,188,
87,127,95,
87,128,11,
87,142,64,
87,145,71,
87,151,155,
87,156,10,
87,162,32,
87,164,150,
87,167,145,
87,172,48,
87,175,27,
87,177,170,
87,190,116,
87,195,143,
87,198,92,
88,3,74,
88,10,193,
88,11,189,
88,12,173,
88,20,147,
88,25,64,
88,42,134,
88,49,29,
88,52,90,
88,71,139,
88,76,104,
88,82,91,
88,91,183,
88,95,117,
88,97,130,
88,102,91,
88,110,13,
88,110,128,
88,114,150,
88,127,12,
88,130,161,
88,131,161,
88,131,181,
88,134,181,
88,137,124,
88,138,130,
88,139,72,
88,140,76,
88,142,49,
88,144,166,
88,145,148,
88,150,134,
88,160,53,
88,161,23,
88,165,142,
88,180,169,
88,182,32,
88,182,182,
88,184,20,
88,184,78,
89,1,129,
89,2,2,
89,9,159,
89,20,186,
89,21,166,
89,23,41,
89,23,109,
89,23,130,
89,23,164,
89,24,145,
89,27,47,
89,38,22,
89,42,138,
89,43,118,
89,52,148,
89,61,124,
89,73,133,
89,75,86,
89,88,169,
89,98,159,
89,101,57,
89,101,112,
89,102,71,
89,113,31,
89,118,89,
89,123,57,
89,123,129,
89,129,164,
89,136,160,
89,141,32,
89,148,73,
89,158,152,
89,159,78,
89,165,127,
89,170,166,
89,177,42,
89,178,130,
89,178,167,
89,194,90,
89,195,168,
90,3,31,
90,4,150,
90,5,89,
90,5,166,
90,7,126,
90,8,170,
90,27,26,
90,27,183,
90,35,89,
90,38,105,
90,42,32,
90,44,113,
90,52,87,
90,64,131,
90,66,4,
90,69,60,
90,75,168,
90,81,72,
90,83,182,
90,84,77,
90,84,138,
90,86,194,
90,109,158,
90,119,76,
90,123,123,
90,124,116,
90,127,168,
90,128,91,
90,131,199,
90,133,186,
90,134,95,
90,146,30,
90,150,115,
90,165,153,
90,171,181,
90,173,141,
90,178,136,
90,192,118,
90,192,148,
90,193,180,
90,198,51,
91,3,146,
91,4,33,
91,8,139,
91,11,98,
91,12,98,
91,22,82,
91,29,147,
91,30,148,
91,33,33,
91,33,148,
91,42,171,
91,47,183,
91,56,196,
91,63,147,
91,72,185,
91,75,31,
91,78,198,
91,80,37,
91,80,163,
91,85,165,
91,87,15,
91,100,66,
91,113,167,
91,116,85,
91,131,38,
91,140,23,
91,147,99,
91,150,130,
91,154,152,
91,159,57,
91,163,198,
91,190,59,
91,190,60,
91,197,63,
92,9,48,
92,9,58,
92,13,7,
92,18,97,
92,21,83,
92,38,24,
92,40,101,
92,40,165,
92,45,57,
92,48,120,
92,51,187,
92,52,186,
92,53,38,
92,53,61,
92,55,49,
92,56,140,
92,58,10,
92,58,35,
92,61,199,
92,66,101,
92,67,150,
92,76,12,
92,87,34,
92,93,56,
92,97,123,
92,114,30,
92,115,15,
92,115,198,
92,124,166,
92,126,38,
92,128,5,
92,128,159,
92,129,25,
92,144,148,
92,146,5,
92,149,26,
92,157,127,
92,160,190,
92,163,183,
92,168,92,
92,168,163,
92,170,196,
92,172,89,
92,173,49,
92,173,133,
92,176,41,
92,179,42,
92,187,24,
92,195,150,
92,197,105,
92,199,163,
93,2,26,
93,2,169,
93,3,25,
93,5,14,
93,6,35,
93,11,27,
93,44,183,
93,47,43,
93,52,14,
93,52,42,
93,63,15,
93,63,77,
93,73,5,
93,80,13,
93,83,68,
93,83,147,
93,87,114,
93,95,36,
93,96,51,
93,97,67,
93,99,31,
93,102,88,
93,105,32,
93,110,120,
93,116,147,
93,118,118,
93,120,193,
93,122,80,
93,124,117,
93,127,51,
93,130,27,
93,131,35,
93,149,70,
93,158,134,
93,159,184,
93,169,57,
93,171,82,
93,177,50,
93,195,198,
94,6,32,
94,27,16,
94,27,38,
94,29,58,
94,34,159,
94,39,138,
94,42,11,
94,43,130,
94,46,15,
94,58,183,
94,60,61,
94,64,20,
94,68,157,
94,68,162,
94,70,53,
94,71,53,
94,76,189,
94,85,146,
94,92,111,
94,95,118,
94,95,198,
94,96,61,
94,96,196,
94,100,14,
94,121,164,
94,130,168,
94,132,134,
94,142,73,
94,142,144,
94,148,160,
94,166,19,
94,183,70,
94,183,178,
94,184,99,
94,186,160,
94,190,172,
94,192,61,
94,193,122,
94,197,62,
95,1,4,
95,8,52,
95,9,23,
95,11,30,
95,11,91,
95,13,141,
95,22,116,
95,35,78,
95,37,31,
95,42,33,
95,46,158,
95,47,145,
95,52,9,
95,54,80,
95,65,85,
95,68,120,
95,70,27,
95,77,103,
95,88,79,
95,91,164,
95,98,111,
95,101,36,
95,103,20,
95,109,17,
95,111,179,
95,113,114,
95,113,116,
95,116,157,
95,119,31,
95,131,20,
95,134,69,
95,135,68,
95,151,151,
95,153,107,
95,153,184,
95,154,92,
95,156,121,
95,158,61,
95,168,125,
95,177,161,
95,181,171,
95,183,46,
95,184,106,
95,187,131,
95,189,145,
96,8,147,
96,10,143,
96,19,120,
96,32,105,
96,36,154,
96,38,197,
96,52,134,
96,53,92,
96,58,170,
96,60,91,
96,62,101,
96,64,121,
96,77,46,
96,82,28,
96,86,143,
96,88,196,
96,89,100,
96,90,136,
96,91,144,
96,106,81,
96,110,22,
96,135,81,
96,139,92,
96,141,77,
96,143,93,
96,165,36,
96,169,80,
96,179,63,
96,183,24,
96,195,95,
96,199,17,
97,5,175,
97,24,132,
97,27,45,
97,30,46,
97,35,37,
97,36,19,
97,40,15,
97,47,140,
97,53,38,
97,56,99,
97,67,95,
97,69,13,
97,69,35,
97,70,47,
97,77,34,
97,78,59,
97,81,129,
97,92,84,
97,92,128,
97,95,118,
97,96,51,
97,101,186,
97,103,7,
97,104,56,
97,104,146,
97,111,121,
97,125,40,
97,130,21,
97,136,188,
97,142,158,
97,161,169,
97,164,153,
97,176,57,
97,176,160,
97,176,166,
97,182,65,
97,182,138,
97,185,90,
97,185,93,
97,189,51,
97,193,174,
97,197,18,
97,199,28,
98,9,9,
98,11,0,
98,12,98,
98,12,177,
98,16,166,
98,19,125,
98,21,55,
98,28,19,
98,28,82,
98,29,53,
98,30,1,
98,30,113,
98,44,52,
98,45,178,
98,58,18,
98,59,70,
98,67,26,
98,79,183,
98,92,84,
98,94,127,
98,99,190,
98,108,49,
98,109,10,
98,122,193,
98,129,34,
98,130,97,
98,131,154,
98,149,142,
98,152,183,
98,153,164,
98,161,71,
98,161,189,
98,175,99,
98,193,98,
98,195,157,
98,198,156,
98,199,152,
99,10,31,
99,13,175,
99,14,130,
99,15,143,
99,16,116,
99,17,182,
99,21,73,
99,36,61,
99,39,112,
99,39,145,
99,48,199,
99,50,197,
99,67,96,
99,80,110,
99,83,130,
99,94,72,
99,94,91,
99,111,141,
99,134,4,
99,138,109,
99,140,20,
99,141,115,
99,148,136,
99,157,65,
99,162,112,
99,165,148,
99,189,79,
99,198,118,
99,199,190,
100,4,43,
100,5,35,
100,5,154,
100,11,77,
100,12,87,
100,24,123,
100,24,188,
100,28,153,
100,30,30,
100,36,76,
100,40,57,
100,43,5,
100,54,19,
100,77,102,
100,79,19,
100,82,146,
100,83,25,
100,83,100,
100,85,193,
100,91,183,
100,96,112,
100,116,6,
100,140,129,
100,140,137,
100,142,115,
100,152,148,
100,163,128,
100,170,112,
100,170,157,
100,174,176,
100,186,28,
100,189,161,
100,190,19,
101,4,18,
101,4,121,
101,11,66,
101,12,127,
101,17,190,
101,27,179,
101,34,20,
101,35,145,
101,37,29,
101,42,99,
101,48,0,
101,49,75,
101,54,135,
101,56,26,
101,62,67,
101,63,97,
101,68,10,
101,68,141,
101,75,70,
101,77,123,
101,78,24,
101,83,85,
101,84,185,
101,85,0,
101,89,49,
101,91,38,
101,104,108,
101,107,188,
101,111,148,
101,115,144,
101,119,95,
101,124,186,
101,131,21,
101,135,24,
101,135,173,
101,138,187,
101,141,156,
101,145,166,
101,154,71,
101,156,16,
101,157,98,
101,169,172,
101,177,84,
101,178,7,
101,179,43,
101,179,73,
101,180,36,
101,194,83,
101,195,50,
102,1,44,
102,11,13,
102,17,168,
102,19,183,
102,20,155,
102,25,194,
102,27,43,
102,32,28,
102,37,16,
102,43,194,
102,46,177,
102,53,119,
102,62,184,
102,63,106,
102,63,148,
102,67,12,
102,72,96,
102,79,147,
102,81,123,
102,88,4,
102,95,12,
102,97,105,
102,98,182,
102,101,181,
102,107,65,
102,111,95,
102,116,46,
102,130,53,
102,133,49,
102,145,90,
102,160,25,
102,163,32,
102,164,42,
102,164,132,
102,166,95,
102,169,56,
102,171,172,
102,177,192,
102,178,189,
102,181,134,
102,186,23,
102,193,47,
102,193,55,
103,0,139,
103,6,1,
103,7,149,
103,13,73,
103,16,75,
103,20,175,
103,28,194,
103,32,167,
103,37,36,
103,37,166,
103,44,4,
103,45,140,
103,46,0,
103,56,127,
103,58,119,
103,64,72,
103,65,114,
103,77,166,
103,82,26,
103,93,171,
103,96,57,
103,105,70,
103,107,45,
103,110,147,
103,118,71,
103,127,56,
103,131,59,
103,133,184,
103,138,113,
103,141,80,
103,147,97,
103,151,31,
103,151,149,
103,152,18,
103,153,168,
103,156,149,
103,174,90,
103,177,187,
103,191,17,
103,191,18,
103,192,72,
104,12,53,
104,13,147,
104,13,195,
104,24,192,
104,29,93,
104,33,180,
104,35,183,
104,40,16,
104,45,169,
104,53,23,
104,54,90,
104,55,129,
104,62,56,
104,67,46,
104,67,117,
104,73,165,
104,77,152,
104,78,108,
104,83,12,
104,86,5,
104,87,84,
104,89,2,
104,91,29,
104,98,184,
104,100,178,
104,111,197,
104,119,135,
104,126,97,
104,126,189,
104,129,40,
104,139,31,
104,143,43,
104,161,46,
104,162,168,
104,165,134,
104,170,100,
104,177,149,
104,191,34,
104,192,99,
104,197,12,
105,12,184,
105,20,72,
105,23,6,
105,25,116,
105,28,24,
105,31,198,
105,35,135,
105,36,166,
105,43,100,
105,52,163,
105,55,11,
105,80,140,
105,90,28,
105,92,44,
105,96,47,
105,97,11,
105,112,88,
105,113,103,
105,116,185,
105,128,13,
105,132,103,
105,133,22,
105,137,129,
105,143,117,
105,145,35,
105,149,34,
105,154,197,
105,155,185,
105,166,82,
105,171,80,
105,176,99,
105,177,11,
105,179,70,
105,183,88,
105,187,103,
105,187,112,
105,197,39,
106,4,90,
106,7,58,
106,7,94,
106,13,130,
106,14,103,
106,15,47,
106,19,57,
106,19,57,
106,28,36,
106,31,137,
106,32,147,
106,36,114,
106,37,168,
106,38,10,
106,41,70,
106,41,177,
106,41,190,
106,50,21,
106,54,147,
106,60,159,
106,66,126,
106,69,191,
106,71,18,
106,72,41,
106,85,163,
106,100,178,
106,103,22,
106,104,45,
106,109,81,
106,121,39,
106,123,170,
106,128,146,
106,136,78,
106,146,153,
106,153,12,
106,159,51,
106,159,71,
106,159,126,
106,168,172,
106,170,46,
106,173,84,
106,176,141,
106,177,120,
106,179,23,
106,182,100,
106,189,56,
107,0,165,
107,11,106,
107,14,138,
107,24,130,
107,39,41,
107,40,120,
107,40,189,
107,42,163,
107,47,149,
107,48,118,
107,49,160,
107,60,37,
107,64,17,
107,66,177,
107,70,133,
107,77,149,
107,81,128,
107,99,168,
107,108,45,
107,116,0,
107,116,136,
107,130,5,
107,139,197,
107,145,123,
107,150,100,
107,150,146,
107,152,25,
107,152,54,
107,153,143,
107,161,113,
107,166,23,
107,180,135,
107,183,152,
107,186,157,
107,188,154,
107,189,104,
108,4,50,
108,6,154,
108,8,50,
108,9,24,
108,14,197,
108,16,162,
108,21,92,
108,22,131,
108,24,171,
108,27,151,
108,30,157,
108,36,90,
108,42,69,
108,55,190,
108,72,31,
108,74,109,
108,88,141,
108,90,3,
108,90,192,
108,93,39,
108,95,29,
108,97,142,
108,108,26,
108,113,74,
108,115,53,
108,121,121,
108,127,174,
108,129,24,
108,130,8,
108,132,198,
108,140,159,
108,145,106,
108,147,56,
108,149,74,
108,159,145,
108,167,75,
108,168,139,
108,169,83,
108,177,67,
108,180,74,
108,180,189,
108,184,134,
108,189,185,
108,191,127,
108,195,84,
108,198,14,
108,199,63,
109,0,136,
109,3,3,
109,20,127,
109,22,95,
109,25,92,
109,27,151,
109,36,9,
109,36,144,
109,37,77,
109,38,133,
109,39,198,
109,47,120,
109,51,125,
109,53,105,
109,61,54,
109,63,46,
109,67,108,
109,71,30,
109,83,64,
109,85,54,
109,90,189,
109,96,75,
109,104,169,
109,111,188,
109,116,53,
109,117,116,
109,121,38,
109,121,75,
109,123,75,
109,133,24,
109,134,19,
109,136,112,
109,143,38,
109,144,170,
109,146,116,
109,150,80,
109,156,31,
109,156,78,
109,158,86,
109,162,63,
109,166,197,
109,168,190,
109,185,55,
109,188,143,
109,199,125,
110,3,194,
110,11,88,
110,23,76,
110,26,63,
110,31,174,
110,33,124,
110,36,87,
110,37,123,
110,39,99,
110,40,148,
110,45,33,
110,46,105,
110,47,142,
110,59,108,
110,60,140,
110,67,162,
110,71,38,
110,73,70,
110,77,152,
110,80,103,
110,90,148,
110,94,83,
110,95,82,
110,100,135,
110,102,126,
110,102,131,
110,123,71,
110,128,164,
110,129,12,
110,148,146,
110,153,110,
110,154,59,
110,154,152,
110,155,40,
110,170,141,
110,176,179,
110,185,198,
110,192,140,
110,192,155,
110,195,175,
110,197,109,
110,198,187,
110,199,117,
111,2,45,
111,5,150,
111,16,168,
111,20,158,
111,24,23,
111,38,125,
111,43,175,
111,47,45,
111,48,194,
111,55,126,
111,58,88,
111,69,7,
111,70,92,
111,73,132,
111,82,169,
111,85,50,
111,91,120,
111,95,148,
111,98,29,
111,103,150,
111,110,143,
111,113,58,
111,144,35,
111,144,113,
111,158,83,
111,158,193,
111,161,168,
111,162,189,
111,164,48,
111,171,190,
111,175,64,
111,176,33,
111,195,113,
111,199,61,
112,1,184,
112,2,29,
112,2,152,
112,12,20,
112,18,74,
112,31,15,
112,33,8,
112,33,45,
112,33,89,
112,35,80,
112,38,15,
112,44,142,
112,49,79,
112,52,108,
112,53,108,
112,57,69,
112,60,85,
112,61,132,
112,61,162,
112,71,138,
112,72,11,
112,72,154,
112,90,96,
112,93,86,
112,101,23,
112,104,60,
112,106,76,
112,107,183,
112,114,162,
112,116,156,
112,117,147,
112,127,112,
112,133,76,
112,135,79,
112,137,184,
112,138,176,
112,139,5,
112,141,3,
112,143,141,
112,162,54,
112,163,31,
112,163,113,
112,171,8,
112,171,12,
112,177,16,
112,188,77,
112,197,157,
113,2,132,
113,5,42,
113,12,68,
113,15,198,
113,18,187,
113,29,58,
113,31,98,
113,32,13,
113,37,121,
113,42,68,
113,43,163,
113,44,125,
113,52,49,
113,53,86,
113,57,166,
113,59,136,
113,62,187,
113,64,93,
113,73,65,
113,76,15,
113,80,103,
113,84,79,
113,85,136,
113,85,199,
113,92,50,
113,94,72,
113,96,17,
113,98,194,
113,104,16,
113,108,148,
113,110,30,
113,111,6,
113,115,52,
113,126,147,
113,127,43,
113,137,166,
113,141,148,
113,142,105,
113,143,137,
113,154,122,
113,158,190,
113,161,18,
113,164,130,
113,175,171,
113,183,2,
113,187,13,
113,187,118,
113,189,93,
114,8,141,
114,10,31,
114,27,87,
114,29,118,
114,34,189,
114,39,37,
114,56,14,
114,58,94,
114,58,132,
114,65,165,
114,71,170,
114,74,187,
114,76,164,
114,86,186,
114,87,6,
114,102,12,
114,104,24,
114,117,44,
114,125,143,
114,129,189,
114,137,82,
114,138,83,
114,139,114,
114,141,103,
114,142,33,
114,146,124,
114,149,30,
114,188,78,
114,188,181,
114,189,37,
114,195,40,
115,17,158,
115,18,89,
115,20,30,
115,26,119,
115,30,134,
115,41,7,
115,45,72,
115,47,136,
115,50,89,
115,59,120,
115,62,108,
115,65,192,
115,70,104,
115,74,136,
115,75,195,
115,80,16,
115,81,81,
115,88,128,
115,99,34,
115,100,110,
115,104,5,
115,105,113,
115,108,118,
115,109,31,
115,111,164,
115,118,197,
115,122,135,
115,125,196,
115,126,178,
115,127,36,
115,135,187,
115,151,143,
115,154,173,
115,156,193,
115,158,181,
115,178,94,
115,183,169,
115,194,179,
115,197,175,
116,4,65,
116,4,80,
116,11,122,
116,24,144,
116,29,193,
116,33,198,
116,36,104,
116,39,17,
116,40,9,
116,40,67,
116,41,11,
116,46,118,
116,58,74,
116,64,103,
116,64,109,
116,67,98,
116,67,109,
116,70,187,
116,72,69,
116,72,106,
116,79,42,
116,80,183,
116,85,76,
116,86,145,
116,89,23,
116,102,143,
116,106,73,
116,108,4,
116,113,188,
116,116,152,
116,120,184,
116,135,40,
116,136,19,
116,136,112,
116,146,41,
116,150,93,
116,153,29,
116,156,10,
116,157,122,
116,164,159,
116,175,139,
116,181,178,
116,189,20,
116,192,176,
116,193,194,
116,194,110,
116,196,10,
117,12,142,
117,13,18,
117,17,184,
117,19,14,
117,22,41,
117,32,145,
117,33,136,
117,39,66,
117,41,112,
117,43,9,
117,69,177,
117,70,113,
117,86,126,
117,90,174,
117,94,135,
117,106,19,
117,111,172,
117,113,7,
117,117,16,
117,121,78,
117,122,47,
117,130,139,
117,134,7,
117,143,179,
117,145,124,
117,158,181,
117,159,7,
117,165,92,
117,173,30,
117,173,179,
117,176,16,
117,177,40,
117,177,147,
117,184,38,
117,184,137,
118,2,188,
118,8,72,
118,25,3,
118,28,145,
118,40,93,
118,57,135,
118,61,112,
118,63,169,
118,72,1,
118,76,141,
118,77,122,
118,82,40,
118,93,47,
118,95,165,
118,100,124,
118,102,122,
118,103,79,
118,109,120,
118,110,42,
118,111,142,
118,117,58,
118,127,20,
118,130,63,
118,135,193,
118,138,35,
118,148,129,
118,151,142,
118,159,146,
118,171,170,
118,179,102,
118,180,35,
118,183,58,
118,184,10,
118,188,9,
118,191,118,
119,3,15,
119,3,109,
119,6,157,
119,7,68,
119,11,126,
119,21,199,
119,27,156,
119,28,51,
119,29,63,
119,29,124,
119,32,107,
119,40,148,
119,45,115,
119,53,66,
119,57,19,
119,61,19,
119,64,86,
119,64,168,
119,72,138,
119,74,95,
119,77,74,
119,83,138,
119,86,143,
119,105,81,
119,116,79,
119,124,147,
119,126,137,
119,127,169,
119,133,123,
119,140,113,
119,145,196,
119,155,6,
119,156,9,
119,156,80,
119,156,164,
119,157,84,
119,157,111,
119,168,179,
119,173,6,
119,174,156,
119,188,177,
119,193,172,
120,0,140,
120,0,169,
120,1,183,
120,4,81,
120,6,156,
120,16,18,
120,20,48,
120,21,41,
120,25,10,
120,30,190,
120,31,53,
120,44,125,
120,51,42,
120,51,162,
120,52,113,
120,52,199,
120,53,123,
120,54,174,
120,55,71,
120,57,96,
120,57,113,
120,62,32,
120,79,140,
120,82,29,
120,82,53,
120,88,37,
120,95,108,
120,96,17,
120,100,139,
120,107,100,
120,113,52,
120,123,151,
120,139,69,
120,153,59,
120,161,13,
120,163,63,
120,164,91,
120,179,15,
120,179,148,
120,182,162,
120,184,125,
120,189,14,
120,192,142,
120,192,143,
120,197,152,
120,198,42,
120,199,174,
121,3,51,
121,5,121,
121,7,184,
121,12,57,
121,14,88,
121,15,30,
121,18,58,
121,26,160,
121,33,111,
121,38,151,
121,45,67,
121,46,129,
121,48,15,
121,48,75,
121,62,180,
121,71,176,
121,75,6,
121,77,148,
121,77,176,
121,80,27,
121,85,177,
121,102,68,
121,108,10,
121,112,9,
121,113,29,
121,114,78,
121,117,62,
121,118,105,
121,120,3,
121,124,52,
121,127,23,
121,138,146,
121,144,22,
121,146,193,
121,153,7,
121,156,36,
121,159,129,
121,160,141,
121,164,47,
121,168,97,
121,170,90,
121,179,111,
121,183,122,
121,183,147,
121,185,16,
121,188,22,
121,188,75,
121,191,8,
121,191,198,
121,199,166,
122,7,187,
122,12,70,
122,13,102,
122,17,134,
122,19,58,
122,26,64,
122,27,70,
122,55,139,
122,58,122,
122,64,141,
122,67,41,
122,69,125,
122,74,51,
122,84,37,
122,91,87,
122,95,127,
122,101,171,
122,105,41,
122,105,174,
122,108,109,
122,115,156,
122,124,35,
122,132,73,
122,133,42,
122,141,20,
122,146,102,
122,154,173,
122,164,183,
122,175,12,
122,176,33,
122,178,43,
122,179,55,
122,184,98,
122,184,185,
122,190,54,
122,196,60,
123,3,30,
123,9,6,
123,27,51,
123,33,120,
123,42,113,
123,43,120,
123,53,130,
123,57,102,
123,62,67,
123,62,114,
123,63,122,
123,69,197,
123,72,163,
123,73,8,
123,77,21,
123,77,148,
123,78,145,
123,86,52,
123,88,70,
123,94,52,
123,97,16,
123,97,47,
123,97,69,
123,98,65,
123,103,97,
123,140,151,
123,162,177,
123,167,82,
123,180,170,
123,188,132,
123,190,86,
123,195,128,
123,199,186,
124,2,77,
124,8,69,
124,11,177,
124,25,54,
124,38,15,
124,42,0,
124,48,162,
124,70,165,
124,88,99,
124,91,150,
124,92,54,
124,97,137,
124,102,38,
124,103,21,
124,111,162,
124,121,196,
124,135,37,
124,135,64,
124,145,115,
124,149,33,
124,152,112,
124,157,25,
124,166,52,
124,169,78,
124,174,165,
124,183,80,
124,185,62,
124,185,130,
124,191,34,
124,194,140,
125,2,168,
125,3,146,
125,7,105,
125,9,45,
125,14,120,
125,18,80,
125,19,91,
125,34,38,
125,38,84,
125,43,156,
125,46,14,
125,46,149,
125,47,167,
125,54,43,
125,56,7,
125,56,128,
125,64,190,
125,72,70,
125,74,55,
125,86,84,
125,98,113,
125,111,180,
125,113,72,
125,113,148,
125,117,164,
125,123,66,
125,138,114,
125,140,68,
125,159,3,
125,160,90,
125,164,14,
125,186,164,
125,188,157,
125,192,169,
125,198,0,
126,2,12,
126,6,92,
126,8,74,
126,10,37,
126,10,76,
126,14,2,
126,26,149,
126,31,93,
126,32,145,
126,36,143,
126,36,194,
126,36,194,
126,41,14,
126,48,36,
126,74,7,
126,87,0,
126,92,183,
126,96,42,
126,101,17,
126,103,73,
126,109,193,
126,117,113,
126,122,45,
126,122,107,
126,123,106,
126,125,1,
126,127,12,
126,132,117,
126,141,100,
126,153,147,
126,158,59,
126,165,178,
126,169,51,
126,173,163,
126,175,50,
126,184,106,
126,188,126,
126,190,122,
126,194,95,
126,197,146,
127,2,145,
127,12,187,
127,49,74,
127,52,37,
127,55,182,
127,56,72,
127,61,54,
127,70,130,
127,78,115,
127,80,28,
127,86,70,
127,86,88,
127,90,187,
127,102,10,
127,104,117,
127,111,80,
127,114,98,
127,121,139,
127,150,118,
127,150,122,
127,151,1,
127,153,139,
127,155,96,
127,157,142,
127,166,151,
127,171,122,
127,174,64,
127,185,55,
127,197,93,
127,197,171,
127,198,83,
128,4,45,
128,4,60,
128,13,169,
128,27,152,
128,30,77,
128,32,7,
128,33,37,
128,34,156,
128,37,146,
128,42,97,
128,46,36,
128,48,74,
128,48,162,
128,61,126,
128,65,180,
128,80,34,
128,90,146,
128,93,198,
128,99,101,
128,118,175,
128,122,148,
128,127,10,
128,128,136,
128,138,154,
128,139,125,
128,147,104,
128,152,110,
128,161,48,
128,169,56,
128,178,41,
128,180,111,
128,183,95,
128,183,123,
128,187,185,
129,3,105,
129,8,21,
129,15,189,
129,17,167,
129,21,50,
129,22,136,
129,26,135,
129,31,74,
129,34,115,
129,36,45,
129,38,16,
129,40,82,
129,53,75,
129,63,59,
129,72,141,
129,75,185,
129,80,54,
129,80,155,
129,85,88,
129,86,120,
129,86,190,
129,87,93,
129,92,182,
129,94,145,
129,97,47,
129,98,56,
129,108,121,
129,109,34,
129,117,100,
129,132,75,
129,156,163,
129,162,28,
129,164,56,
129,170,199,
129,176,139,
129,177,58,
129,186,184,
129,188,185,
129,195,36,
129,198,115,
130,4,155,
130,9,86,
130,37,100,
130,38,199,
130,41,16,
130,47,101,
130,57,27,
130,60,134,
130,60,182,
130,63,62,
130,63,84,
130,65,148,
130,71,67,
130,73,110,
130,76,168,
130,81,65,
130,94,167,
130,96,193,
130,99,135,
130,104,78,
130,110,38,
130,111,47,
130,112,126,
130,113,72,
130,114,67,
130,120,125,
130,121,173,
130,126,94,
130,128,155,
130,129,153,
130,130,21,
130,133,46,
130,134,49,
130,134,112,
130,138,194,
130,140,166,
130,141,29,
130,142,93,
130,152,53,
130,162,34,
130,173,173,
130,177,62,
130,178,151,
130,188,91,
131,4,5,
131,5,0,
131,11,54,
131,27,157,
131,28,24,
131,30,106,
131,31,51,
131,33,18,
131,36,2,
131,37,57,
131,40,95,
131,48,95,
131,54,101,
131,56,163,
131,58,72,
131,59,60,
131,60,149,
131,67,4,
131,70,109,
131,73,68,
131,74,40,
131,74,91,
131,74,118,
131,77,12,
131,89,124,
131,95,197,
131,96,17,
131,97,144,
131,105,25,
131,106,195,
131,109,152,
131,114,187,
131,118,43,
131,118,177,
131,119,108,
131,120,53,
131,134,134,
131,140,108,
131,141,16,
131,156,174,
131,157,130,
131,162,143,
131,164,138,
131,166,10,
131,167,36,
131,176,105,
131,181,54,
131,188,180,
131,193,124,
131,199,63,
132,23,47,
132,29,28,
132,33,139,
132,38,172,
132,40,47,
132,48,95,
132,69,2,
132,70,90,
132,71,130,
132,71,143,
132,75,175,
132,77,136,
132,96,95,
132,99,161,
132,100,87,
132,107,95,
132,142,22,
132,153,47,
132,163,171,
132,165,160,
132,174,142,
132,185,141,
132,192,89,
133,3,28,
133,5,47,
133,5,49,
133,10,125,
133,26,103,
133,31,187,
133,36,189,
133,37,80,
133,37,119,
133,40,199,
133,45,148,
133,50,89,
133,54,41,
133,58,163,
133,67,153,
133,72,58,
133,77,15,
133,88,19,
133,88,68,
133,89,52,
133,89,137,
133,90,85,
133,102,54,
133,106,195,
133,109,92,
133,110,100,
133,125,53,
133,131,32,
133,138,43,
133,144,147,
133,145,187,
133,148,8,
133,149,26,
133,154,146,
133,163,164,
133,176,61,
133,187,124,
133,197,113,
134,13,124,
134,32,113,
134,34,72,
134,41,130,
134,42,145,
134,45,113,
134,50,83,
134,67,34,
134,70,187,
134,76,113,
134,80,44,
134,82,92,
134,83,194,
134,87,24,
134,92,74,
134,98,68,
134,114,178,
134,118,191,
134,124,70,
134,125,191,
134,126,27,
134,131,152,
134,135,127,
134,136,92,
134,141,124,
134,142,168,
134,146,51,
134,154,166,
134,157,129,
134,158,116,
134,160,46,
134,162,197,
134,175,184,
134,180,145,
134,181,57,
134,189,46,
134,191,20,
135,4,102,
135,5,107,
135,6,19,
135,9,187,
135,12,12,
135,14,63,
135,16,9,
135,17,121,
135,18,192,
135,31,114,
135,42,178,
135,44,61,
135,59,27,
135,61,134,
135,69,159,
135,70,168,
135,72,169,
135,74,138,
135,81,107,
135,89,128,
135,102,5,
135,104,73,
135,104,161,
135,114,25,
135,115,55,
135,116,89,
135,122,117,
135,124,47,
135,126,197,
135,136,41,
135,137,151,
135,138,72,
135,148,40,
135,150,28,
135,161,77,
135,167,90,
135,169,21,
135,169,120,
135,174,10,
135,175,57,
135,178,10,
135,183,17,
135,185,198,
135,189,40,
136,4,78,
136,12,146,
136,13,81,
136,13,180,
136,14,0,
136,24,137,
136,29,162,
136,32,58,
136,39,70,
136,44,162,
136,53,50,
136,58,191,
136,60,27,
136,68,84,
136,69,140,
136,71,73,
136,75,122,
136,76,170,
136,77,90,
136,80,72,
136,87,35,
136,95,153,
136,98,62,
136,103,121,
136,111,151,
136,114,152,
136,121,35,
136,124,12,
136,128,88,
136,129,26,
136,134,142,
136,146,110,
136,148,67,
136,150,87,
136,151,103,
136,173,104,
136,174,77,
137,2,95,
137,4,120,
137,8,131,
137,10,65,
137,11,126,
137,12,128,
137,12,162,
137,15,182,
137,21,76,
137,37,45,
137,40,73,
137,48,142,
137,59,182,
137,60,103,
137,60,160,
137,64,48,
137,71,13,
137,81,197,
137,91,149,
137,92,47,
137,92,140,
137,93,53,
137,102,39,
137,103,168,
137,104,120,
137,104,182,
137,105,153,
137,108,36,
137,117,143,
137,119,54,
137,119,191,
137,121,194,
137,137,185,
137,143,155,
137,145,11,
137,148,94,
137,148,105,
137,151,118,
137,155,77,
137,155,136,
137,178,48,
137,180,88,
137,189,181,
137,190,155,
137,192,91,
137,193,18,
138,0,166,
138,4,106,
138,10,83,
138,11,128,
138,20,98,
138,24,71,
138,28,179,
138,30,120,
138,41,172,
138,43,117,
138,45,16,
138,50,16,
138,67,172,
138,70,10,
138,73,192,
138,75,142,
138,76,194,
138,81,42,
138,83,176,
138,86,103,
138,98,93,
138,104,23,
138,107,148,
138,110,102,
138,111,125,
138,113,51,
138,115,63,
138,131,177,
138,144,116,
138,155,107,
138,161,20,
138,171,158,
138,176,2,
138,186,80,
138,187,159,
139,0,167,
139,11,14,
139,17,71,
139,18,187,
139,22,107,
139,23,140,
139,29,25,
139,39,141,
139,47,191,
139,52,176,
139,53,160,
139,74,68,
139,84,48,
139,84,64,
139,90,5,
139,98,20,
139,98,113,
139,110,83,
139,112,12,
139,118,61,
139,120,174,
139,129,119,
139,129,136,
139,134,180,
139,136,38,
139,145,65,
139,152,30,
139,152,104,
139,153,72,
139,158,178,
139,176,99,
139,177,34,
139,177,104,
139,184,157,
139,185,142,
139,193,20,
140,1,45,
140,1,153,
140,7,52,
140,12,162,
140,16,141,
140,25,14,
140,25,105,
140,37,40,
140,38,115,
140,43,186,
140,44,168,
140,58,135,
140,64,170,
140,74,72,
140,74,180,
140,80,63,
140,81,32,
140,86,90,
140,90,130,
140,92,183,
140,93,138,
140,94,151,
140,97,147,
140,102,51,
140,104,84,
140,106,153,
140,107,9,
140,108,196,
140,110,157,
140,113,87,
140,114,34,
140,115,96,
140,118,115,
140,118,136,
140,128,13,
140,135,159,
140,138,114,
140,150,169,
140,153,142,
140,153,168,
140,166,7,
140,171,77,
140,173,68,
140,179,4,
140,184,120,
140,186,149,
140,192,39,
140,195,137,
140,199,104,
141,0,36,
141,2,147,
141,4,56,
141,7,112,
141,8,153,
141,8,192,
141,14,22,
141,15,101,
141,17,34,
141,17,100,
141,22,69,
141,23,11,
141,23,92,
141,27,16,
141,31,87,
141,34,148,
141,39,29,
141,39,179,
141,40,154,
141,52,130,
141,58,121,
141,72,21,
141,83,88,
141,94,69,
141,98,115,
141,100,25,
141,106,51,
141,117,8,
141,117,153,
141,119,8,
141,120,37,
141,131,125,
141,141,70,
141,180,54,
141,180,92,
141,187,197,
141,189,17,
141,192,190,
142,21,127,
142,21,194,
142,24,50,
142,27,73,
142,29,135,
142,30,97,
142,31,0,
142,34,93,
142,46,164,
142,47,68,
142,51,78,
142,53,113,
142,67,164,
142,69,77,
142,78,184,
142,85,88,
142,92,79,
142,94,102,
142,94,115,
142,95,126,
142,98,12,
142,103,153,
142,107,13,
142,107,180,
142,114,190,
142,116,136,
142,122,128,
142,126,114,
142,146,182,
142,152,21,
142,156,154,
142,159,47,
142,159,58,
142,166,149,
142,167,116,
142,170,147,
142,171,93,
142,177,126,
142,186,50,
142,190,128,
142,195,43,
143,2,193,
143,4,98,
143,5,48,
143,11,13,
143,13,102,
143,23,19,
143,34,153,
143,34,174,
143,36,81,
143,45,125,
143,46,24,
143,47,158,
143,49,92,
143,49,152,
143,50,4,
143,50,45,
143,55,123,
143,56,149,
143,57,159,
143,62,120,
143,64,42,
143,66,167,
143,74,53,
143,84,13,
143,84,146,
143,88,50,
143,91,35,
143,95,55,
143,112,147,
143,132,123,
143,134,178,
143,145,171,
143,146,108,
143,158,56,
143,163,152,
143,168,148,
143,169,170,
143,173,187,
143,180,64,
143,190,160,
143,199,105,
144,13,108,
144,19,135,
144,23,56,
144,27,85,
144,46,14,
144,58,75,
144,68,141,
144,74,130,
144,77,83,
144,83,155,
144,88,63,
144,91,80,
144,93,178,
144,95,162,
144,96,132,
144,100,160,
144,104,24,
144,110,69,
144,116,199,
144,118,118,
144,119,46,
144,129,23,
144,138,15,
144,147,8,
144,147,10,
144,152,103,
144,152,142,
144,152,150,
144,156,38,
144,157,116,
144,157,164,
144,157,174,
144,160,3,
144,165,66,
144,172,134,
144,178,150,
144,181,164,
144,192,103,
144,196,132,
145,7,78,
145,9,99,
145,12,15,
145,14,8,
145,16,2,
145,24,140,
145,28,7,
145,33,12,
145,35,126,
145,37,70,
145,41,83,
145,46,13,
145,55,116,
145,56,144,
145,62,151,
145,63,123,
145,67,147,
145,71,10,
145,72,18,
145,73,194,
145,84,44,
145,86,84,
145,93,171,
145,94,4,
145,99,122,
145,113,2,
145,113,109,
145,113,183,
145,114,48,
145,116,124,
145,116,143,
145,125,11,
145,138,37,
145,143,172,
145,144,3,
145,144,150,
145,149,13,
145,161,89,
145,161,129,
145,173,17,
145,177,59,
145,182,135,
145,196,17,
145,197,75,
146,8,91,
146,21,71,
146,29,48,
146,31,20,
146,33,197,
146,37,59,
146,43,178,
146,46,59,
146,46,184,
146,54,63,
146,59,64,
146,68,165,
146,70,125,
146,77,31,
146,77,58,
146,79,96,
146,97,68,
146,100,85,
146,103,92,
146,105,156,
146,106,95,
146,107,127,
146,110,101,
146,114,96,
146,122,46,
146,136,145,
146,158,180,
146,169,136,
146,176,117,
146,180,77,
146,181,30,
146,181,152,
146,184,79,
146,185,13,
146,192,93,
146,192,184,
146,195,88,
146,197,93,
146,198,30,
147,7,67,
147,9,63,
147,11,195,
147,19,156,
147,20,75,
147,23,196,
147,29,67,
147,46,177,
147,53,197,
147,54,177,
147,64,185,
147,74,69,
147,77,160,
147,83,179,
147,84,71,
147,86,92,
147,97,112,
147,103,78,
147,119,68,
147,131,182,
147,135,1,
147,148,48,
147,157,23,
147,157,97,
147,167,2,
147,177,82,
147,192,114,
147,194,104,
147,196,172,
148,4,112,
148,11,42,
148,16,137,
148,24,184,
148,25,69,
148,26,183,
148,36,117,
148,37,56,
148,38,96,
148,49,47,
148,49,118,
148,51,42,
148,59,26,
148,66,172,
148,72,74,
148,77,119,
148,78,63,
148,85,123,
148,86,107,
148,87,149,
148,93,174,
148,99,15,
148,110,128,
148,115,51,
148,120,179,
148,120,195,
148,121,18,
148,127,74,
148,128,79,
148,130,45,
148,135,112,
148,144,182,
148,147,55,
148,152,49,
148,153,102,
148,161,117,
148,162,118,
148,163,116,
148,165,174,
148,176,17,
148,181,105,
148,194,140,
148,195,42,
148,196,94,
149,0,11,
149,2,105,
149,2,125,
149,4,99,
149,7,53,
149,11,139,
149,12,80,
149,32,45,
149,32,177,
149,39,53,
149,42,197,
149,49,76,
149,50,53,
149,52,28,
149,59,166,
149,61,49,
149,75,80,
149,75,86,
149,80,171,
149,93,62,
149,93,157,
149,97,80,
149,97,175,
149,101,137,
149,106,180,
149,113,157,
149,120,63,
149,134,161,
149,135,81,
149,142,153,
149,144,163,
149,147,72,
149,152,110,
149,157,183,
149,159,137,
149,167,11,
149,172,172,
149,175,90,
149,175,174,
149,187,21,
149,190,177,
149,193,51,
149,199,96,
150,4,10,
150,10,47,
150,14,155,
150,18,178,
150,19,150,
150,20,188,
150,34,86,
150,36,6,
150,38,91,
150,42,118,
150,43,19,
150,43,144,
150,59,1,
150,59,180,
150,63,96,
150,67,166,
150,75,85,
150,79,9,
150,84,101,
150,88,62,
150,96,179,
150,104,190,
150,106,37,
150,107,46,
150,120,31,
150,120,53,
150,121,144,
150,138,105,
150,154,63,
150,177,15,
150,179,160,
150,190,61,
150,191,142,
151,1,118,
151,3,83,
151,18,146,
151,32,54,
151,32,76,
151,36,119,
151,40,34,
151,41,142,
151,47,73,
151,48,25,
151,57,66,
151,58,66,
151,61,174,
151,70,77,
151,74,37,
151,76,19,
151,76,79,
151,78,164,
151,90,11,
151,95,102,
151,96,98,
151,115,149,
151,129,32,
151,136,183,
151,151,137,
151,153,23,
151,159,142,
151,162,194,
151,164,153,
151,166,31,
151,170,39,
151,172,55,
151,176,192,
151,188,160,
151,199,112,
152,6,60,
152,28,24,
152,28,52,
152,29,15,
152,32,32,
152,36,164,
152,43,190,
152,55,78,
152,57,196,
152,58,68,
152,59,3,
152,63,106,
152,67,2,
152,72,33,
152,73,187,
152,77,190,
152,92,160,
152,101,94,
152,109,27,
152,109,66,
152,109,148,
152,117,173,
152,120,129,
152,122,75,
152,124,136,
152,127,10,
152,132,53,
152,136,171,
152,146,115,
152,147,114,
152,151,82,
152,162,130,
152,163,148,
152,164,100,
152,166,18,
152,170,184,
152,174,190,
152,178,99,
152,182,45,
152,183,156,
152,194,47,
152,196,116,
152,198,95,
153,13,184,
153,19,181,
153,23,105,
153,35,65,
153,57,43,
153,58,46,
153,62,57,
153,72,175,
153,79,53,
153,80,179,
153,84,27,
153,86,121,
153,88,52,
153,89,83,
153,93,114,
153,96,172,
153,103,4,
153,107,22,
153,108,97,
153,119,61,
153,125,147,
153,132,21,
153,143,112,
153,144,8,
153,165,93,
153,169,97,
153,177,160,
153,186,13,
153,190,66,
153,195,139,
154,8,81,
154,12,7,
154,14,172,
154,17,89,
154,20,103,
154,24,32,
154,29,7,
154,33,199,
154,35,7,
154,36,49,
154,37,180,
154,55,69,
154,57,16,
154,60,181,
154,62,60,
154,71,87,
154,74,97,
154,76,141,
154,82,144,
154,88,3,
154,90,72,
154,90,174,
154,91,156,
154,92,105,
154,93,182,
154,94,174,
154,98,42,
154,101,137,
154,108,154,
154,116,44,
154,117,100,
154,121,183,
154,130,190,
154,131,146,
154,131,152,
154,149,193,
154,152,153,
154,152,193,
154,154,6,
154,156,36,
154,167,20,
154,168,197,
154,169,86,
154,173,88,
154,186,8,
154,188,122,
154,194,6,
155,3,174,
155,5,43,
155,13,17,
155,14,110,
155,15,30,
155,17,44,
155,18,117,
155,21,126,
155,21,131,
155,28,178,
155,35,18,
155,36,39,
155,42,12,
155,42,127,
155,92,29,
155,97,49,
155,100,90,
155,101,96,
155,101,105,
155,105,20,
155,113,139,
155,117,77,
155,118,150,
155,119,143,
155,123,69,
155,126,139,
155,132,1,
155,133,19,
155,136,163,
155,148,187,
155,157,14,
155,161,115,
155,163,2,
155,164,120,
155,169,7,
155,179,199,
155,185,33,
155,192,30,
156,0,89,
156,10,49,
156,13,75,
156,17,71,
156,20,170,
156,40,83,
156,47,136,
156,54,152,
156,57,198,
156,69,13,
156,70,70,
156,71,120,
156,77,163,
156,78,189,
156,79,28,
156,90,52,
156,90,106,
156,100,188,
156,101,131,
156,103,167,
156,106,140,
156,107,109,
156,109,176,
156,119,84,
156,120,152,
156,129,191,
156,131,85,
156,135,44,
156,137,14,
156,142,107,
156,155,93,
156,170,143,
156,175,161,
156,178,182,
156,181,128,
156,189,154,
157,0,100,
157,0,102,
157,1,55,
157,3,43,
157,10,87,
157,10,102,
157,14,112,
157,16,199,
157,36,58,
157,40,22,
157,42,43,
157,48,140,
157,63,167,
157,67,35,
157,89,71,
157,94,189,
157,95,74,
157,99,8,
157,119,49,
157,126,20,
157,133,112,
157,135,7,
157,137,65,
157,137,191,
157,139,159,
157,141,12,
157,154,21,
157,156,96,
157,166,63,
157,168,18,
157,168,100,
157,169,90,
157,171,56,
157,174,108,
157,174,154,
157,189,199,
157,190,105,
158,0,86,
158,2,168,
158,5,50,
158,5,171,
158,10,87,
158,22,4,
158,23,131,
158,26,175,
158,26,198,
158,27,84,
158,33,176,
158,53,148,
158,55,156,
158,57,77,
158,61,131,
158,67,42,
158,67,170,
158,68,40,
158,82,109,
158,87,6,
158,87,35,
158,88,25,
158,88,37,
158,89,151,
158,96,49,
158,99,197,
158,102,198,
158,104,162,
158,106,5,
158,108,2,
158,111,167,
158,115,34,
158,116,46,
158,117,123,
158,122,140,
158,127,179,
158,138,41,
158,149,109,
158,155,116,
158,164,30,
158,164,123,
158,180,125,
158,182,182,
158,189,73,
158,194,69,
158,195,153,
158,198,30,
159,1,170,
159,3,124,
159,8,73,
159,10,199,
159,15,176,
159,22,92,
159,24,77,
159,38,53,
159,49,98,
159,54,71,
159,62,194,
159,64,62,
159,65,119,
159,68,40,
159,68,149,
159,69,30,
159,77,172,
159,80,41,
159,82,71,
159,83,152,
159,87,75,
159,88,9,
159,93,39,
159,94,23,
159,98,50,
159,103,7,
159,112,111,
159,120,153,
159,132,197,
159,137,88,
159,141,3,
159,154,149,
159,161,42,
159,161,191,
159,171,26,
159,188,90,
159,189,101,
159,190,86,
159,196,40,
159,197,94,
159,197,141,
160,3,193,
160,8,132,
160,9,132,
160,11,108,
160,14,77,
160,18,12,
160,22,61,
160,31,31,
160,35,18,
160,39,36,
160,45,126,
160,47,86,
160,50,57,
160,65,87,
160,71,155,
160,81,196,
160,83,172,
160,89,35,
160,94,64,
160,95,27,
160,96,36,
160,100,67,
160,103,14,
160,107,165,
160,111,166,
160,118,147,
160,125,173,
160,131,7,
160,147,32,
160,151,156,
160,160,99,
160,162,13,
160,162,18,
160,165,94,
160,174,33,
160,174,173,
160,184,116,
160,191,160,
160,192,31,
161,10,166,
161,16,70,
161,20,136,
161,25,82,
161,31,76,
161,50,102,
161,51,90,
161,54,35,
161,64,123,
161,65,198,
161,73,44,
161,77,175,
161,84,34,
161,86,69,
161,93,112,
161,95,73,
161,104,56,
161,114,27,
161,117,68,
161,121,62,
161,123,98,
161,135,79,
161,135,160,
161,137,86,
161,141,78,
161,142,127,
161,147,162,
161,148,0,
161,150,100,
161,153,101,
161,161,17,
161,165,113,
161,171,95,
161,185,173,
161,187,137,
161,191,47,
161,197,2,
162,7,130,
162,11,33,
162,16,104,
162,18,103,
162,18,138,
162,26,198,
162,30,59,
162,34,198,
162,40,89,
162,42,107,
162,42,109,
162,42,170,
162,47,157,
162,55,142,
162,55,157,
162,57,196,
162,67,188,
162,70,194,
162,74,73,
162,76,32,
162,85,44,
162,92,87,
162,100,93,
162,102,82,
162,104,163,
162,107,70,
162,109,2,
162,114,66,
162,124,110,
162,128,180,
162,129,197,
162,130,166,
162,134,137,
162,134,154,
162,135,9,
162,136,99,
162,139,154,
162,139,190,
162,155,50,
162,160,107,
162,162,65,
162,164,192,
162,171,113,
162,175,172,
162,176,128,
162,189,91,
162,190,3,
162,191,14,
162,192,119,
162,193,18,
162,194,18,
162,198,72,
163,3,158,
163,13,30,
163,20,19,
163,20,172,
163,30,76,
163,31,155,
163,36,81,
163,42,13,
163,49,70,
163,57,11,
163,59,119,
163,59,123,
163,64,145,
163,73,7,
163,77,187,
163,82,80,
163,86,96,
163,87,187,
163,87,199,
163,88,48,
163,135,164,
163,136,7,
163,137,89,
163,141,94,
163,145,79,
163,152,53,
163,155,104,
163,156,135,
163,165,141,
163,172,123,
163,182,50,
164,0,153,
164,1,181,
164,7,187,
164,19,123,
164,21,89,
164,24,186,
164,26,117,
164,29,76,
164,35,52,
164,39,20,
164,43,103,
164,48,1,
164,55,74,
164,57,84,
164,74,169,
164,76,36,
164,81,104,
164,82,197,
164,84,36,
164,89,8,
164,93,1,
164,93,73,
164,97,94,
164,101,195,
164,106,157,
164,114,141,
164,115,183,
164,119,64,
164,119,190,
164,128,2,
164,132,105,
164,134,147,
164,138,142,
164,142,80,
164,148,59,
164,172,193,
164,173,28,
164,180,161,
164,193,178,
165,6,86,
165,13,29,
165,14,132,
165,21,133,
165,23,36,
165,38,160,
165,46,96,
165,54,15,
165,54,65,
165,66,61,
165,70,9,
165,74,124,
165,76,5,
165,77,20,
165,99,159,
165,104,6,
165,111,43,
165,114,119,
165,116,63,
165,118,156,
165,119,144,
165,122,119,
165,124,2,
165,142,136,
165,144,160,
165,163,148,
165,171,90,
165,188,91,
165,188,159,
165,193,109,
165,195,126,
166,3,157,
166,5,145,
166,10,94,
166,16,136,
166,16,142,
166,20,141,
166,22,160,
166,34,15,
166,40,51,
166,62,13,
166,67,176,
166,71,64,
166,73,137,
166,81,0,
166,82,78,
166,82,106,
166,83,182,
166,84,89,
166,87,156,
166,92,5,
166,92,149,
166,93,81,
166,95,38,
166,96,153,
166,97,44,
166,97,182,
166,103,12,
166,103,145,
166,115,178,
166,116,17,
166,119,75,
166,127,148,
166,131,42,
166,136,69,
166,140,10,
166,140,157,
166,144,138,
166,149,147,
166,158,197,
166,161,9,
166,162,164,
166,172,175,
166,173,128,
166,175,133,
166,176,52,
166,176,152,
166,177,95,
166,179,86,
166,180,190,
166,185,141,
166,192,95,
166,196,193,
166,199,134,
167,8,11,
167,14,145,
167,15,148,
167,32,147,
167,34,147,
167,39,198,
167,42,199,
167,44,79,
167,51,97,
167,60,48,
167,62,190,
167,75,143,
167,79,171,
167,83,10,
167,90,191,
167,91,88,
167,93,196,
167,98,122,
167,99,50,
167,103,59,
167,104,143,
167,115,115,
167,121,73,
167,133,55,
167,138,5,
167,139,29,
167,144,7,
167,144,190,
167,147,144,
167,149,63,
167,154,76,
167,162,4,
167,162,192,
167,169,87,
167,169,96,
167,170,12,
167,174,186,
167,182,99,
167,183,164,
167,189,99,
167,196,14,
168,1,12,
168,9,133,
168,12,184,
168,18,100,
168,21,182,
168,22,170,
168,24,197,
168,28,68,
168,36,73,
168,41,19,
168,43,46,
168,44,37,
168,45,100,
168,47,82,
168,55,187,
168,62,41,
168,65,105,
168,71,33,
168,73,121,
168,73,143,
168,75,163,
168,76,156,
168,78,42,
168,82,146,
168,83,192,
168,89,57,
168,101,23,
168,102,158,
168,109,22,
168,123,152,
168,130,158,
168,138,67,
168,139,53,
168,144,134,
168,145,177,
168,148,110,
168,148,160,
168,151,30,
168,153,46,
168,162,24,
168,164,108,
168,165,145,
168,174,141,
168,178,2,
168,178,117,
168,180,95,
168,185,49,
168,186,92,
169,0,112,
169,1,146,
169,4,57,
169,9,198,
169,16,170,
169,31,130,
169,35,164,
169,38,35,
169,41,32,
169,47,65,
169,47,81,
169,49,8,
169,51,42,
169,56,197,
169,57,188,
169,59,141,
169,65,148,
169,68,137,
169,68,182,
169,72,83,
169,73,162,
169,75,141,
169,78,20,
169,88,176,
169,90,72,
169,90,81,
169,92,65,
169,97,44,
169,100,53,
169,101,8,
169,109,13,
169,111,121,
169,119,93,
169,121,164,
169,122,102,
169,124,21,
169,124,171,
169,128,185,
169,141,148,
169,142,187,
169,154,191,
169,166,66,
169,168,13,
169,173,104,
169,177,119,
169,182,166,
169,184,24,
169,197,75,
170,15,141,
170,26,127,
170,31,8,
170,34,77,
170,39,31,
170,41,168,
170,44,156,
170,51,35,
170,66,156,
170,68,66,
170,68,164,
170,79,89,
170,87,12,
170,88,123,
170,93,76,
170,101,101,
170,111,191,
170,118,130,
170,120,138,
170,138,86,
170,142,130,
170,144,56,
170,145,48,
170,146,69,
170,148,155,
170,153,161,
170,162,13,
170,163,160,
170,168,31,
170,173,56,
170,175,108,
170,177,186,
170,189,78,
170,193,175,
171,13,105,
171,16,12,
171,22,122,
171,26,153,
171,30,4,
171,30,133,
171,31,47,
171,38,147,
171,64,132,
171,70,48,
171,73,197,
171,83,97,
171,91,91,
171,92,126,
171,93,40,
171,95,88,
171,109,5,
171,110,165,
171,110,174,
171,120,151,
171,125,151,
171,128,113,
171,134,104,
171,137,159,
171,145,28,
171,148,119,
171,151,123,
171,153,157,
171,155,199,
171,157,40,
171,157,161,
171,160,84,
171,165,1,
171,170,179,
171,176,20,
171,187,196,
171,192,119,
171,199,89,
172,0,59,
172,7,55,
172,7,98,
172,11,82,
172,19,34,
172,20,78,
172,30,173,
172,30,192,
172,33,157,
172,34,102,
172,37,169,
172,41,103,
172,48,17,
172,49,77,
172,51,75,
172,54,68,
172,54,124,
172,56,154,
172,69,19,
172,73,16,
172,75,61,
172,85,90,
172,88,111,
172,101,148,
172,105,80,
172,111,157,
172,134,80,
172,140,87,
172,145,10,
172,150,69,
172,150,169,
172,151,68,
172,157,108,
172,165,152,
172,170,41,
172,174,148,
172,180,173,
172,188,36,
172,188,69,
172,190,3,
172,190,3,
172,193,188,
173,11,1,
173,12,173,
173,15,152,
173,17,140,
173,20,4,
173,22,131,
173,24,73,
173,26,56,
173,39,64,
173,39,171,
173,49,80,
173,51,46,
173,52,105,
173,58,131,
173,68,125,
173,77,33,
173,80,15,
173,86,5,
173,94,22,
173,98,164,
173,101,11,
173,105,17,
173,109,42,
173,109,153,
173,114,19,
173,117,116,
173,125,175,
173,135,15,
173,135,17,
173,135,156,
173,136,145,
173,137,134,
173,142,69,
173,145,112,
173,154,195,
173,157,60,
173,158,112,
173,168,47,
173,170,128,
173,183,155,
173,185,5,
173,185,194,
173,186,23,
173,187,9,
173,187,96,
173,189,162,
173,190,76,
173,191,168,
173,196,28,
173,197,80,
173,197,109,
173,198,42,
174,2,101,
174,4,26,
174,6,33,
174,9,118,
174,11,82,
174,12,6,
174,22,72,
174,22,127,
174,26,77,
174,28,55,
174,30,74,
174,32,24,
174,35,7,
174,38,74,
174,39,7,
174,46,153,
174,52,165,
174,55,187,
174,67,107,
174,83,99,
174,84,128,
174,92,94,
174,92,176,
174,96,19,
174,99,144,
174,103,199,
174,112,194,
174,115,51,
174,117,112,
174,123,80,
174,135,190,
174,139,56,
174,140,38,
174,147,118,
174,148,89,
174,149,18,
174,151,153,
174,165,167,
174,167,71,
174,181,140,
174,184,126,
174,186,22,
174,189,180,
174,194,152,
174,198,42,
175,3,49,
175,3,148,
175,21,90,
175,30,52,
175,43,62,
175,45,28,
175,45,85,
175,50,138,
175,50,167,
175,58,155,
175,61,100,
175,69,34,
175,69,149,
175,70,157,
175,73,117,
175,78,39,
175,81,13,
175,83,144,
175,88,95,
175,91,22,
175,101,70,
175,104,4,
175,106,10,
175,108,38,
175,109,28,
175,110,2,
175,114,179,
175,127,42,
175,138,95,
175,140,166,
175,151,61,
175,151,160,
175,159,13,
175,163,197,
175,169,185,
175,172,4,
175,182,113,
175,183,42,
175,186,94,
175,188,1,
176,9,49,
176,11,134,
176,14,138,
176,22,75,
176,25,14,
176,29,187,
176,30,31,
176,35,141,
176,49,92,
176,55,144,
176,76,78,
176,78,91,
176,86,42,
176,96,138,
176,98,10,
176,105,194,
176,111,33,
176,112,46,
176,115,39,
176,116,11,
176,122,70,
176,132,121,
176,132,150,
176,135,40,
176,138,25,
176,142,89,
176,148,148,
176,153,164,
176,157,180,
176,160,92,
176,169,173,
176,181,112,
176,188,8,
177,14,68,
177,23,83,
177,27,87,
177,27,96,
177,32,176,
177,34,197,
177,35,48,
177,36,0,
177,40,147,
177,47,198,
177,52,189,
177,53,42,
177,63,36,
177,64,1,
177,68,195,
177,69,108,
177,78,137,
177,81,7,
177,84,5,
177,86,150,
177,86,172,
177,90,14,
177,93,38,
177,96,157,
177,103,2,
177,105,182,
177,108,102,
177,108,155,
177,111,28,
177,113,72,
177,120,147,
177,124,23,
177,125,140,
177,141,128,
177,147,132,
177,147,186,
177,153,41,
177,166,13,
177,176,110,
177,187,144,
177,192,158,
177,193,176,
177,196,146,
178,0,131,
178,5,126,
178,5,178,
178,13,127,
178,21,9,
178,29,97,
178,30,82,
178,33,14,
178,36,134,
178,41,124,
178,60,69,
178,69,23,
178,70,150,
178,73,106,
178,75,31,
178,75,181,
178,76,70,
178,81,17,
178,84,29,
178,87,114,
178,91,121,
178,95,92,
178,95,165,
178,102,120,
178,104,83,
178,105,28,
178,108,123,
178,114,100,
178,116,112,
178,116,140,
178,118,33,
178,146,34,
178,157,191,
178,165,122,
178,170,90,
178,170,121,
178,174,143,
178,175,142,
178,178,25,
178,181,79,
178,186,10,
179,1,40,
179,11,21,
179,21,110,
179,36,15,
179,44,169,
179,53,167,
179,57,178,
179,63,60,
179,74,105,
179,80,31,
179,80,151,
179,84,188,
179,87,131,
179,105,142,
179,107,69,
179,110,21,
179,113,37,
179,125,30,
179,137,17,
179,137,180,
179,147,49,
179,149,160,
179,154,103,
179,162,179,
179,166,162,
179,172,150,
179,181,29,
179,184,151,
179,192,43,
179,192,125,
180,0,19,
180,1,71,
180,2,70,
180,2,170,
180,6,81,
180,16,36,
180,24,134,
180,31,62,
180,32,162,
180,41,118,
180,43,3,
180,52,169,
180,56,41,
180,69,43,
180,69,63,
180,70,49,
180,75,42,
180,78,116,
180,91,174,
180,95,129,
180,122,196,
180,141,157,
180,144,1,
180,145,107,
180,147,46,
180,149,119,
180,176,25,
180,179,96,
180,179,113,
180,180,164,
180,189,199,
180,191,160,
180,192,79,
180,192,158,
181,14,25,
181,15,110,
181,16,181,
181,19,6,
181,20,186,
181,39,100,
181,53,13,
181,53,72,
181,56,128,
181,56,161,
181,59,77,
181,60,32,
181,63,186,
181,75,170,
181,76,4,
181,77,70,
181,79,3,
181,79,139,
181,86,188,
181,89,51,
181,101,136,
181,102,110,
181,105,23,
181,119,147,
181,122,47,
181,123,67,
181,124,17,
181,131,11,
181,133,10,
181,145,155,
181,151,66,
181,157,50,
181,157,167,
181,158,25,
181,164,163,
181,167,69,
181,183,127,
181,190,51,
181,192,177,
181,193,19,
182,21,57,
182,23,61,
182,50,103,
182,60,8,
182,60,171,
182,63,153,
182,70,41,
182,72,28,
182,73,136,
182,83,124,
182,84,26,
182,90,61,
182,96,24,
182,98,124,
182,98,163,
182,103,103,
182,109,14,
182,112,18,
182,116,149,
182,119,166,
182,123,153,
182,126,93,
182,130,71,
182,132,42,
182,135,194,
182,151,28,
182,155,59,
182,157,67,
182,159,162,
182,165,127,
182,172,172,
182,174,181,
182,175,65,
182,181,31,
182,186,50,
182,196,17,
183,2,115,
183,13,17,
183,16,9,
183,24,94,
183,29,112,
183,34,118,
183,35,82,
183,37,124,
183,38,45,
183,40,39,
183,46,82,
183,56,71,
183,69,97,
183,80,88,
183,84,29,
183,84,48,
183,87,35,
183,87,156,
183,111,130,
183,115,190,
183,115,199,
183,119,23,
183,120,125,
183,129,94,
183,129,154,
183,135,184,
183,137,152,
183,140,76,
183,148,78,
183,152,65,
183,167,101,
183,168,69,
183,174,85,
183,177,160,
183,182,26,
183,182,33,
183,183,193,
183,186,16,
183,187,90,
183,189,155,
183,191,48,
183,193,43,
183,197,196,
184,26,25,
184,27,56,
184,35,126,
184,46,46,
184,53,25,
184,54,152,
184,59,103,
184,64,58,
184,66,141,
184,69,183,
184,70,70,
184,71,54,
184,72,103,
184,73,8,
184,102,160,
184,107,88,
184,109,50,
184,112,83,
184,112,129,
184,116,178,
184,120,61,
184,122,41,
184,122,108,
184,122,131,
184,123,3,
184,124,16,
184,139,18,
184,153,132,
184,157,121,
184,157,151,
184,168,110,
184,169,83,
184,177,178,
184,180,87,
184,194,50,
185,1,96,
185,23,22,
185,28,10,
185,29,4,
185,30,94,
185,30,166,
185,35,59,
185,38,155,
185,46,156,
185,48,58,
185,83,143,
185,84,24,
185,86,183,
185,92,7,
185,107,80,
185,114,72,
185,120,167,
185,120,172,
185,121,132,
185,136,67,
185,141,126,
185,145,158,
185,146,194,
185,148,60,
185,158,97,
185,165,90,
185,170,132,
185,173,192,
185,179,196,
185,185,23,
185,185,63,
185,185,102,
185,190,3,
185,192,132,
185,195,121,
186,4,81,
186,9,2,
186,13,172,
186,15,191,
186,18,3,
186,18,155,
186,29,160,
186,30,58,
186,31,183,
186,36,143,
186,37,173,
186,47,140,
186,50,5,
186,50,113,
186,54,104,
186,55,137,
186,58,132,
186,61,153,
186,65,89,
186,66,147,
186,69,108,
186,79,40,
186,88,173,
186,96,53,
186,97,10,
186,99,160,
186,100,33,
186,104,158,
186,121,50,
186,125,37,
186,129,147,
186,132,125,
186,134,21,
186,139,53,
186,143,36,
186,147,162,
186,152,154,
186,156,93,
186,186,87,
186,187,19,
187,3,102,
187,4,81,
187,11,55,
187,13,32,
187,28,194,
187,29,94,
187,36,2,
187,38,62,
187,39,80,
187,41,132,
187,42,136,
187,51,31,
187,53,24,
187,55,148,
187,58,117,
187,59,55,
187,67,191,
187,69,57,
187,69,97,
187,74,2,
187,93,103,
187,101,60,
187,106,42,
187,106,84,
187,110,70,
187,117,82,
187,125,97,
187,125,185,
187,131,147,
187,134,153,
187,157,36,
187,157,184,
187,159,17,
187,172,103,
187,180,74,
187,194,147,
188,2,49,
188,10,14,
188,16,63,
188,17,29,
188,20,72,
188,21,111,
188,23,69,
188,25,176,
188,29,93,
188,29,127,
188,32,185,
188,33,84,
188,40,78,
188,46,160,
188,46,176,
188,58,149,
188,63,137,
188,69,177,
188,70,101,
188,74,44,
188,78,101,
188,85,10,
188,86,91,
188,88,61,
188,91,24,
188,107,20,
188,107,38,
188,114,51,
188,117,136,
188,130,20,
188,139,112,
188,142,92,
188,142,119,
188,145,102,
188,147,21,
188,162,135,
188,167,34,
188,167,156,
188,179,60,
188,181,113,
188,185,21,
188,187,10,
188,196,65,
188,198,13,
188,199,81,
189,8,30,
189,8,116,
189,10,157,
189,11,24,
189,29,158,
189,37,34,
189,38,64,
189,46,26,
189,52,65,
189,56,124,
189,59,182,
189,74,91,
189,93,14,
189,97,6,
189,99,122,
189,110,93,
189,110,128,
189,121,18,
189,124,153,
189,125,60,
189,128,34,
189,135,55,
189,145,51,
189,145,57,
189,146,150,
189,146,166,
189,147,156,
189,150,80,
189,156,42,
189,171,118,
189,178,41,
189,178,190,
189,179,145,
189,182,40,
189,188,43,
189,191,49,
190,9,104,
190,21,153,
190,26,23,
190,34,0,
190,37,194,
190,38,58,
190,43,195,
190,46,15,
190,46,38,
190,49,139,
190,56,12,
190,57,157,
190,59,37,
190,68,77,
190,75,14,
190,78,98,
190,84,184,
190,88,71,
190,97,76,
190,99,50,
190,100,75,
190,112,164,
190,123,72,
190,123,189,
190,133,62,
190,137,182,
190,142,147,
190,143,27,
190,159,80,
190,161,39,
190,166,12,
190,184,150,
190,186,47,
190,188,83,
191,3,44,
191,11,81,
191,11,110,
191,13,172,
191,16,195,
191,21,158,
191,23,83,
191,34,37,
191,39,59,
191,39,87,
191,43,54,
191,43,175,
191,54,78,
191,55,73,
191,62,99,
191,72,127,
191,82,89,
191,88,23,
191,98,40,
191,98,88,
191,99,65,
191,101,67,
191,101,129,
191,102,42,
191,102,57,
191,106,63,
191,106,102,
191,110,197,
191,111,92,
191,118,49,
191,119,4,
191,120,108,
191,121,95,
191,123,173,
191,128,118,
191,137,189,
191,141,14,
191,141,150,
191,144,191,
191,157,27,
191,158,25,
191,159,54,
191,164,73,
191,169,3,
191,171,137,
191,173,161,
191,174,18,
191,176,35,
191,178,68,
191,179,36,
191,184,88,
191,193,33,
191,193,165,
191,199,127,
192,4,151,
192,11,121,
192,12,145,
192,12,165,
192,14,50,
192,15,114,
192,15,177,
192,17,15,
192,19,149,
192,21,182,
192,27,162,
192,32,144,
192,37,132,
192,40,64,
192,50,134,
192,54,86,
192,58,26,
192,69,164,
192,70,191,
192,72,19,
192,81,18,
192,82,21,
192,82,64,
192,82,189,
192,83,56,
192,88,156,
192,107,88,
192,121,107,
192,125,87,
192,128,54,
192,130,141,
192,134,62,
192,144,49,
192,144,69,
192,148,64,
192,152,67,
192,154,123,
192,165,155,
192,166,66,
192,167,191,
192,171,86,
192,172,131,
192,172,152,
192,172,158,
192,179,117,
192,191,10,
192,192,192,
193,1,87,
193,8,187,
193,9,39,
193,9,47,
193,13,148,
193,30,167,
193,34,114,
193,45,74,
193,47,50,
193,50,135,
193,57,58,
193,60,152,
193,74,156,
193,79,28,
193,86,123,
193,86,165,
193,96,186,
193,98,124,
193,100,88,
193,106,2,
193,107,33,
193,107,188,
193,119,95,
193,121,22,
193,123,167,
193,127,112,
193,138,66,
193,142,35,
193,150,34,
193,150,90,
193,153,56,
193,153,111,
193,156,61,
193,164,185,
193,165,65,
193,170,107,
193,179,46,
193,181,103,
193,183,131,
193,185,86,
193,193,90,
194,7,112,
194,8,53,
194,8,92,
194,8,123,
194,11,155,
194,17,88,
194,22,118,
194,25,141,
194,26,189,
194,31,80,
194,39,32,
194,42,47,
194,49,164,
194,55,12,
194,57,161,
194,60,146,
194,72,83,
194,72,142,
194,83,163,
194,102,125,
194,108,186,
194,112,47,
194,113,128,
194,119,179,
194,119,188,
194,120,143,
194,122,115,
194,124,52,
194,125,12,
194,126,172,
194,128,67,
194,131,48,
194,133,6,
194,136,23,
194,136,192,
194,144,190,
194,147,105,
194,148,180,
194,156,62,
194,162,38,
194,165,140,
194,166,51,
194,172,192,
194,176,177,
194,177,79,
194,178,112,
194,188,170,
194,189,37,
194,189,47,
194,191,34,
194,195,174,
194,198,190,
195,2,19,
195,5,114,
195,12,71,
195,16,73,
195,18,114,
195,21,116,
195,22,121,
195,25,41,
195,26,151,
195,30,162,
195,36,53,
195,36,163,
195,52,184,
195,54,3,
195,57,34,
195,64,111,
195,69,120,
195,74,133,
195,76,42,
195,77,93,
195,78,93,
195,83,55,
195,84,140,
195,88,27,
195,95,118,
195,95,140,
195,98,70,
195,113,170,
195,116,3,
195,123,40,
195,125,69,
195,129,166,
195,131,5,
195,135,188,
195,136,141,
195,171,117,
195,173,145,
195,184,66,
195,186,12,
195,193,55,
195,193,113,
195,197,79,
196,5,125,
196,13,110,
196,13,131,
196,16,4,
196,24,15,
196,34,32,
196,47,18,
196,49,19,
196,79,9,
196,79,101,
196,84,108,
196,86,11,
196,90,75,
196,94,69,
196,95,0,
196,95,43,
196,95,114,
196,95,165,
196,95,187,
196,97,19,
196,101,128,
196,119,35,
196,120,48,
196,120,115,
196,128,4,
196,128,142,
196,140,101,
196,141,196,
196,155,149,
196,171,181,
196,182,74,
196,184,123,
196,184,152,
196,185,129,
196,186,6,
196,192,60,
196,198,105,
197,5,152,
197,6,90,
197,12,12,
197,12,38,
197,12,115,
197,12,135,
197,21,161,
197,30,145,
197,36,191,
197,39,46,
197,44,45,
197,44,81,
197,49,41,
197,54,24,
197,56,199,
197,59,55,
197,59,177,
197,69,176,
197,83,150,
197,84,92,
197,87,181,
197,88,81,
197,89,51,
197,92,138,
197,101,62,
197,111,171,
197,121,199,
197,128,103,
197,145,99,
197,152,196,
197,154,105,
197,170,85,
197,173,17,
197,173,77,
197,177,55,
197,178,113,
197,182,163,
197,184,142,
197,195,48,
198,0,179,
198,10,189,
198,18,125,
198,20,28,
198,22,42,
198,27,16,
198,32,75,
198,40,89,
198,46,180,
198,57,119,
198,57,164,
198,63,13,
198,68,4,
198,68,131,
198,73,77,
198,82,191,
198,84,129,
198,85,135,
198,95,30,
198,98,145,
198,106,104,
198,109,80,
198,110,112,
198,112,81,
198,114,174,
198,115,120,
198,119,24,
198,120,111,
198,127,45,
198,132,70,
198,133,131,
198,135,164,
198,144,66,
198,146,83,
198,147,114,
198,149,87,
198,149,165,
198,150,34,
198,154,4,
198,157,49,
198,160,6,
198,168,145,
198,170,88,
198,171,190,
198,175,32,
198,178,50,
198,180,133,
198,183,130,
198,185,44,
198,191,75,
198,193,174,
198,198,31,
199,0,51,
199,15,116,
199,19,58,
199,21,110,
199,22,43,
199,23,161,
199,24,98,
199,41,46,
199,44,191,
199,63,95,
199,67,194,
199,68,59,
199,72,164,
199,73,119,
199,75,141,
199,80,138,
199,86,198,
199,101,123,
199,120,2,
199,128,161,
199,130,84,
199,134,171,
199,141,17,
199,141,52,
199,145,148,
199,158,128,
199,159,58,
199,161,53,
199,165,149,
199,173,170,
199,176,172,
199,178,107,
199,178,122,
199,189,28,
199,189,135,
199,199,165,
