0,3,100,
0,11,179,
0,14,76,
0,20,145,
0,23,125,
0,38,171,
0,40,103,
0,56,107,
0,57,50,
0,67,197,
0,81,93,
0,91,73,
0,99,182,
0,106,70,
0,110,69,
0,111,51,
0,114,87,
0,125,57,
0,131,63,
0,134,22,
0,136,134,
0,138,75,
0,142,72,
0,148,134,
0,150,81,
0,166,33,
0,168,7,
0,168,115,
0,169,173,
0,173,72,
0,174,7,
0,180,16,
0,182,192,
0,187,36,
0,187,52,
0,195,131,
0,199,181,
1,13,93,
1,34,143,
1,52,56,
1,55,7,
1,55,56,
1,56,111,
1,65,114,
1,69,142,
1,75,64,
1,79,16,
1,84,137,
1,92,86,
1,94,137,
1,99,61,
1,109,10,
1,116,110,
1,119,188,
1,120,12,
1,120,146,
1,122,178,
1,123,153,
1,125,182,
1,127,127,
1,127,129,
1,147,72,
1,154,154,
1,158,177,
1,164,25,
1,172,61,
1,176,64,
1,176,109,
1,178,5,
1,189,71,
2,0,178,
2,8,104,
2,14,15,
2,18,27,
2,26,170,
2,35,92,
2,36,151,
2,39,116,
2,43,145,
2,54,87,
2,54,116,
2,55,108,
2,56,21,
2,58,81,
2,58,172,
2,59,34,
2,64,127,
2,68,27,
2,77,107,
2,79,115,
2,81,82,
2,100,195,
2,105,123,
2,106,187,
2,107,18,
2,109,82,
2,110,197,
2,111,71,
2,111,84,
2,116,0,
2,116,79,
2,123,161,
2,127,172,
2,128,44,
2,137,115,
2,140,78,
2,151,44,
2,151,175,
2,153,82,
2,167,24,
2,168,182,
2,172,72,
2,174,130,
2,176,61,
2,183,32,
2,187,172,
2,189,71,
2,191,78,
2,191,126,
2,192,177,
2,197,8,
3,6,121,
3,6,195,
3,7,54,
3,13,43,
3,15,0,
3,18,5,
3,30,78,
3,40,81,
3,55,0,
3,57,36,
3,62,69,
3,62,151,
3,64,138,
3,75,152,
3,79,96,
3,87,4,
3,89,73,
3,89,75,
3,90,157,
3,92,166,
3,96,156,
3,109,173,
3,116,17,
3,117,142,
3,127,52,
3,127,103,
3,132,191,
3,146,30,
3,158,197,
3,161,1,
3,164,181,
3,165,91,
3,172,155,
3,173,138,
3,174,82,
3,175,176,
3,177,118,
3,186,46,
3,187,26,
3,189,68,
3,195,140,
3,199,6,
4,4,137,
4,11,106,
4,15,128,
4,15,198,
4,26,9,
4,29,20,
4,31,162,
4,31,185,
4,35,68,
4,42,82,
4,45,54,
4,45,184,
4,47,93,
4,47,199,
4,50,88,
4,52,88,
4,53,48,
4,54,137,
4,63,189,
4,69,85,
4,73,199,
4,78,152,
4,87,172,
4,89,58,
4,97,135,
4,98,32,
4,100,121,
4,103,25,
4,104,41,
4,104,166,
4,113,25,
4,119,51,
4,128,44,
4,131,29,
4,134,129,
4,136,182,
4,139,153,
4,140,61,
4,141,189,
4,144,53,
4,146,112,
4,149,185,
4,152,1,
4,159,114,
4,172,170,
4,178,178,
4,182,63,
4,187,110,
4,189,8,
4,196,147,
5,5,58,
5,7,56,
5,9,41,
5,17,1,
5,24,38,
5,29,30,
5,36,4,
5,38,175,
5,42,94,
5,44,191,
5,45,103,
5,46,1,
5,50,23,
5,52,182,
5,56,144,
5,58,99,
5,62,126,
5,70,31,
5,74,161,
5,75,197,
5,80,108,
5,89,39,
5,93,37,
5,98,120,
5,107,26,
5,120,19,
5,142,42,
5,142,92,
5,160,104,
5,162,131,
5,180,138,
5,186,177,
5,187,156,
5,193,39,
6,18,103,
6,25,115,
6,42,177,
6,43,138,
6,53,26,
6,56,66,
6,58,152,
6,62,64,
6,65,139,
6,66,82,
6,79,70,
6,83,74,
6,90,149,
6,102,105,
6,106,188,
6,112,141,
6,116,92,
6,124,198,
6,128,53,
6,129,179,
6,130,32,
6,132,193,
6,133,94,
6,133,119,
6,137,80,
6,146,7,
6,146,75,
6,163,15,
6,165,38,
6,165,69,
6,166,128,
6,170,62,
6,172,188,
6,182,126,
6,183,23,
6,192,187,
6,194,32,
7,1,131,
7,1,161,
7,12,182,
7,49,180,
7,54,191,
7,58,10,
7,62,186,
7,77,70,
7,80,121,
7,81,111,
7,88,174,
7,95,140,
7,96,71,
7,98,21,
7,109,32,
7,109,56,
7,115,168,
7,116,30,
7,121,131,
7,130,60,
7,134,50,
7,138,164,
7,141,13,
7,146,58,
7,150,150,
7,151,88,
7,161,18,
7,163,187,
7,170,34,
7,171,181,
7,186,3,
7,195,41,
8,17,77,
8,23,22,
8,35,106,
8,41,19,
8,42,116,
8,48,140,
8,56,14,
8,57,32,
8,61,10,
8,67,73,
8,72,137,
8,76,158,
8,82,61,
8,85,6,
8,89,34,
8,92,141,
8,96,180,
8,97,124,
8,105,168,
8,109,85,
8,116,151,
8,119,195,
8,123,65,
8,128,160,
8,131,11,
8,136,180,
8,147,143,
8,148,193,
8,149,164,
8,151,189,
8,154,71,
8,157,169,
8,158,132,
8,159,161,
8,162,191,
8,164,8,
8,171,110,
8,172,3,
8,173,69,
8,182,71,
8,183,140,
8,185,168,
9,1,47,
9,11,11,
9,11,30,
9,11,74,
9,15,53,
9,15,170,
9,16,34,
9,17,128,
9,24,92,
9,24,181,
9,38,22,
9,42,19,
9,49,41,
9,49,172,
9,51,106,
9,63,17,
9,72,171,
9,75,131,
9,79,89,
9,86,132,
9,89,194,
9,91,109,
9,93,97,
9,95,83,
9,99,34,
9,113,188,
9,153,114,
9,156,60,
9,168,158,
9,174,192,
9,177,81,
9,184,48,
9,185,5,
9,186,120,
9,187,76,
9,191,2,
9,199,153,
10,0,95,
10,15,52,
10,18,154,
10,22,76,
10,27,24,
10,28,120,
10,28,147,
10,32,151,
10,34,11,
10,38,128,
10,45,41,
10,46,83,
10,49,0,
10,52,126,
10,59,193,
10,66,177,
10,73,116,
10,80,36,
10,81,72,
10,85,25,
10,87,187,
10,88,170,
10,89,138,
10,103,172,
10,113,99,
10,116,139,
10,117,109,
10,130,129,
10,133,37,
10,135,140,
10,139,42,
10,143,112,
10,145,128,
10,150,164,
10,168,57,
10,183,34,
10,184,78,
10,185,77,
10,187,21,
10,191,92,
10,192,180,
10,194,36,
10,195,9,
10,197,166,
11,7,78,
11,9,61,
11,11,140,
11,15,63,
11,22,23,
11,22,197,
11,26,178,
11,44,60,
11,44,141,
11,55,166,
11,56,67,
11,61,163,
11,62,194,
11,63,126,
11,67,182,
11,75,125,
11,80,6,
11,80,199,
11,88,51,
11,88,75,
11,92,43,
11,94,194,
11,95,147,
11,114,79,
11,123,87,
11,123,199,
11,124,120,
11,130,82,
11,137,156,
11,141,175,
11,146,18,
11,149,71,
11,149,127,
11,153,60,
11,157,53,
11,158,107,
11,158,182,
11,160,48,
11,161,130,
11,162,164,
11,165,146,
11,172,13,
11,181,17,
11,184,148,
11,193,82,
12,9,82,
12,16,170,
12,19,148,
12,32,114,
12,33,30,
12,38,115,
12,43,18,
12,48,151,
12,68,172,
12,70,35,
12,76,66,
12,82,140,
12,84,42,
12,90,155,
12,91,199,
12,101,22,
12,108,45,
12,111,68,
12,117,138,
12,124,106,
12,130,116,
12,130,147,
12,133,29,
12,141,51,
12,144,17,
12,150,76,
12,161,154,
12,168,163,
12,170,15,
12,173,98,
12,174,49,
12,184,26,
12,185,145,
12,187,26,
12,196,189,
13,0,199,
13,1,33,
13,10,35,
13,18,64,
13,22,112,
13,23,159,
13,28,188,
13,31,110,
13,31,120,
13,33,107,
13,37,175,
13,39,153,
13,41,130,
13,43,51,
13,47,91,
13,49,88,
13,52,191,
13,63,118,
13,80,58,
13,90,188,
13,108,39,
13,108,103,
13,114,52,
13,115,27,
13,132,3,
13,136,101,
13,139,65,
13,140,174,
13,143,182,
13,147,18,
13,148,138,
13,149,140,
13,150,76,
13,151,161,
13,153,22,
13,155,98,
13,163,147,
13,172,36,
13,172,188,
13,173,120,
13,175,76,
13,176,156,
13,178,65,
13,183,79,
13,190,0,
13,190,172,
13,196,31,
13,198,3,
14,0,148,
14,2,82,
14,3,15,
14,14,63,
14,15,13,
14,15,113,
14,16,196,
14,25,25,
14,32,94,
14,37,192,
14,44,100,
14,45,25,
14,49,138,
14,51,138,
14,65,51,
14,73,80,
14,75,137,
14,75,148,
14,80,54,
14,82,45,
14,84,44,
14,92,87,
14,94,113,
14,101,9,
14,101,108,
14,102,45,
14,107,66,
14,117,173,
14,128,93,
14,129,185,
14,131,101,
14,138,40,
14,168,82,
14,169,6,
14,172,10,
14,174,71,
14,176,57,
14,178,50,
14,181,87,
14,183,31,
14,186,136,
14,187,195,
14,190,64,
14,192,144,
14,199,120,
15,6,177,
15,15,139,
15,15,139,
15,16,88,
15,20,79,
15,53,89,
15,59,44,
15,60,11,
15,61,1,
15,63,184,
15,64,31,
15,68,104,
15,69,13,
15,70,66,
15,73,40,
15,75,176,
15,76,72,
15,87,0,
15,87,110,
15,96,111,
15,100,18,
15,102,6,
15,104,96,
15,107,168,
15,110,86,
15,135,79,
15,135,195,
15,142,132,
15,162,96,
15,162,180,
15,168,53,
15,170,143,
15,188,4,
15,193,61,
15,194,167,
15,195,83,
16,2,83,
16,4,163,
16,7,51,
16,9,187,
16,13,131,
16,14,11,
16,21,135,
16,28,63,
16,39,6,
16,39,65,
16,42,23,
16,42,36,
16,45,31,
16,50,158,
16,52,90,
16,52,182,
16,61,170,
16,71,73,
16,78,5,
16,84,106,
16,97,191,
16,104,34,
16,104,66,
16,114,62,
16,120,183,
16,126,39,
16,127,125,
16,138,114,
16,146,90,
16,147,42,
16,150,195,
16,155,177,
16,158,121,
16,162,83,
16,163,138,
16,167,185,
16,169,198,
16,171,102,
16,173,157,
16,178,195,
16,182,80,
16,187,171,
17,12,15,
17,15,31,
17,20,74,
17,25,125,
17,37,115,
17,49,29,
17,67,77,
17,79,79,
17,94,64,
17,95,57,
17,97,51,
17,100,77,
17,101,109,
17,106,190,
17,117,123,
17,119,46,
17,120,68,
17,121,5,
17,131,108,
17,134,139,
17,137,21,
17,139,133,
17,140,54,
17,147,52,
17,152,93,
17,153,8,
17,156,119,
17,164,8,
17,164,179,
17,171,51,
17,181,85,
17,186,172,
17,191,138,
17,193,61,
17,193,192,
17,194,73,
17,197,119,
17,198,45,
18,12,78,
18,17,0,
18,23,164,
18,25,179,
18,32,115,
18,33,132,
18,36,165,
18,42,197,
18,53,106,
18,69,41,
18,71,47,
18,71,130,
18,71,142,
18,76,63,
18,83,56,
18,89,54,
18,90,143,
18,92,56,
18,100,119,
18,108,93,
18,111,77,
18,122,164,
18,127,137,
18,131,58,
18,147,12,
18,151,10,
18,153,149,
18,161,157,
18,172,34,
18,174,40,
18,179,98,
18,184,30,
18,186,63,
18,190,3,
18,193,126,
19,1,180,
19,2,130,
19,3,152,
19,4,50,
19,5,44,
19,8,156,
19,9,196,
19,12,167,
19,21,179,
19,22,151,
19,31,133,
19,33,34,
19,38,175,
19,41,192,
19,42,104,
19,54,52,
19,55,103,
19,60,162,
19,62,23,
19,62,122,
19,64,176,
19,66,82,
19,78,74,
19,81,86,
19,82,167,
19,83,172,
19,85,15,
19,88,5,
19,91,98,
19,93,125,
19,100,181,
19,101,52,
19,105,114,
19,111,170,
19,112,121,
19,113,176,
19,126,124,
19,133,151,
19,134,124,
19,141,88,
19,147,67,
19,148,89,
19,151,179,
19,154,160,
19,160,70,
19,165,86,
19,177,122,
19,180,74,
19,181,101,
19,188,24,
19,189,106,
19,192,61,
19,192,62,
19,193,167,
19,196,196,
20,3,106,
20,10,2,
20,14,28,
20,16,98,
20,17,131,
20,28,43,
20,40,69,
20,42,30,
20,42,61,
20,54,123,
20,55,184,
20,57,14,
20,59,189,
20,62,75,
20,67,197,
20,68,66,
20,68,92,
20,71,30,
20,72,81,
20,80,82,
20,87,9,
20,87,45,
20,87,85,
20,91,129,
20,91,136,
20,96,191,
20,106,64,
20,108,131,
20,110,62,
20,113,15,
20,113,47,
20,115,46,
20,116,4,
20,116,14,
20,116,72,
20,117,110,
20,118,185,
20,119,35,
20,122,165,
20,128,85,
20,129,12,
20,136,74,
20,138,104,
20,144,90,
20,146,8,
20,152,157,
20,156,65,
20,159,132,
20,163,32,
20,171,166,
20,175,8,
20,183,196,
20,192,144,
20,193,41,
20,195,63,
21,20,181,
21,30,14,
21,33,1,
21,42,119,
21,43,139,
21,57,58,
21,61,99,
21,63,31,
21,70,60,
21,76,131,
21,78,94,
21,79,6,
21,98,8,
21,105,10,
21,105,89,
21,111,29,
21,113,60,
21,118,187,
21,120,61,
21,122,141,
21,125,28,
21,126,54,
21,127,198,
21,130,3,
21,131,15,
21,142,159,
21,146,162,
21,158,10,
21,164,170,
21,165,173,
21,170,73,
21,173,6,
21,175,69,
21,177,5,
21,179,168,
21,185,109,
21,190,79,
21,191,103,
21,198,43,
22,9,199,
22,18,40,
22,22,7,
22,22,184,
22,26,117,
22,41,153,
22,51,171,
22,59,156,
22,60,99,
22,64,0,
22,76,171,
22,77,163,
22,79,182,
22,82,177,
22,83,66,
22,84,85,
22,85,26,
22,98,148,
22,119,37,
22,119,62,
22,122,190,
22,125,88,
22,128,178,
22,130,55,
22,132,102,
22,138,66,
22,145,9,
22,149,75,
22,149,143,
22,152,72,
22,153,153,
22,154,189,
22,176,11,
22,178,71,
22,183,77,
22,190,17,
23,5,145,
23,8,151,
23,17,98,
23,18,69,
23,21,38,
23,35,129,
23,42,108,
23,45,11,
23,52,75,
23,55,129,
23,61,159,
23,76,85,
23,79,1,
23,84,156,
23,86,72,
23,91,179,
23,100,37,
23,102,2,
23,102,192,
23,108,8,
23,111,66,
23,116,193,
23,124,11,
23,124,20,
23,124,74,
23,128,18,
23,136,156,
23,141,20,
23,144,54,
23,146,149,
23,147,160,
23,149,34,
23,154,194,
23,157,1,
23,165,97,
23,174,54,
23,185,39,
23,194,155,
23,197,74,
24,0,120,
24,4,137,
24,8,66,
24,12,75,
24,14,135,
24,18,19,
24,28,143,
24,55,117,
24,57,84,
24,63,34,
24,88,31,
24,95,84,
24,99,32,
24,100,143,
24,102,69,
24,104,177,
24,104,190,
24,109,24,
24,115,185,
24,117,0,
24,118,97,
24,118,169,
24,119,46,
24,122,5,
24,124,24,
24,140,163,
24,150,112,
24,152,161,
24,156,171,
24,157,64,
24,158,3,
24,158,181,
24,159,84,
24,163,163,
24,178,139,
24,189,187,
24,189,195,
24,192,51,
24,195,72,
24,196,118,
25,4,45,
25,6,121,
25,10,197,
25,11,152,
25,18,139,
25,22,155,
25,26,168,
25,31,78,
25,33,67,
25,39,44,
25,39,131,
25,45,160,
25,54,7,
25,61,41,
25,61,50,
25,62,116,
25,63,137,
25,70,29,
25,71,39,
25,75,2,
25,79,25,
25,85,86,
25,93,122,
25,93,136,
25,107,73,
25,107,151,
25,114,159,
25,118,60,
25,119,106,
25,136,103,
25,144,121,
25,145,112,
25,147,14,
25,148,52,
25,149,120,
25,153,178,
25,157,41,
25,160,129,
25,174,131,
25,178,61,
25,180,151,
25,182,160,
25,185,33,
26,0,119,
26,17,54,
26,18,99,
26,21,10,
26,34,62,
26,51,2,
26,59,61,
26,73,141,
26,74,84,
26,74,170,
26,77,131,
26,78,179,
26,80,73,
26,80,144,
26,86,11,
26,90,108,
26,92,67,
26,93,15,
26,114,184,
26,119,112,
26,128,48,
26,128,160,
26,138,118,
26,147,157,
26,149,45,
26,151,109,
26,153,166,
26,154,84,
26,154,144,
26,154,185,
26,156,64,
26,166,189,
26,168,5,
26,174,95,
26,177,54,
26,180,71,
26,187,83,
26,189,107,
26,193,147,
26,194,92,
26,195,155,
26,197,78,
27,3,156,
27,15,79,
27,19,158,
27,22,115,
27,23,110,
27,30,19,
27,34,64,
27,38,195,
27,40,177,
27,46,152,
27,49,127,
27,58,59,
27,71,73,
27,83,20,
27,89,35,
27,93,53,
27,94,11,
27,104,151,
27,107,177,
27,121,100,
27,122,67,
27,125,129,
27,130,119,
27,138,198,
27,140,54,
27,145,86,
27,146,199,
27,149,174,
27,152,87,
27,159,4,
27,180,99,
27,182,162,
27,187,115,
27,192,57,
28,26,3,
28,27,80,
28,28,140,
28,38,142,
28,45,39,
28,56,116,
28,58,94,
28,63,17,
28,64,6,
28,66,84,
28,67,97,
28,78,175,
28,81,76,
28,83,178,
28,90,77,
28,92,139,
28,104,126,
28,107,99,
28,114,154,
28,119,188,
28,125,18,
28,129,104,
28,132,30,
28,148,167,
28,156,170,
28,156,192,
28,168,134,
28,173,122,
28,173,134,
28,174,121,
28,175,101,
28,177,119,
28,186,189,
28,188,75,
28,190,9,
28,192,147,
28,196,165,
29,0,134,
29,21,91,
29,39,68,
29,41,66,
29,47,122,
29,59,185,
29,63,1,
29,65,158,
29,66,80,
29,68,136,
29,74,115,
29,98,17,
29,99,120,
29,101,179,
29,103,195,
29,105,151,
29,106,48,
29,106,48,
29,108,8,
29,111,113,
29,120,74,
29,133,39,
29,133,78,
29,143,5,
29,143,44,
29,145,136,
29,145,192,
29,168,159,
29,172,77,
29,177,26,
29,186,35,
29,189,47,
30,0,182,
30,3,90,
30,10,73,
30,21,130,
30,24,77,
30,26,86,
30,29,70,
30,31,20,
30,39,37,
30,45,147,
30,46,105,
30,49,93,
30,59,147,
30,66,51,
30,67,148,
30,74,194,
30,80,84,
30,83,145,
30,88,180,
30,88,193,
30,91,15,
30,96,30,
30,98,88,
30,98,184,
30,106,34,
30,112,176,
30,117,62,
30,118,109,
30,125,124,
30,126,100,
30,131,148,
30,132,94,
30,133,18,
30,143,185,
30,151,43,
30,162,25,
30,164,179,
30,167,24,
30,177,87,
30,187,80,
31,0,101,
31,0,163,
31,4,162,
31,8,70,
31,12,173,
31,14,121,
31,19,198,
31,22,109,
31,25,151,
31,33,193,
31,42,81,
31,45,197,
31,50,10,
31,52,63,
31,52,179,
31,54,119,
31,67,118,
31,74,145,
31,74,146,
31,77,154,
31,82,98,
31,83,110,
31,105,155,
31,105,162,
31,107,44,
31,120,152,
31,123,43,
31,124,102,
31,128,82,
31,128,172,
31,133,97,
31,156,49,
31,163,197,
31,165,46,
31,166,122,
31,177,192,
31,183,0,
31,186,118,
31,187,31,
31,193,160,
31,194,75,
32,1,93,
32,4,153,
32,5,41,
32,5,66,
32,15,152,
32,17,98,
32,18,19,
32,31,68,
32,50,150,
32,56,65,
32,60,6,
32,63,159,
32,65,161,
32,73,91,
32,76,48,
32,79,131,
32,87,16,
32,92,17,
32,93,57,
32,97,74,
32,98,183,
32,113,88,
32,114,134,
32,119,98,
32,122,27,
32,124,174,
32,132,183,
32,132,188,
32,135,163,
32,142,23,
32,143,26,
32,144,113,
32,148,93,
32,155,102,
32,168,105,
32,171,0,
32,171,59,
32,176,175,
32,188,8,
33,7,98,
33,15,98,
33,24,64,
33,27,5,
33,27,44,
33,35,139,
33,41,30,
33,45,28,
33,46,96,
33,51,50,
33,54,27,
33,57,109,
33,60,159,
33,61,108,
33,61,108,
33,63,13,
33,64,176,
33,80,119,
33,96,92,
33,99,67,
33,101,2,
33,101,191,
33,111,145,
33,117,61,
33,120,112,
33,121,125,
33,128,47,
33,130,61,
33,135,171,
33,136,151,
33,143,142,
33,146,66,
33,146,189,
33,151,53,
33,153,135,
33,159,125,
33,165,194,
33,180,98,
33,183,196,
33,186,191,
33,187,192,
33,190,157,
33,194,93,
33,197,87,
33,198,45,
33,198,193,
34,1,66,
34,3,35,
34,17,193,
34,18,147,
34,20,165,
34,28,188,
34,29,6,
34,31,178,
34,52,84,
34,56,97,
34,80,11,
34,86,19,
34,87,17,
34,90,64,
34,99,94,
34,99,168,
34,103,173,
34,107,76,
34,122,65,
34,124,196,
34,125,34,
34,125,61,
34,125,71,
34,138,91,
34,143,174,
34,148,0,
34,164,183,
34,170,171,
34,180,3,
34,182,45,
34,182,168,
34,186,56,
34,194,34,
34,197,25,
35,2,42,
35,3,123,
35,8,13,
35,13,110,
35,19,21,
35,33,80,
35,39,22,
35,40,121,
35,47,53,
35,55,198,
35,70,101,
35,79,145,
35,82,10,
35,82,150,
35,85,129,
35,87,63,
35,91,156,
35,93,162,
35,101,186,
35,111,185,
35,114,39,
35,118,70,
35,125,167,
35,139,144,
35,146,156,
35,148,65,
35,148,150,
35,155,172,
35,165,145,
35,182,153,
35,184,58,
35,186,170,
35,191,190,
35,198,94,
36,14,196,
36,14,197,
36,32,159,
36,42,76,
36,47,171,
36,52,141,
36,54,70,
36,58,108,
36,61,35,
36,62,187,
36,65,9,
36,80,157,
36,85,96,
36,94,122,
36,94,149,
36,103,117,
36,104,148,
36,118,147,
36,120,113,
36,120,176,
36,129,168,
36,143,101,
36,153,165,
36,164,151,
36,168,99,
36,174,165,
36,179,74,
36,184,34,
36,186,175,
36,188,103,
36,191,46,
36,197,24,
36,197,193,
37,8,53,
37,19,95,
37,20,116,
37,25,26,
37,31,182,
37,51,12,
37,54,39,
37,65,55,
37,67,154,
37,75,40,
37,75,58,
37,81,143,
37,82,144,
37,91,78,
37,91,141,
37,95,109,
37,96,31,
37,101,140,
37,105,41,
37,108,45,
37,110,197,
37,122,23,
37,125,56,
37,126,190,
37,131,50,
37,135,167,
37,159,39,
37,160,48,
37,167,175,
37,176,142,
37,188,35,
37,190,15,
38,3,12,
38,7,40,
38,28,107,
38,34,162,
38,37,104,
38,41,57,
38,47,31,
38,47,171,
38,75,106,
38,78,197,
38,87,101,
38,87,170,
38,102,53,
38,109,136,
38,109,199,
38,114,49,
38,116,90,
38,120,199,
38,144,163,
38,153,167,
38,164,187,
38,168,19,
38,185,97,
38,189,37,
38,193,18,
38,195,92,
38,198,193,
39,9,88,
39,17,67,
39,18,104,
39,30,155,
39,31,196,
39,33,12,
39,41,117,
39,53,30,
39,55,78,
39,63,134,
39,65,85,
39,71,103,
39,72,113,
39,81,70,
39,82,191,
39,87,7,
39,87,49,
39,92,47,
39,132,38,
39,134,52,
39,136,45,
39,140,71,
39,147,193,
39,153,57,
39,156,181,
39,160,5,
39,165,13,
39,166,114,
39,168,57,
39,169,31,
39,175,32,
39,182,140,
39,183,71,
39,186,56,
39,189,116,
39,195,160,
39,199,193,
40,19,94,
40,27,130,
40,33,186,
40,40,157,
40,43,87,
40,48,27,
40,59,141,
40,61,48,
40,89,190,
40,92,112,
40,101,146,
40,104,59,
40,107,39,
40,119,98,
40,122,142,
40,127,17,
40,127,132,
40,139,41,
40,139,198,
40,144,47,
40,144,181,
40,146,181,
40,148,105,
40,155,72,
40,155,175,
40,166,87,
40,167,194,
40,168,153,
40,169,132,
40,174,102,
40,175,49,
40,175,101,
40,178,119,
40,183,106,
40,189,189,
40,190,13,
40,190,127,
40,192,34,
40,193,185,
40,199,105,
41,8,63,
41,12,12,
41,15,48,
41,29,140,
41,32,92,
41,33,146,
41,42,166,
41,45,150,
41,48,27,
41,51,139,
41,64,92,
41,70,193,
41,80,109,
41,85,73,
41,94,194,
41,98,85,
41,101,180,
41,115,94,
41,124,181,
41,126,23,
41,141,103,
41,147,162,
41,153,92,
41,154,157,
41,176,178,
41,181,69,
41,181,95,
41,187,12,
42,1,117,
42,1,155,
42,3,119,
42,5,123,
42,8,179,
42,14,84,
42,15,123,
42,19,104,
42,21,190,
42,23,181,
42,25,72,
42,28,31,
42,28,40,
42,32,135,
42,37,109,
42,37,137,
42,45,171,
42,48,178,
42,57,54,
42,74,30,
42,74,131,
42,76,157,
42,77,172,
42,78,45,
42,79,107,
42,81,3,
42,91,151,
42,102,37,
42,112,118,
42,116,108,
42,119,114,
42,132,95,
42,137,91,
42,138,155,
42,142,60,
42,143,165,
42,149,60,
42,149,139,
42,160,27,
42,162,191,
42,163,20,
42,163,113,
42,167,0,
42,169,39,
42,171,92,
42,178,50,
42,183,28,
42,183,42,
42,186,2,
42,192,116,
42,193,101,
42,198,63,
43,0,89,
43,5,136,
43,6,4,
43,7,108,
43,13,173,
43,21,177,
43,23,107,
43,25,188,
43,26,21,
43,31,197,
43,39,23,
43,46,151,
43,52,81,
43,66,75,
43,68,51,
43,92,182,
43,94,138,
43,96,134,
43,103,105,
43,138,141,
43,146,66,
43,146,106,
43,146,168,
43,149,58,
43,154,126,
43,165,104,
43,180,11,
43,181,90,
43,184,111,
43,188,95,
43,194,56,
43,195,8,
44,0,121,
44,4,38,
44,11,63,
44,13,7,
44,18,45,
44,20,151,
44,36,4,
44,43,33,
44,47,189,
44,48,151,
44,55,178,
44,61,2,
44,63,33,
44,64,135,
44,65,199,
44,69,82,
44,70,66,
44,81,34,
44,83,91,
44,84,60,
44,86,37,
44,93,23,
44,103,190,
44,104,189,
44,105,115,
44,107,87,
44,122,103,
44,136,177,
44,137,169,
44,141,178,
44,144,129,
44,149,133,
44,153,161,
44,153,165,
44,155,4,
44,157,6,
44,161,26,
44,172,193,
44,173,191,
44,176,18,
44,176,119,
44,177,16,
44,178,34,
44,186,139,
44,188,108,
44,188,139,
44,193,195,
44,195,129,
45,7,134,
45,9,130,
45,13,180,
45,15,167,
45,16,59,
45,17,58,
45,22,19,
45,27,124,
45,43,33,
45,43,36,
45,49,23,
45,58,134,
45,58,167,
45,60,7,
45,67,82,
45,69,115,
45,69,124,
45,75,184,
45,76,137,
45,79,66,
45,79,183,
45,88,150,
45,94,18,
45,104,88,
45,106,55,
45,107,170,
45,119,47,
45,126,155,
45,132,180,
45,133,64,
45,137,154,
45,152,94,
45,155,53,
45,166,196,
45,171,89,
45,178,160,
45,183,150,
45,188,43,
45,199,61,
46,6,35,
46,14,32,
46,18,199,
46,26,86,
46,27,31,
46,36,42,
46,40,89,
46,54,7,
46,59,175,
46,71,78,
46,73,160,
46,82,94,
46,82,138,
46,86,138,
46,88,116,
46,88,168,
46,90,19,
46,91,107,
46,105,82,
46,106,7,
46,125,184,
46,134,117,
46,134,129,
46,141,124,
46,146,176,
46,158,82,
46,158,87,
46,162,129,
46,165,181,
46,165,181,
46,173,183,
46,186,80,
46,193,65,
46,199,193,
47,3,55,
47,5,149,
47,6,196,
47,9,37,
47,9,71,
47,9,168,
47,10,165,
47,11,46,
47,13,180,
47,19,123,
47,20,173,
47,29,185,
47,30,182,
47,37,32,
47,39,118,
47,40,41,
47,42,54,
47,57,13,
47,57,78,
47,58,89,
47,65,15,
47,70,52,
47,79,31,
47,87,69,
47,92,178,
47,98,78,
47,99,48,
47,100,156,
47,107,4,
47,108,101,
47,109,108,
47,110,6,
47,111,3,
47,116,55,
47,125,50,
47,132,39,
47,135,150,
47,141,44,
47,141,53,
47,160,163,
47,167,24,
47,167,183,
47,173,81,
47,174,164,
47,180,23,
47,186,148,
47,186,151,
47,192,152,
48,16,86,
48,19,32,
48,21,150,
48,21,164,
48,24,91,
48,24,113,
48,24,188,
48,25,141,
48,32,31,
48,43,29,
48,43,124,
48,45,83,
48,49,99,
48,52,87,
48,53,192,
48,56,141,
48,62,50,
48,64,176,
48,69,73,
48,73,159,
48,75,110,
48,82,162,
48,83,15,
48,87,14,
48,97,41,
48,110,31,
48,111,52,
48,111,140,
48,119,172,
48,137,153,
48,138,116,
48,140,175,
48,142,154,
48,149,149,
48,151,118,
48,152,47,
48,156,126,
48,158,159,
48,168,21,
48,177,179,
48,182,24,
48,185,98,
48,188,33,
49,11,77,
49,12,67,
49,14,118,
49,21,181,
49,47,66,
49,48,141,
49,50,74,
49,50,181,
49,51,119,
49,51,169,
49,53,61,
49,56,78,
49,56,133,
49,62,59,
49,64,42,
49,65,135,
49,72,140,
49,75,117,
49,78,168,
49,86,57,
49,86,191,
49,87,186,
49,93,39,
49,95,64,
49,97,140,
49,119,17,
49,122,10,
49,124,161,
49,126,104,
49,133,104,
49,139,80,
49,139,156,
49,145,41,
49,148,160,
49,158,189,
49,159,33,
49,170,143,
49,173,94,
49,173,183,
49,174,103,
49,174,196,
49,179,169,
49,183,55,
49,185,176,
49,190,158,
49,194,23,
50,13,79,
50,44,87,
50,56,40,
50,62,17,
50,64,185,
50,66,186,
50,73,20,
50,92,163,
50,98,179,
50,104,130,
50,109,66,
50,114,3,
50,125,22,
50,127,94,
50,128,135,
50,148,116,
50,149,170,
50,180,26,
50,182,197,
50,188,49,
50,189,185,
50,193,69,
50,197,116,
51,4,97,
51,7,174,
51,7,193,
51,19,44,
51,25,84,
51,31,53,
51,33,0,
51,33,181,
51,35,168,
51,39,190,
51,41,36,
51,44,61,
51,60,19,
51,62,39,
51,62,153,
51,63,144,
51,64,101,
51,71,137,
51,77,55,
51,77,81,
51,93,33,
51,105,4,
51,110,90,
51,112,10,
51,117,106,
51,118,19,
51,119,49,
51,134,127,
51,139,194,
51,140,78,
51,141,5,
51,141,91,
51,150,175,
51,155,23,
51,155,95,
51,156,69,
51,159,88,
51,164,89,
51,165,157,
51,171,83,
51,181,166,
51,183,16,
51,185,69,
51,187,167,
51,195,112,
51,198,64,
52,2,13,
52,4,128,
52,11,166,
52,22,82,
52,40,107,
52,40,193,
52,43,87,
52,46,4,
52,46,71,
52,52,62,
52,57,125,
52,67,130,
52,71,14,
52,76,78,
52,83,161,
52,96,157,
52,102,106,
52,102,185,
52,104,165,
52,113,87,
52,115,98,
52,116,167,
52,121,7,
52,121,165,
52,127,29,
52,129,143,
52,135,124,
52,157,102,
52,157,163,
52,160,181,
52,176,125,
52,178,163,
52,188,144,
52,189,67,
52,194,103,
52,195,137,
52,197,177,
53,6,166,
53,15,74,
53,16,22,
53,28,26,
53,39,111,
53,46,10,
53,47,50,
53,51,128,
53,58,189,
53,67,68,
53,69,7,
53,71,197,
53,81,6,
53,84,121,
53,84,143,
53,93,23,
53,93,58,
53,94,116,
53,98,29,
53,100,82,
53,102,183,
53,104,143,
53,107,72,
53,118,22,
53,124,130,
53,131,45,
53,131,154,
53,144,140,
53,146,96,
53,154,130,
53,160,80,
53,169,78,
53,170,32,
53,176,45,
53,180,94,
53,185,42,
53,191,146,
53,193,1,
53,194,45,
53,194,109,
54,14,56,
54,16,135,
54,22,58,
54,23,25,
54,30,132,
54,43,19,
54,66,89,
54,74,61,
54,75,27,
54,75,47,
54,78,86,
54,81,194,
54,83,76,
54,85,7,
54,85,61,
54,90,90,
54,103,56,
54,124,64,
54,125,94,
54,128,140,
54,129,138,
54,133,67,
54,134,103,
54,134,169,
54,135,165,
54,143,57,
54,145,172,
54,148,181,
54,149,109,
54,151,173,
54,155,112,
54,155,138,
54,166,161,
54,177,33,
54,180,178,
54,181,90,
54,181,98,
54,189,125,
54,193,184,
54,194,83,
54,195,113,
55,9,157,
55,15,143,
55,16,92,
55,16,119,
55,23,116,
55,32,79,
55,36,137,
55,40,28,
55,44,130,
55,45,82,
55,49,166,
55,55,111,
55,65,4,
55,65,34,
55,66,93,
55,66,124,
55,77,102,
55,79,55,
55,79,104,
55,79,147,
55,82,196,
55,92,55,
55,97,181,
55,102,61,
55,107,103,
55,112,130,
55,120,111,
55,125,90,
55,129,26,
55,131,194,
55,147,136,
55,153,128,
55,155,36,
55,173,118,
55,180,94,
55,189,132,
55,194,186,
55,197,146,
55,197,175,
55,199,57,
56,16,48,
56,18,189,
56,19,65,
56,23,142,
56,37,59,
56,39,18,
56,60,172,
56,63,170,
56,74,126,
56,76,113,
56,84,22,
56,90,109,
56,94,100,
56,109,69,
56,109,85,
56,114,185,
56,117,86,
56,127,81,
56,151,161,
56,152,93,
56,152,104,
56,152,169,
56,153,115,
56,154,94,
56,154,151,
56,165,176,
56,167,67,
56,172,38,
56,192,78,
57,2,33,
57,3,87,
57,17,75,
57,17,118,
57,19,19,
57,20,174,
57,28,125,
57,32,49,
57,33,16,
57,41,127,
57,44,53,
57,45,43,
57,49,134,
57,55,160,
57,56,98,
57,59,3,
57,61,121,
57,79,131,
57,81,16,
57,101,190,
57,104,194,
57,118,40,
57,120,87,
57,126,67,
57,126,140,
57,145,155,
57,151,24,
57,151,166,
57,155,187,
57,161,180,
57,164,159,
57,174,139,
57,182,168,
57,185,78,
57,185,175,
57,190,46,
57,198,52,
57,198,75,
58,0,13,
58,2,68,
58,8,1,
58,9,23,
58,9,121,
58,11,158,
58,18,52,
58,29,11,
58,35,107,
58,38,104,
58,44,168,
58,46,176,
58,47,160,
58,51,184,
58,53,32,
58,55,179,
58,59,69,
58,66,27,
58,75,119,
58,80,130,
58,88,162,
58,90,113,
58,95,17,
58,95,92,
58,97,92,
58,102,174,
58,103,34,
58,104,123,
58,107,195,
58,120,81,
58,121,104,
58,122,15,
58,123,13,
58,124,95,
58,129,40,
58,134,192,
58,138,137,
58,143,5,
58,146,41,
58,147,94,
58,151,197,
58,156,78,
58,157,33,
58,160,68,
58,161,122,
58,167,167,
58,170,86,
58,179,65,
58,180,112,
58,181,97,
58,183,198,
58,184,24,
58,186,122,
58,187,18,
58,191,31,
59,0,73,
59,8,135,
59,10,75,
59,10,148,
59,18,43,
59,19,188,
59,20,174,
59,30,30,
59,32,50,
59,32,102,
59,42,144,
59,50,175,
59,55,193,
59,59,152,
59,63,79,
59,67,67,
59,68,108,
59,70,123,
59,70,146,
59,72,102,
59,81,118,
59,84,93,
59,96,117,
59,99,34,
59,103,108,
59,115,14,
59,122,24,
59,123,1,
59,128,5,
59,136,37,
59,140,125,
59,141,11,
59,141,105,
59,144,111,
59,144,195,
59,147,18,
59,147,98,
59,150,24,
59,151,29,
59,153,145,
59,154,33,
59,161,50,
59,173,180,
59,178,190,
59,181,159,
59,182,123,
59,185,3,
59,185,5,
59,185,50,
59,194,102,
59,196,127,
60,5,37,
60,15,69,
60,15,122,
60,24,98,
60,31,106,
60,34,156,
60,43,35,
60,43,194,
60,44,144,
60,46,58,
60,47,160,
60,50,36,
60,52,12,
60,54,48,
60,56,110,
60,56,171,
60,59,29,
60,63,15,
60,77,189,
60,85,89,
60,86,94,
60,90,155,
60,92,11,
60,93,25,
60,95,32,
60,108,175,
60,118,97,
60,134,183,
60,137,5,
60,137,26,
60,143,49,
60,150,141,
60,174,197,
60,180,13,
60,184,16,
60,191,155,
60,193,163,
61,21,72,
61,28,101,
61,29,181,
61,35,87,
61,40,53,
61,41,154,
61,42,117,
61,43,51,
61,43,138,
61,44,77,
61,45,103,
61,49,91,
61,50,78,
61,54,156,
61,64,179,
61,70,122,
61,72,57,
61,76,99,
61,82,108,
61,82,185,
61,84,99,
61,85,58,
61,91,49,
61,110,181,
61,115,154,
61,115,186,
61,118,91,
61,118,143,
61,119,95,
61,138,196,
61,146,1,
61,154,121,
61,158,62,
61,158,86,
61,161,18,
61,163,28,
61,164,119,
61,165,107,
61,166,69,
61,182,26,
61,184,81,
61,184,134,
61,188,158,
61,196,80,
62,17,188,
62,18,159,
62,22,107,
62,25,106,
62,29,13,
62,31,159,
62,32,18,
62,32,199,
62,34,69,
62,38,85,
62,49,28,
62,50,159,
62,52,104,
62,55,163,
62,59,75,
62,62,96,
62,74,134,
62,78,166,
62,98,62,
62,100,161,
62,101,138,
62,110,149,
62,124,150,
62,126,21,
62,148,139,
62,151,27,
62,170,33,
62,181,133,
62,181,168,
62,186,43,
63,4,116,
63,18,57,
63,18,198,
63,24,14,
63,28,118,
63,29,97,
63,34,141,
63,34,144,
63,38,25,
63,41,2,
63,57,19,
63,58,87,
63,61,124,
63,69,13,
63,69,88,
63,70,106,
63,76,129,
63,77,36,
63,81,2,
63,82,34,
63,86,80,
63,87,83,
63,88,129,
63,95,194,
63,109,14,
63,109,62,
63,120,154,
63,126,23,
63,134,111,
63,150,82,
63,152,184,
63,170,127,
63,171,15,
63,171,147,
63,175,150,
63,178,2,
63,179,97,
63,180,51,
63,185,74,
63,188,123,
63,195,122,
63,196,7,
63,199,61,
64,4,67,
64,6,49,
64,20,116,
64,30,18,
64,30,142,
64,37,138,
64,52,186,
64,58,6,
64,62,119,
64,74,109,
64,90,61,
64,94,52,
64,97,40,
64,105,43,
64,108,49,
64,109,136,
64,113,53,
64,121,31,
64,121,164,
64,122,11,
64,127,52,
64,128,109,
64,128,165,
64,132,50,
64,135,167,
64,137,157,
64,140,165,
64,145,26,
64,148,4,
64,153,152,
64,162,22,
64,164,9,
64,170,89,
64,171,193,
64,178,128,
64,182,162,
64,184,22,
64,191,103,
64,193,149,
64,194,168,
64,196,103,
64,196,133,
64,198,84,
65,0,26,
65,3,90,
65,9,16,
65,10,47,
65,12,53,
65,14,171,
65,16,84,
65,26,74,
65,37,37,
65,41,118,
65,43,27,
65,44,161,
65,48,136,
65,48,190,
65,50,6,
65,50,99,
65,59,38,
65,60,61,
65,64,2,
65,72,9,
65,76,86,
65,77,64,
65,77,166,
65,83,43,
65,88,159,
65,91,136,
65,95,124,
65,95,183,
65,97,104,
65,106,146,
65,109,94,
65,116,29,
65,125,101,
65,125,159,
65,135,32,
65,140,22,
65,142,129,
65,144,61,
65,159,19,
65,165,63,
65,170,1,
65,172,183,
65,177,74,
65,179,79,
65,187,53,
65,189,30,
65,193,174,
65,199,112,
66,0,120,
66,10,36,
66,13,178,
66,23,86,
66,35,22,
66,42,47,
66,48,174,
66,66,12,
66,69,186,
66,73,168,
66,90,115,
66,90,148,
66,98,170,
66,103,141,
66,104,198,
66,105,174,
66,111,72,
66,112,187,
66,113,91,
66,114,144,
66,119,126,
66,129,35,
66,134,181,
66,137,172,
66,152,77,
66,153,9,
66,161,1,
66,167,79,
66,168,52,
66,172,168,
66,175,162,
66,181,0,
66,181,54,
66,196,148,
67,6,39,
67,8,77,
67,22,160,
67,26,43,
67,35,73,
67,54,35,
67,56,27,
67,57,2,
67,61,111,
67,62,56,
67,74,111,
67,78,23,
67,96,62,
67,96,179,
67,106,151,
67,113,174,
67,122,126,
67,126,9,
67,146,1,
67,154,77,
67,163,145,
67,169,193,
67,171,186,
67,172,92,
67,183,27,
67,186,57,
68,5,93,
68,8,169,
68,11,10,
68,14,96,
68,24,125,
68,25,8,
68,25,173,
68,42,42,
68,44,66,
68,44,100,
68,44,157,
68,54,128,
68,55,80,
68,56,55,
68,57,77,
68,58,27,
68,59,122,
68,61,145,
68,65,157,
68,70,186,
68,71,58,
68,78,137,
68,81,148,
68,86,55,
68,92,10,
68,103,78,
68,103,112,
68,114,185,
68,118,38,
68,130,80,
68,132,141,
68,133,30,
68,139,4,
68,150,61,
68,158,176,
68,165,91,
68,168,27,
68,171,143,
68,171,192,
68,173,130,
68,173,199,
68,177,153,
68,178,81,
68,178,130,
68,180,74,
69,1,102,
69,16,133,
69,21,100,
69,26,144,
69,29,145,
69,37,30,
69,44,148,
69,46,117,
69,47,135,
69,52,63,
69,56,104,
69,57,119,
69,76,19,
69,77,13,
69,80,141,
69,82,194,
69,87,45,
69,87,149,
69,102,153,
69,109,159,
69,118,187,
69,119,0,
69,120,83,
69,135,167,
69,141,115,
69,146,181,
69,152,13,
69,152,193,
69,160,88,
69,160,153,
69,165,190,
69,167,69,
69,175,176,
69,176,185,
69,183,124,
69,186,140,
69,188,101,
69,193,62,
70,5,69,
70,7,109,
70,14,73,
70,14,85,
70,24,48,
70,26,5,
70,32,41,
70,36,14,
70,56,105,
70,57,69,
70,61,91,
70,63,76,
70,63,158,
70,65,123,
70,72,29,
70,81,144,
70,95,29,
70,99,9,
70,101,149,
70,102,28,
70,113,116,
70,114,10,
70,121,6,
70,122,48,
70,123,58,
70,125,166,
70,131,148,
70,134,36,
70,134,199,
70,149,39,
70,150,181,
70,153,163,
70,163,6,
70,163,137,
70,164,161,
70,168,36,
70,168,187,
70,169,35,
70,169,174,
70,172,51,
70,179,179,
70,181,74,
70,181,197,
70,184,160,
70,194,178,
70,197,171,
70,199,73,
71,1,90,
71,6,194,
71,7,24,
71,7,79,
71,14,160,
71,23,83,
71,26,155,
71,31,195,
71,39,90,
71,39,184,
71,46,59,
71,55,172,
71,55,178,
71,56,115,
71,61,92,
71,72,78,
71,81,48,
71,92,28,
71,96,175,
71,101,162,
71,103,153,
71,108,98,
71,110,16,
71,125,41,
71,135,40,
71,137,106,
71,155,65,
71,155,78,
71,157,197,
71,162,42,
71,168,63,
71,169,142,
71,175,197,
71,181,186,
71,183,58,
71,188,51,
71,188,93,
72,1,70,
72,3,4,
72,3,51,
72,4,156,
72,16,117,
72,21,94,
72,24,33,
72,27,131,
72,40,74,
72,45,14,
72,48,153,
72,64,176,
72,65,122,
72,66,59,
72,67,86,
72,68,161,
72,68,186,
72,72,167,
72,80,158,
72,84,134,
72,94,76,
72,111,115,
72,118,197,
72,119,47,
72,124,119,
72,131,26,
72,141,15,
72,145,105,
72,148,7,
72,163,40,
72,170,181,
72,173,11,
72,188,168,
72,190,28,
72,196,154,
72,199,156,
73,6,186,
73,10,134,
73,16,54,
73,20,63,
73,22,105,
73,24,143,
73,26,191,
73,33,193,
73,35,56,
73,48,0,
73,57,192,
73,64,26,
73,76,78,
73,77,183,
73,78,30,
73,83,100,
73,86,10,
73,90,191,
73,95,111,
73,96,53,
73,96,113,
73,102,155,
73,103,13,
73,108,90,
73,111,133,
73,111,178,
73,116,96,
73,121,82,
73,124,106,
73,129,49,
73,131,162,
73,131,176,
73,132,198,
73,133,82,
73,140,96,
73,142,68,
73,150,108,
73,163,120,
73,170,152,
73,170,185,
73,176,141,
73,182,97,
73,191,26,
74,7,150,
74,7,155,
74,7,179,
74,8,146,
74,23,60,
74,28,48,
74,32,44,
74,34,178,
74,34,188,
74,35,143,
74,42,28,
74,42,57,
74,45,135,
74,51,51,
74,52,11,
74,54,18,
74,60,166,
74,65,65,
74,66,136,
74,70,77,
74,76,103,
74,91,15,
74,98,40,
74,100,137,
74,101,177,
74,109,176,
74,113,50,
74,117,128,
74,118,59,
74,120,34,
74,137,145,
74,149,2,
74,152,57,
74,154,82,
74,162,2,
74,165,134,
74,167,87,
74,168,147,
74,173,77,
74,175,6,
74,176,177,
74,186,1,
74,189,37,
74,197,107,
75,9,141,
75,11,71,
75,13,0,
75,17,24,
75,19,71,
75,29,163,
75,31,115,
75,37,51,
75,37,63,
75,38,50,
75,42,40,
75,42,197,
75,45,110,
75,45,127,
75,46,34,
75,53,34,
75,63,126,
75,68,19,
75,76,169,
75,80,7,
75,86,132,
75,94,18,
75,94,72,
75,97,161,
75,99,23,
75,102,192,
75,104,172,
75,115,0,
75,115,191,
75,116,5,
75,119,173,
75,130,180,
75,133,56,
75,140,88,
75,142,111,
75,163,169,
75,164,180,
75,177,144,
75,184,49,
75,190,153,
75,197,109,
75,198,187,
76,5,155,
76,7,143,
76,13,60,
76,20,109,
76,21,100,
76,23,83,
76,23,111,
76,26,28,
76,28,87,
76,31,185,
76,47,185,
76,71,163,
76,75,61,
76,89,34,
76,94,112,
76,115,176,
76,116,183,
76,121,65,
76,126,54,
76,130,125,
76,139,92,
76,141,167,
76,142,101,
76,158,184,
76,160,52,
76,161,188,
76,165,2,
76,166,84,
76,167,61,
76,171,179,
76,174,118,
76,178,198,
76,184,56,
76,190,53,
76,194,78,
77,5,121,
77,9,158,
77,18,108,
77,18,192,
77,23,187,
77,24,145,
77,27,48,
77,29,23,
77,29,94,
77,33,69,
77,49,128,
77,54,53,
77,61,174,
77,64,182,
77,67,135,
77,67,154,
77,68,81,
77,69,172,
77,72,125,
77,73,89,
77,75,162,
77,84,38,
77,89,90,
77,94,20,
77,94,41,
77,96,191,
77,143,114,
77,143,160,
77,147,90,
77,147,156,
77,152,29,
77,159,1,
77,160,15,
77,162,147,
77,189,38,
77,189,130,
78,1,82,
78,3,43,
78,10,63,
78,11,166,
78,25,197,
78,32,158,
78,34,22,
78,38,165,
78,40,69,
78,42,44,
78,43,107,
78,45,158,
78,46,186,
78,46,187,
78,50,39,
78,54,192,
78,56,168,
78,58,108,
78,62,3,
78,85,194,
78,87,174,
78,92,106,
78,96,171,
78,98,1,
78,107,97,
78,113,38,
78,123,170,
78,133,12,
78,144,87,
78,154,58,
78,155,60,
78,156,56,
78,157,22,
78,168,104,
78,173,12,
78,182,168,
78,186,28,
78,188,185,
78,191,164,
78,192,25,
78,194,6,
78,198,82,
78,198,83,
78,199,104,
79,0,59,
79,4,7,
79,10,86,
79,15,22,
79,17,71,
79,17,112,
79,18,147,
79,22,34,
79,23,182,
79,24,93,
79,29,40,
79,31,16,
79,43,27,
79,45,139,
79,45,168,
79,49,20,
79,53,142,
79,60,64,
79,66,197,
79,74,31,
79,76,25,
79,89,98,
79,90,41,
79,94,184,
79,96,185,
79,100,91,
79,100,119,
79,107,31,
79,107,37,
79,109,4,
79,110,144,
79,111,73,
79,114,45,
79,118,49,
79,129,181,
79,134,186,
79,138,30,
79,149,111,
79,162,85,
79,162,197,
79,164,192,
79,166,127,
79,167,163,
79,170,141,
79,172,1,
79,184,15,
79,194,25,
79,195,172,
80,0,18,
80,1,117,
80,3,183,
80,8,111,
80,12,26,
80,12,164,
80,14,81,
80,24,70,
80,24,184,
80,35,140,
80,43,86,
80,55,118,
80,55,139,
80,56,136,
80,57,197,
80,60,108,
80,72,124,
80,85,78,
80,85,82,
80,87,143,
80,90,14,
80,109,148,
80,111,136,
80,112,131,
80,116,144,
80,122,22,
80,122,131,
80,130,56,
80,131,91,
80,140,167,
80,141,140,
80,146,121,
80,153,82,
80,161,193,
80,173,197,
80,192,92,
80,194,36,
80,198,108,
81,7,116,
81,16,92,
81,17,124,
81,20,185,
81,30,174,
81,33,14,
81,51,78,
81,58,62,
81,62,6,
81,72,181,
81,78,57,
81,96,4,
81,96,184,
81,100,12,
81,101,131,
81,106,23,
81,106,101,
81,111,27,
81,113,118,
81,116,169,
81,122,194,
81,123,187,
81,125,182,
81,130,9,
81,133,55,
81,135,104,
81,136,16,
81,137,34,
81,140,24,
81,144,195,
81,146,102,
81,152,102,
81,158,37,
81,167,23,
81,170,85,
81,178,180,
81,179,151,
81,191,49,
82,0,2,
82,11,92,
82,12,137,
82,15,197,
82,20,40,
82,20,44,
82,24,123,
82,27,141,
82,38,73,
82,39,149,
82,43,81,
82,43,81,
82,45,149,
82,49,80,
82,49,164,
82,57,82,
82,71,78,
82,71,146,
82,72,171,
82,85,77,
82,96,127,
82,98,60,
82,99,105,
82,116,51,
82,118,72,
82,122,139,
82,124,121,
82,128,116,
82,139,104,
82,141,171,
82,142,52,
82,148,195,
82,149,165,
82,158,147,
82,161,64,
82,165,88,
82,166,115,
82,168,87,
82,180,18,
82,184,87,
82,189,139,
82,191,154,
82,195,20,
82,197,77,
83,6,70,
83,21,113,
83,23,94,
83,25,176,
83,37,170,
83,38,153,
83,46,89,
83,51,132,
83,57,86,
83,58,99,
83,61,198,
83,63,27,
83,66,185,
83,68,141,
83,69,7,
83,76,147,
83,80,6,
83,88,114,
83,88,165,
83,119,166,
83,124,125,
83,125,92,
83,128,46,
83,136,145,
83,144,8,
83,145,125,
83,147,11,
83,148,37,
83,149,34,
83,154,77,
83,161,61,
83,164,159,
83,176,190,
83,182,128,
83,185,81,
83,187,158,
83,191,191,
83,193,70,
83,198,128,
83,199,65,
84,6,115,
84,10,110,
84,13,139,
84,35,32,
84,49,86,
84,55,23,
84,55,71,
84,65,101,
84,66,7,
84,69,113,
84,73,108,
84,82,76,
84,84,142,
84,85,181,
84,88,54,
84,88,183,
84,90,9,
84,92,7,
84,96,190,
84,97,120,
84,98,154,
84,111,43,
84,113,124,
84,116,2,
84,124,56,
84,128,133,
84,136,113,
84,148,149,
84,148,188,
84,150,85,
84,153,198,
84,159,173,
84,165,36,
84,169,187,
84,174,131,
84,175,60,
84,178,103,
84,178,130,
84,182,191,
85,0,165,
85,2,52,
85,3,198,
85,21,48,
85,21,54,
85,29,170,
85,29,181,
85,31,24,
85,41,82,
85,48,145,
85,54,68,
85,58,10,
85,62,92,
85,63,196,
85,68,172,
85,77,30,
85,82,196,
85,88,82,
85,92,18,
85,100,183,
85,102,72,
85,106,136,
85,107,104,
85,120,81,
85,121,121,
85,122,187,
85,130,48,
85,144,38,
85,144,195,
85,145,45,
85,145,186,
85,156,177,
85,157,89,
85,157,97,
85,158,98,
85,173,50,
85,183,55,
85,194,27,
85,195,181,
86,2,32,
86,3,164,
86,10,120,
86,22,139,
86,42,15,
86,43,178,
86,51,160,
86,53,102,
86,55,170,
86,60,89,
86,62,89,
86,63,145,
86,73,5,
86,73,105,
86,74,58,
86,74,167,
86,78,106,
86,81,162,
86,89,6,
86,102,180,
86,106,94,
86,106,108,
86,108,13,
86,110,11,
86,116,129,
86,121,12,
86,135,127,
86,136,93,
86,143,184,
86,152,106,
86,154,70,
86,157,23,
86,158,160,
86,162,196,
86,165,167,
86,167,173,
86,176,140,
86,182,70,
86,185,25,
86,185,87,
86,188,94,
86,196,33,
87,1,51,
87,6,95,
87,18,112,
87,21,176,
87,26,20,
87,41,139,
87,54,61,
87,60,21,
87,61,22,
87,69,95,
87,70,55,
87,73,194,
87,77,189,
87,86,64,
87,88,126,
87,95,153,
87,97,22,
87,99,152,
87,109,77,
87,115,55,
87,116,9,
87,134,89,
87,134,123,
87,135,178,
87,147,117,
87,154,166,
87,160,21,
87,160,79,
87,162,10,
87,166,176,
87,167,166,
87,175,76,
87,180,156,
87,188,107,
87,193,195,
88,4,64,
88,12,133,
88,17,20,
88,19,160,
88,34,106,
88,37,180,
88,39,132,
88,43,42,
88,43,97,
88,45,120,
88,52,130,
88,85,103,
88,90,113,
88,103,78,
88,109,107,
88,110,16,
88,111,86,
88,115,57,
88,119,158,
88,125,123,
88,125,124,
88,128,118,
88,129,5,
88,129,37,
88,135,42,
88,146,105,
88,148,94,
88,153,7,
88,167,129,
88,184,105,
88,188,192,
88,196,192,
88,199,8,
89,29,80,
89,42,129,
89,44,151,
89,45,8,
89,55,53,
89,60,163,
89,64,38,
89,68,84,
89,69,38,
89,71,5,
89,79,160,
89,81,127,
89,82,104,
89,97,183,
89,98,16,
89,108,195,
89,112,56,
89,117,98,
89,120,143,
89,120,184,
89,126,86,
89,126,126,
89,130,127,
89,133,128,
89,142,119,
89,144,121,
89,164,176,
89,165,12,
89,167,146,
89,170,166,
89,176,86,
89,177,121,
89,181,79,
89,192,43,
89,198,31,
89,198,104,
90,0,9,
90,4,16,
90,14,3,
90,14,190,
90,17,25,
90,23,167,
90,26,153,
90,29,100,
90,44,129,
90,47,38,
90,49,159,
90,53,49,
90,53,96,
90,71,106,
90,72,24,
90,80,161,
90,84,61,
90,88,12,
90,95,10,
90,96,159,
90,105,125,
90,107,47,
90,107,197,
90,108,7,
90,109,35,
90,114,44,
90,116,143,
90,118,164,
90,120,63,
90,122,149,
90,123,73,
90,124,21,
90,139,46,
90,142,100,
90,142,172,
90,153,109,
90,154,159,
90,171,75,
90,173,0,
90,174,183,
90,185,75,
90,194,5,
90,194,114,
91,7,67,
91,13,96,
91,23,93,
91,24,165,
91,37,177,
91,42,88,
91,46,146,
91,48,29,
91,52,176,
91,53,115,
91,56,122,
91,61,51,
91,61,60,
91,66,165,
91,69,199,
91,77,93,
91,85,0,
91,85,168,
91,87,27,
91,95,155,
91,104,7,
91,117,153,
91,120,72,
91,124,49,
91,126,61,
91,130,18,
91,130,89,
91,140,38,
91,146,77,
91,148,173,
91,150,77,
91,152,48,
91,158,90,
91,164,72,
91,175,177,
91,181,190,
91,182,86,
91,183,7,
91,194,154,
91,195,170,
91,196,160,
91,196,173,
92,0,34,
92,5,26,
92,7,32,
92,15,110,
92,16,168,
92,22,59,
92,24,132,
92,37,110,
92,52,116,
92,58,79,
92,61,138,
92,67,33,
92,71,48,
92,75,143,
92,76,88,
92,88,199,
92,89,97,
92,95,79,
92,106,86,
92,106,120,
92,113,111,
92,128,80,
92,132,12,
92,137,10,
92,148,174,
92,148,187,
92,154,79,
92,158,47,
92,163,39,
92,171,107,
92,172,66,
92,176,45,
92,183,3,
92,187,35,
93,0,26,
93,2,23,
93,13,164,
93,14,133,
93,15,65,
93,21,103,
93,22,111,
93,28,194,
93,36,108,
93,40,164,
93,52,52,
93,57,37,
93,61,29,
93,61,91,
93,76,148,
93,83,82,
93,87,32,
93,88,83,
93,90,15,
93,91,174,
93,95,10,
93,95,77,
93,96,154,
93,97,193,
93,101,39,
93,102,20,
93,102,80,
93,119,96,
93,125,47,
93,126,103,
93,129,199,
93,139,17,
93,142,175,
93,143,46,
93,145,44,
93,149,19,
93,152,62,
93,154,136,
93,162,48,
93,163,118,
93,170,180,
93,176,189,
93,182,152,
93,184,104,
93,187,129,
94,0,42,
94,0,51,
94,5,148,
94,11,55,
94,38,15,
94,38,180,
94,43,147,
94,44,178,
94,55,59,
94,55,155,
94,61,42,
94,71,94,
94,72,188,
94,78,136,
94,79,199,
94,100,150,
94,101,89,
94,103,128,
94,108,80,
94,110,58,
94,111,92,
94,115,176,
94,117,42,
94,124,182,
94,124,193,
94,127,127,
94,130,70,
94,130,79,
94,132,143,
94,142,100,
94,145,58,
94,155,61,
94,160,89,
94,161,49,
94,162,93,
94,173,108,
94,174,92,
94,177,81,
94,190,188,
94,194,29,
95,1,36,
95,1,69,
95,14,114,
95,17,92,
95,17,172,
95,24,57,
95,32,29,
95,46,173,
95,47,80,
95,76,107,
95,76,180,
95,88,138,
95,90,56,
95,95,87,
95,95,192,
95,100,11,
95,103,147,
95,105,60,
95,105,81,
95,105,107,
95,106,187,
95,110,26,
95,117,98,
95,120,153,
95,128,60,
95,134,92,
95,135,20,
95,138,122,
95,140,197,
95,148,86,
95,148,154,
95,161,155,
95,165,92,
95,172,103,
95,172,130,
95,179,176,
95,181,119,
95,183,176,
95,188,156,
95,197,177,
96,4,19,
96,11,94,
96,14,60,
96,22,162,
96,27,17,
96,30,114,
96,39,13,
96,50,70,
96,52,115,
96,55,151,
96,62,138,
96,63,100,
96,68,166,
96,74,11,
96,75,168,
96,79,103,
96,80,158,
96,83,194,
96,89,10,
96,104,94,
96,105,97,
96,105,164,
96,108,103,
96,110,84,
96,112,113,
96,112,175,
96,113,34,
96,113,100,
96,114,20,
96,118,40,
96,119,160,
96,129,125,
96,129,176,
96,131,83,
96,134,171,
96,136,55,
96,146,66,
96,150,41,
96,151,128,
96,153,103,
96,159,46,
96,162,55,
96,163,15,
96,164,142,
96,166,95,
96,173,154,
96,179,138,
96,187,59,
96,187,143,
96,191,79,
96,194,6,
96,195,130,
96,195,184,
97,0,51,
97,6,8,
97,11,115,
97,12,167,
97,15,36,
97,16,164,
97,23,26,
97,27,168,
97,39,62,
97,43,77,
97,44,167,
97,45,124,
97,58,45,
97,60,70,
97,62,18,
97,63,160,
97,64,109,
97,65,160,
97,70,89,
97,72,107,
97,74,179,
97,91,144,
97,99,157,
97,105,118,
97,105,155,
97,120,134,
97,121,72,
97,123,195,
97,129,62,
97,132,8,
97,134,147,
97,137,66,
97,138,86,
97,141,23,
97,150,147,
97,153,153,
97,164,64,
97,164,69,
97,171,72,
97,179,113,
97,180,110,
97,184,36,
97,188,42,
97,194,38,
98,0,107,
98,3,41,
98,5,128,
98,15,99,
98,15,161,
98,16,78,
98,22,132,
98,24,26,
98,26,59,
98,28,181,
98,36,198,
98,37,55,
98,49,149,
98,51,59,
98,54,127,
98,57,172,
98,61,130,
98,61,159,
98,63,132,
98,63,189,
98,64,63,
98,68,156,
98,72,135,
98,75,5,
98,75,145,
98,81,196,
98,85,50,
98,86,78,
98,87,92,
98,98,77,
98,98,134,
98,104,66,
98,105,192,
98,116,141,
98,117,116,
98,117,165,
98,130,38,
98,131,104,
98,146,38,
98,146,174,
98,159,83,
98,173,193,
98,177,37,
99,6,63,
99,8,102,
99,11,69,
99,12,179,
99,24,84,
99,35,115,
99,36,110,
99,45,160,
99,51,135,
99,52,95,
99,54,178,
99,66,3,
99,68,120,
99,73,34,
99,73,47,
99,84,168,
99,88,180,
99,89,3,
99,89,65,
99,100,80,
99,101,170,
99,102,187,
99,105,79,
99,113,82,
99,129,148,
99,134,79,
99,147,82,
99,150,116,
99,161,160,
99,165,143,
99,169,185,
99,170,80,
99,171,54,
99,178,177,
99,185,156,
99,189,7,
99,191,119,
99,194,39,
99,196,121,
100,6,119,
100,8,57,
100,9,23,
100,18,89,
100,22,28,
100,31,63,
100,32,140,
100,35,47,
100,38,176,
100,41,181,
100,49,41,
100,52,57,
100,58,120,
100,62,109,
100,63,27,
100,70,60,
100,73,64,
100,97,31,
100,105,8,
100,107,98,
100,120,130,
100,120,131,
100,121,146,
100,124,19,
100,126,2,
100,127,195,
100,129,91,
100,130,112,
100,131,134,
100,135,187,
100,140,46,
100,148,85,
100,154,38,
100,160,55,
100,166,184,
100,168,129,
100,186,68,
100,186,139,
100,194,86,
100,196,170,
100,199,166,
101,9,83,
101,18,142,
101,19,120,
101,25,158,
101,30,12,
101,46,14,
101,51,8,
101,57,108,
101,58,145,
101,59,185,
101,64,127,
101,67,176,
101,74,93,
101,76,32,
101,76,42,
101,76,94,
101,80,30,
101,89,93,
101,90,0,
101,93,42,
101,109,49,
101,114,67,
101,122,35,
101,138,132,
101,142,165,
101,145,181,
101,166,8,
101,183,28,
101,183,98,
101,184,187,
101,189,43,
101,198,48,
102,1,133,
102,20,23,
102,23,189,
102,31,199,
102,42,35,
102,42,106,
102,47,21,
102,54,93,
102,60,150,
102,71,96,
102,74,98,
102,75,183,
102,90,56,
102,92,125,
102,93,135,
102,98,6,
102,100,141,
102,103,40,
102,105,45,
102,109,71,
102,116,51,
102,120,183,
102,127,2,
102,127,63,
102,137,81,
102,141,85,
102,144,139,
102,147,105,
102,150,172,
102,163,84,
102,167,144,
102,167,166,
102,170,161,
102,181,104,
102,186,174,
102,191,197,
102,196,157,
103,2,145,
103,11,28,
103,14,196,
103,18,43,
103,23,128,
103,26,125,
103,29,130,
103,40,74,
103,54,188,
103,63,19,
103,85,5,
103,87,89,
103,97,99,
103,105,122,
103,107,107,
103,111,48,
103,116,179,
103,146,45,
103,147,5,
103,148,26,
103,165,60,
103,177,12,
103,178,116,
103,185,50,
103,185,101,
103,199,160,
104,0,20,
104,3,1,
104,8,90,
104,17,92,
104,19,87,
104,22,126,
104,24,84,
104,29,151,
104,37,50,
104,58,83,
104,62,40,
104,62,124,
104,63,124,
104,69,116,
104,85,4,
104,102,197,
104,110,5,
104,110,19,
104,118,85,
104,124,30,
104,130,73,
104,132,50,
104,132,197,
104,155,0,
104,159,122,
104,160,97,
104,162,93,
104,166,108,
104,170,179,
104,172,185,
104,176,7,
104,181,52,
104,182,68,
104,186,74,
104,190,123,
105,0,51,
105,15,105,
105,17,110,
105,17,184,
105,22,133,
105,22,162,
105,26,147,
105,39,133,
105,40,161,
105,45,175,
105,46,173,
105,50,92,
105,59,184,
105,64,119,
105,73,28,
105,74,142,
105,76,69,
105,77,91,
105,78,172,
105,97,138,
105,99,40,
105,99,154,
105,105,190,
105,107,177,
105,119,112,
105,120,107,
105,123,187,
105,133,40,
105,139,123,
105,141,33,
105,144,181,
105,145,121,
105,158,75,
105,159,182,
105,167,76,
105,172,123,
105,174,140,
105,177,11,
105,181,143,
105,185,138,
105,187,190,
105,188,120,
106,0,192,
106,3,49,
106,6,160,
106,9,121,
106,10,37,
106,10,139,
106,23,10,
106,23,46,
106,33,139,
106,35,66,
106,38,105,
106,42,58,
106,44,153,
106,45,81,
106,48,68,
106,49,142,
106,52,51,
106,52,153,
106,54,16,
106,59,192,
106,70,145,
106,72,96,
106,85,153,
106,91,79,
106,99,55,
106,103,171,
106,103,183,
106,106,26,
106,117,132,
106,118,194,
106,119,12,
106,135,39,
106,143,170,
106,146,84,
106,152,184,
106,155,150,
106,159,17,
106,163,8,
106,165,119,
106,170,109,
106,174,179,
106,177,72,
106,195,166,
107,20,98,
107,21,123,
107,24,51,
107,41,64,
107,41,83,
107,41,118,
107,51,103,
107,56,129,
107,59,34,
107,60,131,
107,63,168,
107,73,105,
107,76,94,
107,77,48,
107,80,103,
107,93,120,
107,93,124,
107,94,135,
107,99,113,
107,102,10,
107,113,126,
107,119,22,
107,128,15,
107,130,22,
107,132,104,
107,136,66,
107,139,158,
107,140,16,
107,149,59,
107,151,136,
107,155,45,
107,158,84,
107,163,6,
107,168,164,
107,188,124,
107,192,108,
108,5,143,
108,8,64,
108,14,98,
108,16,93,
108,17,123,
108,22,100,
108,23,19,
108,31,136,
108,36,176,
108,52,7,
108,53,110,
108,65,187,
108,70,106,
108,71,39,
108,77,96,
108,78,184,
108,90,18,
108,119,133,
108,122,134,
108,124,70,
108,133,42,
108,135,142,
108,141,97,
108,145,190,
108,146,49,
108,148,59,
108,149,135,
108,152,42,
108,155,18,
108,159,108,
108,172,29,
108,173,0,
108,174,162,
108,191,81,
108,192,79,
108,192,105,
108,197,8,
109,0,59,
109,5,7,
109,8,64,
109,15,119,
109,16,117,
109,19,26,
109,24,169,
109,37,44,
109,41,93,
109,43,77,
109,44,145,
109,46,163,
109,51,54,
109,55,78,
109,57,4,
109,58,91,
109,59,174,
109,59,184,
109,70,145,
109,74,93,
109,77,35,
109,77,98,
109,80,159,
109,81,51,
109,81,126,
109,84,47,
109,86,112,
109,87,132,
109,98,149,
109,108,88,
109,116,154,
109,117,108,
109,123,33,
109,126,42,
109,128,118,
109,135,16,
109,141,84,
109,153,39,
109,156,66,
109,167,143,
109,176,105,
109,183,32,
109,186,18,
109,187,44,
109,199,92,
110,18,180,
110,24,180,
110,31,125,
110,36,119,
110,37,169,
110,39,17,
110,51,1,
110,58,148,
110,72,36,
110,86,6,
110,97,95,
110,97,161,
110,109,75,
110,112,154,
110,118,98,
110,128,174,
110,133,28,
110,134,186,
110,136,32,
110,143,40,
110,143,81,
110,148,0,
110,148,33,
110,155,42,
110,156,15,
110,170,151,
110,192,62,
110,199,168,
111,3,10,
111,3,137,
111,8,122,
111,15,24,
111,21,149,
111,28,94,
111,47,30,
111,49,149,
111,53,131,
111,58,68,
111,68,69,
111,74,64,
111,75,132,
111,78,110,
111,78,143,
111,86,59,
111,87,104,
111,88,53,
111,99,195,
111,100,112,
111,104,120,
111,122,68,
111,123,8,
111,123,37,
111,123,180,
111,124,177,
111,128,162,
111,128,189,
111,130,49,
111,136,179,
111,138,180,
111,143,128,
111,144,76,
111,146,37,
111,148,132,
111,156,91,
111,156,180,
111,165,15,
111,171,136,
111,172,55,
111,172,77,
111,175,159,
111,180,149,
112,10,170,
112,23,193,
112,24,104,
112,34,71,
112,39,75,
112,41,81,
112,42,61,
112,48,3,
112,50,84,
112,56,189,
112,66,167,
112,67,141,
112,80,73,
112,85,144,
112,86,0,
112,88,132,
112,97,65,
112,99,136,
112,101,136,
112,107,7,
112,109,70,
112,110,15,
112,114,27,
112,117,109,
112,119,111,
112,120,38,
112,122,11,
112,123,104,
112,131,184,
112,140,96,
112,153,184,
112,154,9,
112,155,21,
112,161,137,
112,166,41,
112,173,123,
112,174,29,
112,174,42,
112,180,74,
112,183,11,
112,185,17,
112,191,86,
113,7,60,
113,7,109,
113,13,161,
113,15,156,
113,27,186,
113,32,16,
113,33,21,
113,33,84,
113,36,115,
113,41,196,
113,44,65,
113,45,56,
113,45,84,
113,53,3,
113,53,46,
113,57,26,
113,59,80,
113,61,69,
113,63,0,
113,63,30,
113,63,159,
113,64,191,
113,73,178,
113,97,99,
113,104,174,
113,105,83,
113,111,123,
113,125,17,
113,125,177,
113,128,67,
113,135,115,
113,140,73,
113,142,71,
113,146,78,
113,153,123,
113,154,148,
113,155,99,
113,157,86,
113,167,95,
113,170,167,
113,177,115,
113,179,103,
113,182,32,
113,184,72,
113,195,108,
113,196,188,
113,198,141,
114,5,77,
114,10,168,
114,13,136,
114,24,11,
114,29,140,
114,30,134,
114,38,8,
114,45,72,
114,55,88,
114,80,77,
114,80,139,
114,81,172,
114,83,168,
114,83,194,
114,92,182,
114,98,22,
114,103,26,
114,103,180,
114,106,113,
114,107,178,
114,115,159,
114,117,189,
114,134,28,
114,143,113,
114,161,42,
114,161,89,
114,164,195,
114,170,40,
114,174,73,
114,185,69,
114,191,106,
114,194,165,
114,195,13,
114,197,154,
115,1,44,
115,8,77,
115,9,145,
115,13,142,
115,18,79,
115,24,127,
115,29,152,
115,34,160,
115,54,167,
115,57,101,
115,63,159,
115,65,74,
115,73,116,
115,83,42,
115,93,182,
115,96,147,
115,98,58,
115,103,113,
115,113,167,
115,114,60,
115,116,161,
115,120,197,
115,124,125,
115,127,91,
115,128,30,
115,132,145,
115,133,63,
115,136,56,
115,149,170,
115,154,86,
115,160,150,
115,164,191,
115,169,17,
115,169,51,
115,173,39,
115,176,0,
115,177,26,
115,179,142,
115,181,164,
115,184,135,
115,186,35,
115,193,184,
116,1,134,
116,1,157,
116,4,178,
116,4,195,
116,5,117,
116,10,150,
116,12,56,
116,15,109,
116,16,151,
116,18,51,
116,27,94,
116,28,160,
116,32,91,
116,37,63,
116,41,6,
116,45,59,
116,63,178,
116,74,146,
116,101,6,
116,102,135,
116,113,151,
116,123,149,
116,144,10,
116,145,157,
116,147,74,
116,154,192,
116,158,167,
116,160,150,
116,163,19,
116,167,14,
116,169,93,
116,175,138,
116,182,174,
116,184,67,
116,186,119,
116,189,173,
116,189,184,
116,190,62,
116,190,121,
117,4,189,
117,20,192,
117,25,155,
117,32,46,
117,36,54,
117,37,109,
117,39,29,
117,41,5,
117,41,195,
117,60,173,
117,65,86,
117,89,96,
117,95,82,
117,100,85,
117,101,76,
117,114,59,
117,119,190,
117,120,2,
117,120,27,
117,120,187,
117,125,179,
117,137,67,
117,144,185,
117,146,82,
117,148,67,
117,148,117,
117,155,55,
117,156,187,
117,166,45,
117,168,137,
117,173,132,
117,180,86,
117,180,125,
117,190,6,
117,192,158,
117,194,84,
117,195,64,
117,197,193,
118,1,119,
118,1,190,
118,3,26,
118,13,57,
118,13,169,
118,19,116,
118,25,154,
118,29,64,
118,30,94,
118,33,114,
118,42,151,
118,44,78,
118,45,87,
118,47,142,
118,52,131,
118,53,132,
118,57,57,
118,68,115,
118,77,115,
118,91,19,
118,100,194,
118,103,67,
118,107,22,
118,111,36,
118,116,191,
118,117,29,
118,117,74,
118,117,145,
118,123,31,
118,123,102,
118,129,79,
118,132,91,
118,136,195,
118,137,19,
118,137,196,
118,138,74,
118,140,135,
118,151,46,
118,153,146,
118,169,136,
118,181,190,
118,188,178,
118,190,55,
119,6,71,
119,6,136,
119,7,102,
119,13,112,
119,18,8,
119,20,69,
119,24,172,
119,26,156,
119,27,2,
119,40,140,
119,43,28,
119,47,187,
119,49,5,
119,50,53,
119,67,173,
119,76,24,
119,80,68,
119,80,104,
119,82,172,
119,89,94,
119,92,0,
119,97,105,
119,108,55,
119,109,87,
119,120,172,
119,129,172,
119,133,173,
119,135,92,
119,140,91,
119,140,170,
119,150,47,
119,161,145,
119,174,79,
119,181,70,
119,182,10,
119,183,65,
119,186,56,
119,187,64,
119,188,23,
120,0,34,
120,3,199,
120,4,21,
120,8,118,
120,13,56,
120,16,83,
120,21,82,
120,36,3,
120,38,153,
120,39,125,
120,43,82,
120,48,156,
120,52,170,
120,57,6,
120,58,21,
120,63,93,
120,64,178,
120,65,54,
120,66,10,
120,68,166,
120,83,94,
120,85,179,
120,89,124,
120,91,141,
120,94,180,
120,95,88,
120,96,19,
120,101,66,
120,101,116,
120,102,1,
120,109,175,
120,111,28,
120,113,95,
120,115,142,
120,116,162,
120,120,196,
120,121,85,
120,128,32,
120,128,58,
120,149,189,
120,150,43,
120,153,149,
120,154,13,
120,160,31,
120,163,168,
120,165,145,
120,165,182,
120,165,198,
120,169,43,
120,179,86,
120,184,10,
120,199,162,
121,10,158,
121,11,38,
121,11,39,
121,13,160,
121,13,176,
121,14,53,
121,16,100,
121,26,89,
121,32,99,
121,33,105,
121,33,172,
121,34,160,
121,35,178,
121,36,175,
121,37,163,
121,38,14,
121,41,117,
121,45,82,
121,50,168,
121,51,120,
121,53,128,
121,56,176,
121,60,104,
121,65,130,
121,66,9,
121,79,22,
121,83,95,
121,83,171,
121,93,1,
121,100,174,
121,101,32,
121,102,111,
121,111,109,
121,115,125,
121,117,41,
121,124,83,
121,129,119,
121,130,134,
121,136,53,
121,148,82,
121,165,186,
121,171,63,
121,175,154,
121,182,143,
122,4,112,
122,9,156,
122,10,50,
122,10,108,
122,15,88,
122,16,5,
122,17,179,
122,19,100,
122,20,161,
122,21,104,
122,36,49,
122,37,40,
122,40,21,
122,40,104,
122,55,97,
122,66,24,
122,67,99,
122,76,64,
122,79,126,
122,82,5,
122,90,42,
122,96,81,
122,96,97,
122,100,134,
122,100,148,
122,109,7,
122,110,58,
122,123,158,
122,134,98,
122,136,164,
122,143,68,
122,158,26,
122,163,10,
122,173,17,
122,178,181,
122,186,78,
122,188,177,
122,191,129,
122,195,160,
123,1,152,
123,2,152,
123,4,134,
123,5,108,
123,7,175,
123,14,191,
123,22,89,
123,26,197,
123,34,10,
123,34,93,
123,41,131,
123,62,111,
123,66,90,
123,72,119,
123,73,163,
123,94,27,
123,99,24,
123,99,42,
123,99,125,
123,102,93,
123,102,108,
123,106,143,
123,107,172,
123,111,35,
123,111,150,
123,123,196,
123,133,123,
123,148,42,
123,153,13,
123,154,15,
123,157,165,
123,163,181,
123,165,14,
123,178,163,
123,183,166,
123,186,63,
123,193,93,
124,2,114,
124,5,38,
124,13,143,
124,13,174,
124,18,46,
124,25,6,
124,26,74,
124,35,94,
124,40,182,
124,46,106,
124,48,59,
124,52,111,
124,67,46,
124,68,153,
124,72,122,
124,78,102,
124,78,174,
124,89,8,
124,90,63,
124,91,107,
124,103,33,
124,117,175,
124,120,13,
124,122,3,
124,127,135,
124,142,158,
124,144,9,
124,146,4,
124,150,136,
124,151,149,
124,158,166,
124,166,134,
124,173,37,
124,174,158,
124,181,20,
124,183,150,
124,191,67,
124,194,19,
124,199,53,
125,3,64,
125,3,90,
125,12,143,
125,22,33,
125,22,118,
125,26,34,
125,27,29,
125,30,128,
125,32,168,
125,34,30,
125,52,17,
125,54,199,
125,55,76,
125,56,175,
125,70,123,
125,71,97,
125,73,12,
125,73,26,
125,74,183,
125,86,120,
125,101,113,
125,115,40,
125,116,15,
125,124,119,
125,125,89,
125,126,122,
125,126,151,
125,127,48,
125,133,44,
125,134,94,
125,144,54,
125,144,181,
125,153,149,
125,160,153,
125,170,126,
125,174,103,
125,178,156,
125,182,78,
125,194,53,
126,3,130,
126,11,100,
126,16,138,
126,25,116,
126,31,195,
126,34,145,
126,41,2,
126,53,132,
126,54,144,
126,61,73,
126,66,33,
126,69,115,
126,76,10,
126,81,179,
126,83,182,
126,86,96,
126,95,56,
126,106,66,
126,111,163,
126,113,70,
126,113,127,
126,117,41,
126,124,24,
126,129,74,
126,130,95,
126,131,52,
126,132,192,
126,136,169,
126,141,177,
126,148,28,
126,149,183,
126,152,44,
126,152,168,
126,153,45,
126,155,25,
126,157,18,
126,164,147,
126,167,194,
126,176,108,
126,179,151,
126,183,13,
126,189,108,
126,191,9,
126,194,96,
127,7,115,
127,15,97,
127,19,95,
127,19,96,
127,22,140,
127,25,159,
127,32,137,
127,40,36,
127,41,13,
127,44,85,
127,44,126,
127,50,85,
127,53,63,
127,65,62,
127,74,102,
127,75,46,
127,78,109,
127,83,12,
127,95,92,
127,95,152,
127,98,169,
127,113,167,
127,120,146,
127,123,179,
127,124,135,
127,127,171,
127,134,99,
127,139,11,
127,142,91,
127,144,83,
127,146,101,
127,147,149,
127,152,147,
127,154,91,
127,158,93,
127,172,27,
127,172,155,
127,185,23,
127,192,165,
127,196,82,
127,199,111,
128,2,157,
128,4,179,
128,6,51,
128,10,179,
128,14,27,
128,25,176,
128,27,198,
128,30,81,
128,37,193,
128,38,89,
128,47,18,
128,52,181,
128,64,195,
128,70,181,
128,73,105,
128,74,17,
128,82,144,
128,86,62,
128,89,6,
128,93,69,
128,96,124,
128,115,196,
128,128,173,
128,133,10,
128,137,141,
128,137,171,
128,153,12,
128,157,88,
128,161,127,
128,162,149,
128,163,133,
128,175,38,
128,175,199,
128,189,174,
128,191,168,
128,193,137,
128,195,172,
129,2,27,
129,5,178,
129,6,149,
129,13,173,
129,19,84,
129,20,50,
129,25,74,
129,25,136,
129,28,128,
129,29,69,
129,39,35,
129,52,141,
129,52,189,
129,56,126,
129,56,130,
129,58,74,
129,69,69,
129,70,140,
129,73,147,
129,76,97,
129,83,71,
129,92,23,
129,92,44,
129,95,90,
129,100,14,
129,118,140,
129,120,121,
129,120,189,
129,125,154,
129,135,93,
129,138,4,
129,141,114,
129,142,77,
129,147,86,
129,156,102,
129,164,4,
129,169,159,
129,174,194,
129,184,118,
129,187,74,
129,187,133,
129,190,131,
129,192,14,
130,5,141,
130,9,124,
130,17,19,
130,24,149,
130,34,4,
130,36,8,
130,44,126,
130,44,186,
130,49,164,
130,57,65,
130,57,91,
130,58,58,
130,70,185,
130,74,120,
130,78,86,
130,81,165,
130,84,186,
130,94,174,
130,95,196,
130,108,77,
130,110,73,
130,116,154,
130,119,65,
130,125,78,
130,127,186,
130,129,38,
130,130,54,
130,132,126,
130,143,34,
130,161,176,
130,165,195,
130,168,125,
130,169,81,
130,170,82,
130,188,13,
130,189,71,
130,199,41,
131,0,148,
131,15,178,
131,19,74,
131,22,177,
131,26,125,
131,27,110,
131,27,136,
131,31,140,
131,33,62,
131,37,51,
131,65,123,
131,66,90,
131,74,107,
131,76,101,
131,77,134,
131,85,127,
131,94,40,
131,95,127,
131,99,65,
131,99,171,
131,105,37,
131,105,48,
131,110,82,
131,111,64,
131,120,141,
131,122,93,
131,127,19,
131,144,123,
131,149,181,
131,151,67,
131,162,114,
131,167,109,
131,171,158,
131,172,42,
131,179,97,
131,187,78,
131,189,184,
131,197,64,
132,1,188,
132,6,37,
132,12,188,
132,17,45,
132,17,58,
132,18,129,
132,19,104,
132,20,190,
132,24,88,
132,33,61,
132,38,188,
132,46,146,
132,48,181,
132,75,116,
132,87,177,
132,91,0,
132,100,64,
132,107,68,
132,111,135,
132,142,91,
132,145,81,
132,147,127,
132,152,190,
132,155,107,
132,160,26,
132,179,12,
132,188,59,
132,192,48,
132,197,156,
133,1,49,
133,7,48,
133,15,55,
133,20,177,
133,25,197,
133,28,33,
133,33,63,
133,36,28,
133,37,156,
133,39,2,
133,52,136,
133,56,9,
133,60,34,
133,60,115,
133,63,193,
133,64,186,
133,65,185,
133,68,87,
133,71,106,
133,73,81,
133,80,60,
133,82,141,
133,84,147,
133,91,17,
133,93,44,
133,94,113,
133,100,80,
133,100,86,
133,101,183,
133,117,39,
133,122,165,
133,128,196,
133,129,74,
133,151,109,
133,153,136,
133,157,197,
133,159,14,
133,161,186,
133,169,125,
133,173,135,
133,179,67,
133,183,194,
133,196,182,
134,0,58,
134,0,137,
134,17,86,
134,18,13,
134,19,143,
134,20,183,
134,21,23,
134,24,161,
134,30,94,
134,32,160,
134,33,167,
134,37,2,
134,42,103,
134,47,165,
134,48,12,
134,51,185,
134,51,191,
134,56,103,
134,61,179,
134,65,62,
134,65,193,
134,68,193,
134,70,126,
134,77,18,
134,79,36,
134,86,57,
134,89,76,
134,92,18,
134,93,177,
134,97,32,
134,98,78,
134,98,80,
134,98,99,
134,101,157,
134,104,153,
134,111,121,
134,115,106,
134,129,30,
134,132,166,
134,136,149,
134,138,162,
134,143,34,
134,155,66,
134,158,90,
134,170,92,
134,172,99,
134,172,171,
134,178,51,
134,181,84,
134,182,135,
134,189,179,
134,191,33,
135,2,90,
135,10,125,
135,11,39,
135,17,163,
135,18,94,
135,19,165,
135,32,69,
135,35,105,
135,35,141,
135,39,137,
135,59,157,
135,66,180,
135,68,2,
135,68,15,
135,74,37,
135,75,31,
135,90,24,
135,95,197,
135,96,35,
135,100,88,
135,102,33,
135,103,60,
135,105,55,
135,108,124,
135,111,157,
135,111,164,
135,114,122,
135,115,8,
135,122,68,
135,135,42,
135,138,112,
135,144,109,
135,151,95,
135,156,106,
135,157,56,
135,160,106,
135,163,146,
135,169,43,
135,171,87,
135,174,15,
135,175,136,
135,175,187,
135,180,133,
135,182,102,
135,183,32,
135,183,169,
135,192,67,
135,196,160,
136,1,35,
136,8,24,
136,16,6,
136,20,31,
136,22,90,
136,31,89,
136,57,63,
136,61,161,
136,68,143,
136,91,168,
136,98,16,
136,99,173,
136,100,163,
136,101,126,
136,101,195,
136,103,186,
136,106,107,
136,113,134,
136,114,135,
136,130,163,
136,135,5,
136,137,121,
136,137,133,
136,153,78,
136,164,127,
136,165,20,
136,169,111,
136,175,72,
136,178,26,
136,181,65,
136,186,32,
136,192,37,
136,193,144,
136,195,102,
137,8,166,
137,10,148,
137,11,79,
137,13,40,
137,13,136,
137,17,143,
137,23,141,
137,34,51,
137,42,34,
137,44,141,
137,45,139,
137,47,160,
137,76,105,
137,78,108,
137,85,36,
137,86,12,
137,89,156,
137,105,166,
137,105,187,
137,114,69,
137,117,148,
137,118,197,
137,132,58,
137,136,98,
137,138,160,
137,140,181,
137,143,35,
137,144,141,
137,145,7,
137,156,147,
137,166,17,
137,172,173,
137,178,55,
137,180,52,
137,180,143,
137,184,36,
138,1,63,
138,18,122,
138,20,151,
138,22,27,
138,34,188,
138,35,105,
138,35,156,
138,42,164,
138,45,64,
138,46,198,
138,49,134,
138,55,11,
138,66,88,
138,66,195,
138,71,94,
138,78,66,
138,78,84,
138,80,182,
138,89,23,
138,90,116,
138,90,192,
138,92,198,
138,97,194,
138,99,133,
138,109,47,
138,112,159,
138,115,169,
138,117,2,
138,126,66,
138,128,164,
138,129,172,
138,139,64,
138,140,24,
138,140,130,
138,153,104,
138,160,181,
138,169,151,
138,184,74,
138,186,29,
138,194,160,
138,195,23,
139,8,143,
139,8,180,
139,8,188,
139,12,143,
139,12,158,
139,13,112,
139,14,43,
139,19,153,
139,33,110,
139,42,23,
139,42,24,
139,43,90,
139,43,178,
139,44,151,
139,46,195,
139,51,71,
139,59,69,
139,70,6,
139,72,36,
139,74,62,
139,79,163,
139,83,114,
139,84,76,
139,88,149,
139,94,148,
139,94,162,
139,95,6,
139,95,26,
139,97,42,
139,100,144,
139,105,136,
139,111,72,
139,116,188,
139,121,118,
139,121,161,
139,123,44,
139,133,61,
139,135,135,
139,136,99,
139,138,13,
139,138,37,
139,142,113,
139,145,179,
139,146,181,
139,147,144,
139,147,192,
139,149,84,
139,163,125,
139,170,62,
139,172,137,
139,174,3,
139,174,84,
139,176,60,
139,177,128,
139,181,189,
139,191,146,
139,198,99,
139,198,139,
139,199,13,
140,16,165,
140,18,43,
140,23,2,
140,33,133,
140,33,142,
140,39,86,
140,39,168,
140,50,106,
140,60,196,
140,69,185,
140,70,27,
140,73,14,
140,73,67,
140,74,117,
140,75,11,
140,76,169,
140,89,151,
140,89,171,
140,92,19,
140,98,184,
140,101,67,
140,103,30,
140,104,81,
140,107,151,
140,112,6,
140,113,151,
140,120,198,
140,127,148,
140,135,153,
140,138,92,
140,142,72,
140,146,1,
140,150,197,
140,155,9,
140,169,86,
140,174,112,
140,183,34,
140,188,71,
140,191,13,
140,194,109,
140,195,114,
141,3,92,
141,4,88,
141,22,93,
141,23,18,
141,24,72,
141,25,107,
141,32,146,
141,37,113,
141,40,176,
141,62,15,
141,64,110,
141,65,130,
141,71,24,
141,73,67,
141,80,6,
141,80,40,
141,81,169,
141,82,68,
141,91,187,
141,94,75,
141,96,167,
141,101,124,
141,103,1,
141,121,62,
141,123,166,
141,126,51,
141,127,114,
141,127,124,
141,138,165,
141,141,160,
141,146,174,
141,150,171,
141,165,67,
141,175,127,
141,178,19,
141,179,82,
141,185,3,
141,186,153,
141,187,9,
142,2,189,
142,7,163,
142,8,68,
142,12,126,
142,17,98,
142,21,130,
142,24,199,
142,29,136,
142,30,41,
142,31,13,
142,35,125,
142,39,132,
142,45,47,
142,73,134,
142,82,55,
142,85,136,
142,92,145,
142,92,170,
142,93,114,
142,95,130,
142,99,183,
142,105,13,
142,114,19,
142,118,143,
142,126,34,
142,133,51,
142,137,96,
142,140,41,
142,143,126,
142,143,148,
142,148,46,
142,148,144,
142,148,151,
142,149,162,
142,151,75,
142,158,82,
142,158,172,
142,159,146,
142,160,7,
142,162,15,
142,163,147,
142,171,99,
142,179,132,
142,184,175,
142,186,76,
143,2,199,
143,4,93,
143,22,24,
143,41,170,
143,59,93,
143,60,59,
143,68,134,
143,73,45,
143,74,158,
143,76,198,
143,85,176,
143,88,138,
143,92,150,
143,98,73,
143,101,108,
143,105,105,
143,105,195,
143,108,36,
143,112,70,
143,114,126,
143,118,139,
143,119,22,
143,121,186,
143,125,161,
143,132,100,
143,137,13,
143,137,149,
143,144,127,
143,145,116,
143,155,83,
143,156,164,
143,156,186,
143,158,135,
143,170,4,
143,174,36,
143,174,178,
144,9,37,
144,10,18,
144,10,119,
144,20,102,
144,22,112,
144,22,174,
144,25,133,
144,28,183,
144,37,79,
144,43,8,
144,43,23,
144,53,70,
144,55,147,
144,68,38,
144,74,84,
144,82,115,
144,87,183,
144,93,122,
144,96,69,
144,100,164,
144,106,64,
144,106,110,
144,107,137,
144,117,44,
144,119,71,
144,131,59,
144,131,103,
144,136,22,
144,137,33,
144,137,152,
144,138,129,
144,142,2,
144,142,40,
144,147,64,
144,147,95,
144,154,18,
144,168,130,
144,170,9,
144,172,15,
144,174,53,
144,177,28,
144,179,30,
144,182,56,
144,183,73,
144,184,129,
144,193,106,
144,194,49,
145,2,70,
145,2,97,
145,3,27,
145,7,197,
145,12,153,
145,24,136,
145,37,50,
145,58,17,
145,61,125,
145,66,57,
145,71,173,
145,82,127,
145,85,45,
145,87,4,
145,92,119,
145,94,196,
145,100,119,
145,100,194,
145,102,179,
145,103,34,
145,114,47,
145,117,25,
145,117,28,
145,137,153,
145,140,22,
145,142,163,
145,143,111,
145,150,146,
145,151,11,
145,155,49,
145,157,56,
145,157,99,
145,164,44,
145,185,92,
145,187,199,
145,192,33,
146,3,100,
146,10,87,
146,11,186,
146,20,134,
146,27,91,
146,27,95,
146,35,77,
146,46,163,
146,54,24,
146,70,48,
146,71,176,
146,76,107,
146,76,125,
146,96,83,
146,98,31,
146,99,164,
146,114,12,
146,116,74,
146,148,185,
146,149,92,
146,154,128,
146,155,140,
146,155,186,
146,160,166,
146,164,78,
146,166,4,
146,172,25,
146,179,176,
146,184,45,
146,188,42,
146,188,74,
146,191,46,
146,192,70,
147,4,49,
147,8,61,
147,17,174,
147,23,88,
147,24,18,
147,24,49,
147,27,108,
147,29,81,
147,36,153,
147,43,162,
147,43,168,
147,59,64,
147,59,76,
147,60,145,
147,66,5,
147,81,77,
147,91,20,
147,93,20,
147,95,139,
147,96,52,
147,101,65,
147,107,161,
147,109,30,
147,112,168,
147,122,130,
147,123,101,
147,124,177,
147,127,96,
147,143,122,
147,147,26,
147,147,74,
147,148,108,
147,159,49,
147,160,145,
147,164,101,
147,172,47,
147,175,17,
147,176,114,
147,179,87,
147,182,4,
147,188,119,
147,196,191,
148,1,19,
148,14,71,
148,21,24,
148,34,179,
148,35,182,
148,48,26,
148,53,114,
148,53,127,
148,54,150,
148,61,68,
148,64,35,
148,64,106,
148,66,159,
148,75,142,
148,80,174,
148,89,60,
148,90,123,
148,94,29,
148,96,25,
148,96,83,
148,111,117,
148,112,61,
148,112,172,
148,114,155,
148,119,96,
148,120,85,
148,121,113,
148,132,143,
148,134,180,
148,145,177,
148,148,30,
148,148,191,
148,153,73,
148,158,41,
148,159,26,
148,160,70,
148,171,188,
148,174,79,
148,180,66,
148,182,110,
148,185,150,
148,189,57,
148,195,42,
149,9,179,
149,11,48,
149,13,24,
149,14,163,
149,19,7,
149,21,129,
149,24,2,
149,24,63,
149,28,123,
149,31,3,
149,34,116,
149,37,142,
149,44,65,
149,46,14,
149,55,130,
149,61,130,
149,70,122,
149,72,182,
149,73,48,
149,85,126,
149,91,124,
149,94,4,
149,102,40,
149,116,151,
149,121,9,
149,121,43,
149,124,78,
149,126,42,
149,126,179,
149,141,96,
149,142,171,
149,143,7,
149,149,166,
149,153,17,
149,156,142,
149,157,174,
149,159,172,
149,163,119,
149,174,123,
149,184,169,
149,192,119,
149,192,121,
149,198,112,
150,1,157,
150,6,130,
150,7,181,
150,8,198,
150,9,14,
150,18,66,
150,19,63,
150,25,153,
150,28,32,
150,28,43,
150,56,163,
150,67,164,
150,76,109,
150,85,184,
150,86,44,
150,91,64,
150,97,60,
150,116,79,
150,117,103,
150,117,180,
150,118,30,
150,120,112,
150,129,172,
150,131,71,
150,141,118,
150,151,29,
150,152,57,
150,159,30,
150,170,145,
150,171,99,
150,174,145,
150,177,188,
150,178,188,
150,187,43,
150,189,54,
150,193,51,
150,194,53,
150,194,161,
150,195,69,
150,195,170,
150,199,90,
151,0,167,
151,7,34,
151,10,144,
151,13,169,
151,17,142,
151,20,90,
151,24,95,
151,25,34,
151,27,101,
151,47,189,
151,50,116,
151,58,26,
151,61,0,
151,67,192,
151,68,79,
151,78,89,
151,83,152,
151,87,161,
151,88,43,
151,88,159,
151,93,191,
151,94,30,
151,114,142,
151,119,60,
151,121,38,
151,122,33,
151,131,58,
151,139,20,
151,154,105,
151,157,69,
151,160,26,
151,160,172,
151,165,176,
151,166,137,
151,192,124,
152,2,98,
152,3,166,
152,5,4,
152,8,158,
152,11,164,
152,16,156,
152,34,16,
152,35,43,
152,35,118,
152,39,34,
152,48,18,
152,48,169,
152,57,34,
152,58,57,
152,70,153,
152,71,181,
152,75,194,
152,83,131,
152,102,48,
152,117,56,
152,117,61,
152,118,191,
152,122,47,
152,128,125,
152,130,133,
152,130,170,
152,133,175,
152,139,152,
152,141,150,
152,142,26,
152,145,46,
152,145,130,
152,145,184,
152,147,145,
152,149,123,
152,149,153,
152,152,74,
152,152,195,
152,155,4,
152,158,182,
152,159,81,
152,159,197,
152,160,15,
152,168,186,
152,172,137,
152,174,197,
152,175,106,
152,181,39,
152,188,100,
152,192,128,
152,196,46,
153,5,162,
153,9,39,
153,29,145,
153,34,10,
153,40,79,
153,41,198,
153,48,171,
153,49,113,
153,61,135,
153,62,123,
153,68,171,
153,71,147,
153,82,72,
153,93,103,
153,102,41,
153,107,121,
153,113,126,
153,114,51,
153,115,128,
153,120,86,
153,128,191,
153,131,130,
153,132,81,
153,132,150,
153,139,139,
153,142,64,
153,146,40,
153,157,172,
153,166,43,
153,170,0,
153,173,31,
153,185,1,
153,189,49,
154,12,193,
154,16,138,
154,26,80,
154,35,84,
154,38,27,
154,42,44,
154,42,188,
154,48,101,
154,50,196,
154,55,19,
154,68,61,
154,70,95,
154,80,93,
154,89,178,
154,90,141,
154,93,59,
154,101,184,
154,113,147,
154,119,90,
154,122,124,
154,129,112,
154,135,188,
154,142,60,
154,153,93,
154,164,24,
154,164,167,
154,167,82,
154,190,44,
154,195,159,
155,4,11,
155,9,95,
155,13,178,
155,18,194,
155,28,5,
155,29,3,
155,29,168,
155,38,198,
155,40,8,
155,44,185,
155,50,197,
155,53,16,
155,57,135,
155,69,11,
155,73,165,
155,76,27,
155,81,135,
155,83,10,
155,83,172,
155,92,108,
155,94,130,
155,97,157,
155,98,143,
155,100,24,
155,106,103,
155,112,148,
155,118,85,
155,120,69,
155,128,151,
155,130,118,
155,132,190,
155,133,100,
155,135,120,
155,139,6,
155,139,19,
155,139,122,
155,141,23,
155,151,63,
155,151,102,
155,167,107,
155,170,0,
155,172,93,
155,174,62,
155,192,24,
156,5,110,
156,5,125,
156,13,152,
156,14,168,
156,21,30,
156,23,49,
156,23,160,
156,24,8,
156,30,154,
156,39,153,
156,53,106,
156,64,143,
156,72,127,
156,80,196,
156,81,76,
156,97,72,
156,99,147,
156,102,135,
156,104,51,
156,108,57,
156,110,131,
156,119,44,
156,121,98,
156,123,90,
156,128,110,
156,140,9,
156,146,146,
156,151,4,
156,155,56,
156,180,173,
156,180,198,
156,195,155,
156,196,6,
156,197,90,
156,199,53,
157,9,138,
157,12,198,
157,14,32,
157,14,74,
157,23,20,
157,26,11,
157,28,93,
157,39,115,
157,41,65,
157,42,139,
157,46,2,
157,52,161,
157,59,32,
157,59,136,
157,63,6,
157,65,183,
157,70,10,
157,79,197,
157,82,56,
157,85,134,
157,87,88,
157,96,43,
157,110,69,
157,111,6,
157,112,21,
157,116,118,
157,118,170,
157,124,186,
157,125,146,
157,126,75,
157,127,42,
157,131,193,
157,139,115,
157,144,143,
157,148,99,
157,157,45,
157,161,75,
157,162,29,
157,164,178,
157,166,133,
157,171,61,
157,172,30,
157,174,10,
157,175,15,
157,178,171,
157,180,66,
157,185,152,
157,190,169,
157,192,136,
158,9,124,
158,24,15,
158,25,178,
158,29,12,
158,39,30,
158,40,196,
158,50,104,
158,61,61,
158,63,27,
158,63,118,
158,69,110,
158,78,154,
158,93,26,
158,96,96,
158,102,21,
158,106,59,
158,113,11,
158,115,56,
158,117,142,
158,124,128,
158,126,45,
158,126,98,
158,134,62,
158,135,4,
158,143,131,
158,147,135,
158,152,107,
158,160,168,
158,170,9,
158,172,183,
158,179,198,
158,180,106,
158,180,112,
158,180,116,
158,181,89,
158,181,106,
158,182,92,
158,190,11,
158,193,126,
158,196,46,
159,2,135,
159,7,9,
159,8,63,
159,9,121,
159,22,175,
159,29,134,
159,47,14,
159,56,107,
159,58,125,
159,62,97,
159,63,104,
159,70,17,
159,70,75,
159,71,153,
159,78,134,
159,81,48,
159,82,59,
159,83,113,
159,94,55,
159,98,184,
159,99,93,
159,101,130,
159,108,24,
159,109,17,
159,116,48,
159,117,152,
159,118,177,
159,127,195,
159,134,16,
159,141,88,
159,141,183,
159,144,25,
159,148,196,
159,154,36,
159,154,143,
159,182,181,
159,184,80,
159,188,98,
159,188,151,
159,191,98,
160,0,92,
160,5,94,
160,11,18,
160,15,56,
160,18,70,
160,22,190,
160,26,154,
160,40,116,
160,49,71,
160,51,190,
160,53,194,
160,55,78,
160,79,154,
160,81,82,
160,91,23,
160,91,111,
160,92,75,
160,92,187,
160,100,136,
160,101,96,
160,107,97,
160,107,145,
160,111,53,
160,122,187,
160,124,176,
160,128,23,
160,132,153,
160,139,61,
160,150,92,
160,166,16,
160,170,0,
160,172,36,
160,182,13,
160,185,29,
160,192,188,
161,2,8,
161,12,104,
161,20,56,
161,22,34,
161,23,76,
161,29,39,
161,32,153,
161,39,36,
161,41,98,
161,42,50,
161,43,83,
161,52,48,
161,63,79,
161,65,129,
161,67,165,
161,68,107,
161,72,23,
161,74,57,
161,83,18,
161,93,188,
161,100,88,
161,120,56,
161,122,48,
161,125,189,
161,126,150,
161,132,54,
161,133,194,
161,144,44,
161,146,37,
161,172,156,
161,176,12,
161,180,159,
161,182,15,
161,182,60,
161,183,192,
161,185,11,
161,192,95,
161,197,197,
162,5,122,
162,8,95,
162,26,82,
162,35,167,
162,51,42,
162,60,132,
162,73,54,
162,76,134,
162,77,57,
162,77,149,
162,82,87,
162,95,39,
162,95,130,
162,99,81,
162,101,159,
162,115,14,
162,124,1,
162,125,167,
162,138,96,
162,142,51,
162,142,70,
162,144,58,
162,149,114,
162,157,158,
162,171,155,
162,178,119,
162,179,49,
162,193,182,
162,196,129,
163,6,142,
163,25,91,
163,32,106,
163,34,119,
163,38,45,
163,57,178,
163,68,59,
163,68,82,
163,78,133,
163,82,113,
163,83,45,
163,83,195,
163,90,188,
163,101,20,
163,103,43,
163,106,157,
163,108,154,
163,110,19,
163,116,173,
163,117,143,
163,119,0,
163,124,112,
163,128,142,
163,130,102,
163,144,102,
163,146,69,
163,148,183,
163,151,184,
163,163,102,
163,164,185,
163,167,54,
163,168,83,
163,177,53,
163,177,103,
163,186,144,
163,187,5,
163,188,26,
164,3,105,
164,3,173,
164,5,17,
164,6,96,
164,8,132,
164,15,178,
164,24,86,
164,24,190,
164,27,145,
164,33,9,
164,35,70,
164,36,115,
164,37,27,
164,37,109,
164,38,89,
164,39,37,
164,41,176,
164,41,178,
164,56,172,
164,58,4,
164,65,127,
164,70,0,
164,75,190,
164,84,32,
164,88,50,
164,88,199,
164,92,84,
164,97,106,
164,98,87,
164,107,164,
164,116,75,
164,120,24,
164,121,110,
164,127,25,
164,132,68,
164,134,136,
164,150,17,
164,154,27,
164,172,14,
164,175,93,
164,178,11,
164,179,30,
164,181,194,
164,189,126,
164,189,197,
164,194,62,
164,194,134,
164,194,135,
165,4,23,
165,6,54,
165,8,191,
165,20,86,
165,22,58,
165,23,92,
165,24,120,
165,31,14,
165,37,94,
165,40,167,
165,56,3,
165,56,192,
165,58,130,
165,60,42,
165,61,142,
165,65,85,
165,72,29,
165,75,27,
165,77,168,
165,81,6,
165,85,184,
165,94,96,
165,95,145,
165,95,181,
165,99,124,
165,102,49,
165,104,198,
165,107,166,
165,109,115,
165,113,60,
165,121,123,
165,128,191,
165,134,146,
165,153,96,
165,157,149,
165,158,101,
165,164,179,
165,178,23,
165,182,24,
165,183,72,
165,194,153,
165,198,19,
166,3,189,
166,5,134,
166,11,136,
166,12,49,
166,17,181,
166,18,75,
166,20,169,
166,21,19,
166,23,117,
166,25,67,
166,30,95,
166,42,113,
166,50,78,
166,52,20,
166,62,115,
166,64,154,
166,65,153,
166,67,110,
166,71,143,
166,73,76,
166,78,14,
166,82,35,
166,103,78,
166,104,39,
166,119,137,
166,121,178,
166,122,179,
166,123,155,
166,131,102,
166,134,131,
166,165,194,
166,168,17,
166,190,10,
166,194,182,
166,196,19,
166,197,110,
166,198,103,
167,2,85,
167,5,133,
167,9,89,
167,14,59,
167,14,64,
167,14,120,
167,27,149,
167,29,187,
167,32,186,
167,37,148,
167,42,64,
167,45,178,
167,48,91,
167,55,74,
167,62,26,
167,65,122,
167,68,153,
167,70,62,
167,76,178,
167,76,194,
167,78,93,
167,81,199,
167,90,56,
167,90,111,
167,94,31,
167,102,37,
167,102,151,
167,104,147,
167,105,97,
167,106,140,
167,110,42,
167,117,112,
167,134,81,
167,135,38,
167,135,114,
167,141,98,
167,143,193,
167,150,97,
167,151,105,
167,152,19,
167,153,27,
167,164,136,
167,174,165,
167,174,191,
167,175,96,
167,180,30,
167,181,125,
167,183,75,
167,191,84,
168,3,115,
168,3,182,
168,4,153,
168,6,31,
168,13,90,
168,20,160,
168,22,17,
168,22,59,
168,27,166,
168,33,132,
168,36,195,
168,38,167,
168,66,174,
168,73,147,
168,77,118,
168,79,127,
168,85,34,
168,87,90,
168,94,118,
168,102,125,
168,105,113,
168,115,44,
168,122,53,
168,123,65,
168,127,148,
168,132,107,
168,135,29,
168,136,139,
168,148,86,
168,153,179,
168,154,116,
168,155,97,
168,157,190,
168,158,20,
168,164,59,
168,166,173,
168,171,89,
168,176,72,
168,188,56,
168,196,98,
169,2,137,
169,9,65,
169,12,54,
169,16,191,
169,17,62,
169,17,69,
169,20,109,
169,27,60,
169,28,106,
169,48,79,
169,50,93,
169,53,161,
169,58,160,
169,62,192,
169,63,58,
169,64,171,
169,68,199,
169,74,112,
169,76,114,
169,79,118,
169,80,158,
169,81,25,
169,83,122,
169,90,65,
169,90,68,
169,97,83,
169,98,27,
169,99,100,
169,100,97,
169,100,157,
169,103,36,
169,110,25,
169,111,54,
169,112,116,
169,116,92,
169,117,158,
169,118,193,
169,139,161,
169,142,59,
169,145,60,
169,159,86,
169,162,23,
169,166,83,
169,169,151,
169,170,105,
169,181,172,
169,184,72,
169,196,159,
170,9,79,
170,14,144,
170,15,160,
170,19,144,
170,20,47,
170,20,121,
170,34,9,
170,41,122,
170,45,68,
170,51,179,
170,73,15,
170,76,71,
170,92,186,
170,93,49,
170,107,14,
170,113,68,
170,115,40,
170,118,194,
170,120,35,
170,125,36,
170,127,117,
170,132,44,
170,134,79,
170,141,126,
170,142,82,
170,143,68,
170,147,111,
170,153,79,
170,155,161,
170,158,109,
170,162,69,
170,170,190,
170,177,16,
170,181,89,
170,184,96,
170,185,19,
170,189,45,
170,193,191,
170,199,81,
171,4,1,
171,7,25,
171,9,1,
171,9,162,
171,33,71,
171,44,34,
171,45,113,
171,51,63,
171,53,178,
171,56,176,
171,59,50,
171,69,120,
171,75,25,
171,93,18,
171,93,93,
171,100,78,
171,102,65,
171,107,91,
171,109,177,
171,112,71,
171,112,156,
171,118,13,
171,124,37,
171,125,106,
171,127,6,
171,142,67,
171,144,167,
171,160,40,
171,170,40,
171,184,170,
171,196,193,
172,0,26,
172,13,161,
172,15,196,
172,20,65,
172,20,81,
172,22,130,
172,22,191,
172,41,106,
172,43,18,
172,57,151,
172,57,198,
172,58,136,
172,76,133,
172,78,139,
172,79,1,
172,79,82,
172,86,82,
172,87,110,
172,93,23,
172,105,105,
172,105,151,
172,112,59,
172,124,43,
172,125,60,
172,127,49,
172,129,66,
172,129,178,
172,140,164,
172,146,197,
172,147,0,
172,151,65,
172,159,21,
172,166,103,
172,167,167,
172,171,9,
172,176,170,
172,180,59,
172,181,132,
172,183,49,
173,2,40,
173,3,39,
173,7,36,
173,14,192,
173,15,165,
173,16,133,
173,26,133,
173,38,22,
173,40,52,
173,41,18,
173,46,7,
173,48,65,
173,49,116,
173,59,30,
173,60,170,
173,61,182,
173,63,189,
173,67,129,
173,68,46,
173,74,46,
173,75,175,
173,83,75,
173,84,48,
173,88,111,
173,93,189,
173,93,197,
173,95,13,
173,106,76,
173,108,57,
173,111,115,
173,112,189,
173,113,67,
173,118,32,
173,120,35,
173,124,17,
173,128,82,
173,138,4,
173,142,125,
173,152,15,
173,152,58,
173,173,39,
173,179,187,
173,181,150,
173,186,116,
173,195,4,
174,1,57,
174,8,135,
174,13,56,
174,13,175,
174,20,43,
174,23,85,
174,25,128,
174,29,158,
174,33,43,
174,37,149,
174,59,86,
174,78,38,
174,79,88,
174,82,129,
174,84,71,
174,93,77,
174,110,7,
174,115,25,
174,119,129,
174,125,23,
174,126,118,
174,128,14,
174,129,121,
174,130,142,
174,139,45,
174,140,2,
174,142,162,
174,148,115,
174,149,6,
174,153,46,
174,154,173,
174,165,10,
174,165,61,
174,167,123,
174,169,117,
174,172,57,
174,173,112,
174,179,126,
174,181,27,
174,199,10,
174,199,18,
175,2,130,
175,5,69,
175,14,69,
175,14,166,
175,23,89,
175,23,159,
175,26,147,
175,32,2,
175,33,179,
175,39,125,
175,41,60,
175,43,141,
175,58,182,
175,62,33,
175,66,67,
175,76,69,
175,90,96,
175,98,176,
175,103,7,
175,106,145,
175,108,66,
175,114,11,
175,120,112,
175,121,6,
175,122,30,
175,126,115,
175,138,107,
175,158,144,
175,160,93,
175,169,171,
175,172,131,
175,174,121,
175,177,131,
175,181,7,
175,184,94,
175,191,84,
175,192,152,
175,195,89,
176,4,1,
176,7,170,
176,9,17,
176,11,26,
176,11,75,
176,14,13,
176,15,130,
176,25,122,
176,26,159,
176,29,48,
176,29,125,
176,33,198,
176,40,10,
176,44,157,
176,57,67,
176,61,110,
176,69,4,
176,80,113,
176,84,171,
176,95,65,
176,99,75,
176,105,86,
176,105,151,
176,106,65,
176,108,65,
176,112,83,
176,133,22,
176,139,52,
176,142,151,
176,149,67,
176,153,148,
176,154,158,
176,158,122,
176,166,125,
176,171,41,
176,175,57,
176,186,171,
176,188,109,
176,189,127,
177,3,152,
177,5,63,
177,17,37,
177,17,186,
177,25,82,
177,30,140,
177,35,157,
177,39,132,
177,39,189,
177,41,43,
177,48,105,
177,49,0,
177,51,87,
177,52,95,
177,59,82,
177,71,97,
177,75,86,
177,75,126,
177,76,107,
177,79,20,
177,89,193,
177,95,84,
177,98,121,
177,104,127,
177,107,180,
177,110,136,
177,111,3,
177,111,25,
177,116,39,
177,117,74,
177,120,121,
177,125,50,
177,128,26,
177,131,35,
177,135,0,
177,135,8,
177,135,151,
177,136,48,
177,137,121,
177,138,177,
177,139,26,
177,147,58,
177,152,101,
177,156,68,
177,171,87,
177,180,81,
177,181,188,
177,187,20,
177,189,84,
177,191,191,
177,196,7,
178,11,12,
178,20,4,
178,24,174,
178,33,76,
178,36,46,
178,49,88,
178,53,142,
178,57,173,
178,58,162,
178,60,144,
178,65,137,
178,66,43,
178,67,90,
178,71,143,
178,78,122,
178,86,170,
178,89,51,
178,94,57,
178,97,129,
178,99,100,
178,100,70,
178,108,18,
178,109,58,
178,115,63,
178,128,19,
178,137,180,
178,140,6,
178,148,90,
178,152,158,
178,154,119,
178,154,124,
178,155,19,
178,155,189,
178,158,74,
178,160,171,
178,162,60,
178,176,24,
178,186,158,
178,188,181,
178,190,0,
178,193,163,
178,195,195,
179,20,49,
179,24,9,
179,36,23,
179,52,167,
179,59,54,
179,67,109,
179,69,172,
179,75,118,
179,78,68,
179,79,133,
179,79,154,
179,100,195,
179,101,125,
179,108,14,
179,125,101,
179,128,22,
179,129,8,
179,129,124,
179,137,167,
179,138,127,
179,145,156,
179,159,70,
179,160,159,
179,166,158,
179,171,111,
179,178,100,
179,178,161,
179,181,35,
179,181,152,
179,184,151,
179,185,199,
179,187,112,
179,192,106,
179,193,41,
179,193,175,
179,198,180,
180,0,85,
180,3,109,
180,4,122,
180,7,98,
180,11,73,
180,14,62,
180,27,37,
180,28,142,
180,31,65,
180,33,126,
180,35,65,
180,46,53,
180,54,165,
180,58,148,
180,61,106,
180,61,120,
180,63,26,
180,65,19,
180,67,70,
180,69,60,
180,74,88,
180,84,16,
180,93,19,
180,103,137,
180,114,76,
180,118,80,
180,121,87,
180,121,96,
180,128,79,
180,135,17,
180,137,80,
180,137,134,
180,138,19,
180,141,173,
180,143,186,
180,147,95,
180,154,1,
180,166,147,
180,169,9,
180,170,57,
180,180,2,
180,180,95,
180,180,176,
180,181,36,
180,186,0,
180,190,196,
180,196,66,
180,197,15,
181,3,166,
181,8,72,
181,13,192,
181,28,24,
181,29,83,
181,31,37,
181,42,85,
181,46,23,
181,51,123,
181,54,17,
181,56,38,
181,56,138,
181,59,157,
181,59,176,
181,60,138,
181,63,86,
181,66,185,
181,67,148,
181,75,3,
181,90,174,
181,90,179,
181,106,43,
181,107,92,
181,109,180,
181,111,8,
181,123,80,
181,124,150,
181,130,50,
181,133,135,
181,138,134,
181,145,13,
181,146,121,
181,150,32,
181,155,24,
181,174,8,
181,183,76,
181,184,130,
181,192,84,
181,192,127,
181,195,98,
181,198,27,
182,4,68,
182,10,27,
182,10,35,
182,10,43,
182,11,82,
182,30,177,
182,45,36,
182,57,54,
182,63,165,
182,64,93,
182,64,171,
182,69,2,
182,70,17,
182,70,98,
182,74,190,
182,84,171,
182,91,135,
182,95,94,
182,120,122,
182,125,99,
182,135,7,
182,139,52,
182,143,29,
182,144,59,
182,147,77,
182,148,124,
182,154,195,
182,169,160,
182,171,103,
182,181,85,
182,185,59,
182,186,6,
182,188,33,
182,192,47,
182,199,92,
183,3,194,
183,8,87,
183,10,5,
183,15,42,
183,25,13,
183,26,117,
183,27,156,
183,31,59,
183,35,91,
183,45,166,
183,46,59,
183,56,48,
183,61,159,
183,61,164,
183,68,197,
183,85,69,
183,86,38,
183,88,64,
183,91,142,
183,107,83,
183,114,149,
183,115,78,
183,116,64,
183,122,10,
183,139,95,
183,148,27,
183,157,178,
183,159,14,
183,161,49,
183,169,73,
183,172,108,
183,175,116,
183,183,158,
183,193,178,
183,194,137,
183,196,144,
183,199,69,
184,3,60,
184,5,128,
184,15,109,
184,17,60,
184,19,98,
184,22,59,
184,23,168,
184,28,164,
184,34,96,
184,34,187,
184,54,0,
184,55,177,
184,57,55,
184,59,68,
184,62,21,
184,67,143,
184,76,91,
184,80,199,
184,82,180,
184,85,106,
184,90,149,
184,91,133,
184,95,12,
184,103,171,
184,107,54,
184,114,29,
184,117,154,
184,118,124,
184,123,177,
184,128,187,
184,134,58,
184,145,9,
184,155,154,
184,164,107,
184,170,144,
184,175,168,
184,176,143,
184,183,54,
184,193,38,
185,8,94,
185,9,90,
185,10,67,
185,12,37,
185,19,177,
185,23,107,
185,27,175,
185,32,1,
185,34,196,
185,36,182,
185,37,29,
185,41,46,
185,66,192,
185,68,171,
185,69,79,
185,83,131,
185,84,32,
185,84,112,
185,102,186,
185,118,194,
185,120,31,
185,123,37,
185,124,43,
185,127,107,
185,127,158,
185,130,68,
185,131,54,
185,141,50,
185,145,198,
185,148,16,
185,155,131,
185,172,149,
185,175,35,
185,175,144,
185,192,39,
185,195,97,
186,5,150,
186,10,74,
186,10,171,
186,17,74,
186,18,178,
186,20,21,
186,20,156,
186,26,21,
186,29,110,
186,32,177,
186,40,85,
186,41,116,
186,43,0,
186,45,130,
186,45,156,
186,46,173,
186,50,119,
186,52,166,
186,56,53,
186,64,197,
186,67,75,
186,67,174,
186,70,68,
186,73,92,
186,79,121,
186,81,163,
186,83,56,
186,84,70,
186,85,187,
186,87,68,
186,90,132,
186,97,144,
186,102,138,
186,104,180,
186,110,51,
186,111,95,
186,111,172,
186,127,80,
186,129,74,
186,133,156,
186,148,70,
186,152,59,
186,157,137,
186,159,158,
186,162,45,
186,171,87,
186,176,198,
186,180,58,
186,182,98,
186,184,66,
186,190,173,
187,1,125,
187,4,50,
187,9,88,
187,9,190,
187,14,143,
187,15,104,
187,22,100,
187,29,88,
187,36,20,
187,51,68,
187,52,78,
187,56,119,
187,58,146,
187,59,55,
187,61,179,
187,61,192,
187,62,65,
187,64,181,
187,64,186,
187,70,23,
187,74,90,
187,77,40,
187,86,23,
187,87,17,
187,96,84,
187,99,108,
187,106,102,
187,107,48,
187,112,62,
187,120,67,
187,121,153,
187,123,189,
187,144,110,
187,145,29,
187,148,78,
187,152,46,
187,152,153,
187,155,101,
187,158,41,
187,166,113,
187,167,100,
187,170,80,
187,175,27,
187,175,78,
187,185,85,
187,189,22,
187,199,197,
188,0,97,
188,2,50,
188,2,88,
188,3,108,
188,7,69,
188,13,169,
188,20,32,
188,30,110,
188,40,62,
188,42,83,
188,47,64,
188,57,19,
188,73,134,
188,79,160,
188,80,137,
188,84,150,
188,88,158,
188,95,127,
188,108,4,
188,113,43,
188,116,18,
188,122,34,
188,125,145,
188,127,3,
188,130,160,
188,144,110,
188,156,114,
188,159,15,
188,161,46,
188,162,47,
188,169,60,
188,175,177,
188,177,58,
189,21,120,
189,25,148,
189,28,116,
189,29,153,
189,32,46,
189,34,54,
189,39,165,
189,44,22,
189,51,100,
189,52,121,
189,53,117,
189,55,170,
189,56,61,
189,57,34,
189,62,159,
189,66,91,
189,69,107,
189,72,84,
189,78,56,
189,82,150,
189,85,63,
189,107,149,
189,113,21,
189,114,138,
189,119,39,
189,119,121,
189,120,133,
189,121,34,
189,122,178,
189,123,16,
189,131,127,
189,138,6,
189,144,196,
189,146,91,
189,147,63,
189,163,180,
189,164,40,
189,186,158,
190,2,44,
190,2,55,
190,2,106,
190,6,25,
190,7,63,
190,9,117,
190,10,19,
190,10,141,
190,27,156,
190,33,42,
190,34,32,
190,36,141,
190,46,73,
190,46,97,
190,50,159,
190,71,0,
190,73,120,
190,86,61,
190,87,43,
190,88,102,
190,90,91,
190,111,187,
190,123,48,
190,127,81,
190,133,118,
190,139,145,
190,149,186,
190,150,37,
190,151,192,
190,154,97,
190,160,54,
190,163,166,
190,166,171,
190,168,19,
190,174,11,
190,175,52,
190,184,153,
190,189,48,
190,189,102,
190,195,103,
191,0,145,
191,4,164,
191,6,49,
191,10,133,
191,17,190,
191,32,131,
191,45,16,
191,46,16,
191,61,16,
191,62,142,
191,77,62,
191,91,155,
191,92,90,
191,94,109,
191,94,157,
191,95,87,
191,101,157,
191,122,158,
191,129,91,
191,135,67,
191,142,153,
191,142,155,
191,142,170,
191,150,178,
191,165,70,
191,167,123,
191,168,107,
191,169,38,
191,170,159,
191,173,168,
191,174,169,
191,175,1,
191,178,163,
191,179,125,
191,183,24,
191,190,31,
191,192,21,
191,192,188,
191,193,180,
191,195,138,
191,196,143,
191,196,161,
192,1,43,
192,11,152,
192,18,180,
192,20,173,
192,51,125,
192,59,115,
192,65,171,
192,77,73,
192,82,173,
192,84,67,
192,89,29,
192,90,107,
192,92,24,
192,92,75,
192,102,93,
192,111,99,
192,121,141,
192,124,125,
192,127,185,
192,134,179,
192,136,107,
192,136,135,
192,138,148,
192,141,129,
192,148,32,
192,157,68,
192,158,44,
192,161,116,
192,180,89,
192,191,169,
192,196,150,
192,199,73,
193,0,123,
193,6,173,
193,19,68,
193,24,158,
193,29,41,
193,35,94,
193,45,3,
193,51,41,
193,53,80,
193,61,196,
193,63,64,
193,66,151,
193,68,62,
193,79,18,
193,79,48,
193,83,152,
193,89,93,
193,92,154,
193,102,14,
193,106,2,
193,108,20,
193,111,153,
193,126,32,
193,126,153,
193,136,139,
193,137,164,
193,145,104,
193,145,173,
193,149,196,
193,152,75,
193,169,25,
193,173,16,
193,174,70,
193,179,34,
193,180,15,
193,180,57,
193,190,188,
193,193,5,
193,193,177,
193,194,143,
194,0,52,
194,5,147,
194,6,27,
194,9,181,
194,17,55,
194,22,1,
194,23,109,
194,27,177,
194,35,10,
194,41,64,
194,42,81,
194,44,99,
194,48,195,
194,49,156,
194,51,0,
194,51,65,
194,55,101,
194,58,180,
194,60,147,
194,64,180,
194,65,28,
194,75,98,
194,76,109,
194,79,50,
194,81,198,
194,93,92,
194,96,74,
194,107,135,
194,109,32,
194,109,83,
194,112,176,
194,120,70,
194,120,112,
194,127,28,
194,148,174,
194,149,93,
194,152,135,
194,153,54,
194,156,82,
194,167,105,
194,170,41,
194,170,173,
194,172,9,
194,172,124,
194,173,128,
194,176,35,
194,180,99,
194,183,42,
194,195,76,
195,20,71,
195,22,110,
195,24,30,
195,29,112,
195,30,42,
195,38,99,
195,40,188,
195,41,180,
195,44,53,
195,46,143,
195,74,141,
195,76,63,
195,77,58,
195,78,93,
195,85,102,
195,86,121,
195,86,177,
195,94,53,
195,102,194,
195,108,177,
195,112,28,
195,121,120,
195,121,186,
195,126,171,
195,128,71,
195,144,146,
195,155,161,
195,158,197,
195,162,167,
195,166,130,
195,173,31,
195,174,132,
195,174,146,
195,177,105,
195,177,149,
195,179,102,
195,184,152,
195,190,80,
195,191,106,
195,192,102,
195,195,50,
195,195,190,
195,198,18,
196,5,137,
196,7,21,
196,16,45,
196,22,145,
196,27,56,
196,28,14,
196,38,165,
196,39,80,
196,42,64,
196,48,148,
196,53,175,
196,68,107,
196,68,146,
196,69,78,
196,70,40,
196,100,79,
196,117,126,
196,145,10,
196,155,199,
196,163,198,
196,164,62,
196,165,86,
196,171,7,
196,177,57,
196,181,114,
196,181,163,
196,183,181,
196,190,199,
196,198,126,
196,199,114,
196,199,124,
197,2,83,
197,5,150,
197,10,118,
197,15,164,
197,31,99,
197,38,77,
197,42,187,
197,47,58,
197,49,178,
197,52,39,
197,54,118,
197,64,80,
197,66,13,
197,70,131,
197,72,193,
197,74,49,
197,76,46,
197,76,96,
197,81,47,
197,88,2,
197,98,57,
197,103,109,
197,106,117,
197,115,88,
197,116,12,
197,116,22,
197,122,18,
197,125,55,
197,136,74,
197,157,126,
197,160,32,
197,165,13,
197,172,87,
197,173,172,
197,178,135,
197,187,110,
197,189,199,
198,0,11,
198,1,142,
198,5,167,
198,17,35,
198,21,126,
198,26,132,
198,29,66,
198,30,23,
198,31,127,
198,34,179,
198,37,131,
198,47,68,
198,52,199,
198,64,74,
198,64,105,
198,69,191,
198,71,119,
198,71,175,
198,78,135,
198,98,108,
198,102,7,
198,118,79,
198,119,73,
198,119,155,
198,122,8,
198,125,33,
198,128,175,
198,133,12,
198,143,127,
198,150,156,
198,152,101,
198,154,168,
198,154,199,
198,158,39,
198,159,173,
198,166,6,
198,167,111,
198,169,124,
198,175,133,
198,176,84,
198,185,69,
198,185,137,
198,193,113,
199,7,51,
199,19,110,
199,30,89,
199,35,125,
199,38,197,
199,39,40,
199,42,120,
199,48,67,
199,51,79,
199,76,15,
199,76,177,
199,77,185,
199,83,146,
199,89,69,
199,95,123,
199,97,114,
199,99,61,
199,102,30,
199,114,183,
199,132,94,
199,135,18,
199,141,130,
199,144,173,
199,152,41,
199,153,176,
199,158,6,
199,159,14,
199,164,30,
199,172,39,
199,178,110,
199,178,182,
199,179,169,
199,180,84,
199,182,128,
199,192,183,
199,193,195,
