0,0,0,
0,0,94,
0,20,151,
0,21,86,
0,24,84,
0,28,39,
0,36,130,
0,49,185,
0,51,62,
0,53,115,
0,61,4,
0,62,147,
0,64,97,
0,73,52,
0,75,100,
0,94,167,
0,101,134,
0,109,71,
0,109,118,
0,112,122,
0,113,5,
0,113,58,
0,127,111,
0,128,39,
0,128,75,
0,130,199,
0,134,79,
0,137,87,
0,148,130,
0,149,84,
0,154,181,
0,158,20,
0,158,139,
0,162,192,
0,165,142,
0,173,183,
0,177,155,
0,184,173,
0,187,147,
0,195,17,
1,1,13,
1,3,66,
1,10,170,
1,13,28,
1,21,34,
1,24,86,
1,25,119,
1,36,113,
1,57,133,
1,70,152,
1,72,35,
1,85,108,
1,87,195,
1,94,41,
1,96,176,
1,100,17,
1,102,171,
1,103,86,
1,106,29,
1,110,14,
1,111,2,
1,121,75,
1,133,163,
1,136,92,
1,140,15,
1,140,64,
1,147,138,
1,158,133,
1,159,151,
1,163,16,
1,172,95,
1,183,53,
1,188,39,
1,195,167,
1,198,143,
1,199,45,
2,6,131,
2,18,156,
2,20,164,
2,24,74,
2,26,93,
2,28,83,
2,39,151,
2,41,33,
2,43,81,
2,51,4,
2,53,120,
2,53,136,
2,57,55,
2,59,86,
2,64,49,
2,68,77,
2,69,130,
2,77,57,
2,84,148,
2,90,68,
2,102,167,
2,103,60,
2,105,62,
2,105,135,
2,109,133,
2,116,92,
2,117,154,
2,123,176,
2,125,38,
2,126,136,
2,128,44,
2,129,74,
2,135,13,
2,137,93,
2,140,16,
2,141,131,
2,151,101,
2,154,35,
2,164,179,
2,171,188,
2,176,155,
2,178,31,
2,184,174,
2,186,168,
3,2,155,
3,4,166,
3,6,24,
3,8,30,
3,11,163,
3,17,78,
3,18,89,
3,19,66,
3,19,128,
3,20,48,
3,20,191,
3,33,55,
3,34,177,
3,39,76,
3,40,64,
3,40,161,
3,42,161,
3,43,168,
3,47,39,
3,49,11,
3,56,19,
3,58,162,
3,59,52,
3,60,19,
3,64,150,
3,83,33,
3,104,170,
3,105,42,
3,105,48,
3,105,138,
3,112,193,
3,123,144,
3,138,17,
3,141,171,
3,142,151,
3,143,78,
3,161,94,
3,171,188,
3,173,157,
3,190,104,
3,191,17,
4,9,190,
4,15,196,
4,16,61,
4,23,145,
4,23,178,
4,24,129,
4,26,54,
4,26,88,
4,27,155,
4,41,159,
4,59,10,
4,71,154,
4,75,112,
4,102,34,
4,113,60,
4,121,37,
4,130,184,
4,133,98,
4,135,182,
4,136,23,
4,137,17,
4,140,144,
4,144,52,
4,145,148,
4,155,134,
4,176,61,
4,177,97,
4,178,96,
4,182,49,
4,183,61,
4,188,182,
4,189,64,
4,189,184,
4,192,146,
4,197,4,
5,2,31,
5,2,78,
5,2,137,
5,12,96,
5,13,43,
5,15,164,
5,19,75,
5,21,110,
5,23,197,
5,33,99,
5,39,28,
5,43,21,
5,43,23,
5,48,44,
5,58,102,
5,58,146,
5,59,54,
5,62,61,
5,63,95,
5,66,152,
5,77,2,
5,83,33,
5,94,23,
5,97,173,
5,102,15,
5,106,124,
5,111,31,
5,133,87,
5,139,44,
5,140,2,
5,141,198,
5,146,62,
5,149,143,
5,151,0,
5,152,118,
5,154,136,
5,155,25,
5,184,179,
5,188,106,
5,198,68,
6,2,90,
6,3,70,
6,3,138,
6,5,13,
6,5,28,
6,10,103,
6,15,145,
6,16,106,
6,28,163,
6,33,2,
6,35,149,
6,56,130,
6,60,86,
6,61,43,
6,65,71,
6,66,112,
6,66,193,
6,75,129,
6,78,35,
6,82,177,
6,85,142,
6,86,0,
6,86,190,
6,98,171,
6,100,43,
6,102,194,
6,105,197,
6,106,79,
6,108,117,
6,109,57,
6,109,106,
6,112,8,
6,112,108,
6,131,93,
6,136,190,
6,155,113,
6,165,116,
6,168,87,
6,170,120,
6,178,59,
6,179,188,
6,189,20,
6,190,114,
6,193,12,
6,194,105,
7,1,118,
7,2,46,
7,11,1,
7,15,10,
7,17,79,
7,27,28,
7,28,122,
7,32,171,
7,33,63,
7,33,117,
7,36,72,
7,36,101,
7,40,68,
7,42,169,
7,47,105,
7,51,141,
7,53,143,
7,55,74,
7,56,31,
7,62,84,
7,63,61,
7,63,114,
7,68,96,
7,72,161,
7,77,52,
7,79,98,
7,83,53,
7,88,112,
7,90,35,
7,95,4,
7,109,113,
7,110,123,
7,114,127,
7,115,71,
7,117,10,
7,120,102,
7,122,22,
7,135,49,
7,136,59,
7,176,160,
7,177,144,
7,189,60,
7,193,99,
7,197,153,
7,199,79,
7,199,191,
8,2,55,
8,3,75,
8,5,85,
8,6,54,
8,7,198,
8,13,110,
8,21,36,
8,36,167,
8,38,58,
8,40,59,
8,48,80,
8,50,111,
8,56,89,
8,64,7,
8,68,0,
8,84,111,
8,96,152,
8,103,158,
8,110,19,
8,126,55,
8,130,109,
8,140,177,
8,144,60,
8,148,178,
8,148,197,
8,165,195,
8,172,6,
8,174,118,
8,176,37,
8,177,164,
8,181,112,
8,186,105,
8,188,154,
8,190,166,
8,192,12,
9,1,189,
9,4,172,
9,7,20,
9,7,95,
9,12,108,
9,15,182,
9,30,9,
9,31,182,
9,32,142,
9,37,76,
9,41,86,
9,43,74,
9,47,7,
9,47,167,
9,49,188,
9,63,95,
9,65,175,
9,69,90,
9,71,169,
9,74,167,
9,83,0,
9,83,70,
9,87,88,
9,92,119,
9,109,131,
9,117,24,
9,117,72,
9,117,191,
9,119,177,
9,128,107,
9,130,49,
9,146,11,
9,151,42,
9,160,125,
9,161,59,
9,163,130,
9,169,132,
9,174,74,
9,174,177,
9,175,132,
9,181,21,
9,181,36,
9,185,147,
9,189,38,
9,199,197,
10,0,48,
10,0,145,
10,8,167,
10,12,139,
10,25,86,
10,27,65,
10,32,91,
10,32,117,
10,33,92,
10,34,88,
10,35,79,
10,41,76,
10,42,150,
10,50,68,
10,53,13,
10,56,39,
10,56,66,
10,59,128,
10,63,164,
10,68,153,
10,72,42,
10,73,122,
10,74,30,
10,81,104,
10,85,68,
10,87,152,
10,104,129,
10,109,136,
10,111,32,
10,114,182,
10,121,33,
10,128,175,
10,146,123,
10,150,42,
10,150,174,
10,177,91,
10,181,63,
10,186,108,
10,194,143,
10,194,164,
10,195,47,
10,195,167,
11,6,105,
11,14,162,
11,26,68,
11,26,113,
11,30,114,
11,36,72,
11,43,172,
11,45,46,
11,45,187,
11,56,93,
11,57,13,
11,69,32,
11,73,64,
11,74,179,
11,81,143,
11,83,189,
11,86,34,
11,87,176,
11,101,12,
11,106,164,
11,110,89,
11,113,135,
11,115,19,
11,116,100,
11,116,194,
11,120,105,
11,124,199,
11,128,176,
11,131,33,
11,139,46,
11,143,90,
11,148,126,
11,153,22,
11,158,50,
11,159,74,
11,165,111,
11,166,161,
11,176,12,
11,181,39,
11,184,2,
11,185,33,
11,187,48,
11,193,171,
12,2,143,
12,2,162,
12,5,143,
12,8,39,
12,14,37,
12,17,98,
12,39,130,
12,45,155,
12,50,10,
12,59,59,
12,59,91,
12,69,15,
12,76,136,
12,76,144,
12,77,70,
12,92,6,
12,103,42,
12,123,159,
12,144,164,
12,145,101,
12,146,60,
12,147,11,
12,148,156,
12,149,33,
12,152,77,
12,155,3,
12,155,94,
12,158,189,
12,160,166,
12,165,37,
12,170,130,
12,174,12,
12,176,68,
12,182,171,
12,183,58,
12,186,196,
12,189,192,
12,192,79,
12,198,12,
12,198,147,
13,6,139,
13,12,79,
13,12,197,
13,15,91,
13,16,115,
13,17,77,
13,20,161,
13,22,10,
13,25,199,
13,35,132,
13,77,173,
13,80,12,
13,83,37,
13,84,188,
13,91,142,
13,93,134,
13,100,1,
13,110,78,
13,112,154,
13,113,82,
13,114,4,
13,126,128,
13,127,161,
13,139,26,
13,164,131,
13,172,193,
13,173,67,
13,180,24,
13,180,162,
13,181,99,
13,181,159,
13,199,104,
14,3,114,
14,5,55,
14,7,172,
14,9,29,
14,12,99,
14,14,48,
14,16,129,
14,21,51,
14,24,101,
14,25,53,
14,25,82,
14,30,136,
14,38,91,
14,46,112,
14,51,115,
14,52,18,
14,63,50,
14,64,33,
14,64,78,
14,66,45,
14,68,193,
14,77,16,
14,83,130,
14,84,161,
14,87,44,
14,99,96,
14,102,10,
14,103,12,
14,117,51,
14,118,14,
14,131,59,
14,132,9,
14,140,137,
14,162,102,
14,177,110,
14,178,109,
14,179,61,
14,183,129,
15,2,108,
15,2,134,
15,5,39,
15,6,62,
15,8,77,
15,17,117,
15,21,10,
15,22,26,
15,23,86,
15,24,108,
15,38,40,
15,39,27,
15,40,61,
15,51,137,
15,69,192,
15,70,123,
15,88,109,
15,98,58,
15,98,108,
15,104,71,
15,106,149,
15,107,136,
15,107,197,
15,110,67,
15,110,114,
15,119,72,
15,122,78,
15,126,104,
15,127,85,
15,127,174,
15,131,121,
15,136,16,
15,137,107,
15,144,109,
15,149,3,
15,149,31,
15,153,150,
15,157,67,
15,164,113,
15,167,49,
15,184,104,
15,189,112,
15,198,147,
15,199,143,
16,10,29,
16,14,95,
16,15,90,
16,19,66,
16,27,17,
16,29,23,
16,43,162,
16,47,36,
16,50,30,
16,54,17,
16,62,138,
16,64,190,
16,66,101,
16,67,109,
16,70,41,
16,71,114,
16,74,45,
16,83,184,
16,89,94,
16,93,61,
16,97,46,
16,97,157,
16,102,28,
16,102,114,
16,102,193,
16,108,72,
16,121,84,
16,124,127,
16,129,55,
16,142,62,
16,145,67,
16,149,33,
16,161,70,
16,173,37,
16,176,91,
16,178,57,
16,183,182,
16,197,110,
17,22,119,
17,23,96,
17,24,30,
17,30,60,
17,45,27,
17,48,109,
17,48,190,
17,51,100,
17,61,35,
17,66,128,
17,67,164,
17,67,167,
17,77,25,
17,78,11,
17,80,76,
17,89,74,
17,91,111,
17,97,61,
17,100,125,
17,104,56,
17,107,67,
17,116,192,
17,121,25,
17,121,146,
17,132,77,
17,132,165,
17,133,137,
17,138,83,
17,141,193,
17,163,161,
17,166,95,
17,166,179,
17,168,188,
17,172,154,
17,173,15,
17,175,72,
17,182,163,
17,197,197,
18,0,101,
18,0,105,
18,2,141,
18,3,50,
18,7,122,
18,9,26,
18,16,110,
18,20,11,
18,31,16,
18,33,70,
18,36,167,
18,37,54,
18,41,17,
18,50,47,
18,58,113,
18,59,57,
18,61,68,
18,62,97,
18,62,162,
18,77,178,
18,77,198,
18,91,76,
18,91,161,
18,95,37,
18,106,166,
18,109,18,
18,111,9,
18,112,158,
18,115,104,
18,120,136,
18,136,20,
18,139,0,
18,140,177,
18,144,23,
18,144,184,
18,145,178,
18,148,152,
18,157,121,
18,161,84,
18,162,187,
18,175,1,
18,175,170,
18,190,183,
19,1,135,
19,6,1,
19,7,69,
19,24,118,
19,47,35,
19,52,126,
19,56,182,
19,69,125,
19,77,6,
19,84,67,
19,91,115,
19,94,164,
19,106,97,
19,106,193,
19,113,66,
19,117,45,
19,117,122,
19,119,12,
19,120,82,
19,122,79,
19,128,0,
19,136,88,
19,147,179,
19,152,119,
19,166,93,
19,168,92,
19,168,111,
19,169,158,
19,170,168,
19,176,3,
19,179,49,
19,189,31,
19,191,194,
20,0,61,
20,15,36,
20,16,33,
20,18,6,
20,21,84,
20,22,26,
20,23,58,
20,26,35,
20,27,13,
20,29,52,
20,30,166,
20,36,81,
20,41,32,
20,43,34,
20,47,188,
20,56,158,
20,56,183,
20,58,112,
20,58,165,
20,86,25,
20,101,167,
20,104,188,
20,106,39,
20,110,136,
20,114,188,
20,125,150,
20,126,98,
20,131,63,
20,132,134,
20,135,64,
20,135,179,
20,147,5,
20,154,85,
20,164,138,
20,177,9,
20,192,186,
20,196,44,
20,199,136,
21,0,178,
21,2,11,
21,3,58,
21,12,49,
21,24,64,
21,24,75,
21,34,53,
21,39,96,
21,42,181,
21,53,143,
21,60,28,
21,64,102,
21,72,16,
21,86,152,
21,92,101,
21,96,18,
21,108,31,
21,108,166,
21,110,172,
21,111,131,
21,114,158,
21,139,170,
21,143,14,
21,148,199,
21,153,30,
21,154,76,
21,162,12,
21,169,107,
21,176,126,
21,179,94,
21,184,150,
21,191,122,
21,198,161,
22,0,122,
22,1,90,
22,2,61,
22,8,156,
22,9,188,
22,11,104,
22,27,53,
22,27,93,
22,30,83,
22,43,196,
22,53,95,
22,55,194,
22,57,188,
22,73,34,
22,74,45,
22,78,98,
22,80,96,
22,85,110,
22,86,114,
22,95,65,
22,101,66,
22,105,193,
22,122,43,
22,124,138,
22,133,117,
22,139,18,
22,140,117,
22,165,125,
22,168,1,
22,169,138,
22,170,40,
22,175,43,
22,181,164,
22,183,155,
22,184,30,
22,192,52,
22,192,149,
22,195,38,
23,1,102,
23,5,170,
23,31,52,
23,32,73,
23,45,79,
23,47,109,
23,52,92,
23,53,192,
23,55,59,
23,56,48,
23,56,167,
23,64,190,
23,67,178,
23,76,87,
23,78,23,
23,91,174,
23,93,44,
23,121,170,
23,129,70,
23,146,19,
23,149,190,
23,150,35,
23,157,122,
23,157,135,
23,158,62,
23,164,98,
23,171,166,
23,175,77,
23,176,61,
23,178,189,
23,181,8,
23,181,51,
23,185,22,
23,185,163,
23,188,31,
23,198,112,
24,3,53,
24,4,41,
24,5,179,
24,9,89,
24,11,0,
24,14,18,
24,20,188,
24,22,25,
24,22,61,
24,26,64,
24,28,144,
24,31,74,
24,57,29,
24,59,67,
24,68,111,
24,83,106,
24,88,3,
24,100,8,
24,101,185,
24,107,185,
24,109,140,
24,114,81,
24,119,178,
24,120,197,
24,141,33,
24,141,143,
24,146,71,
24,157,84,
24,158,79,
24,161,185,
24,179,161,
24,189,11,
24,193,94,
25,8,146,
25,12,70,
25,29,59,
25,30,90,
25,34,74,
25,38,93,
25,39,7,
25,40,154,
25,41,180,
25,47,9,
25,47,44,
25,47,123,
25,48,4,
25,50,114,
25,51,110,
25,57,106,
25,59,5,
25,59,17,
25,62,21,
25,63,115,
25,70,34,
25,71,187,
25,82,114,
25,85,133,
25,87,119,
25,88,1,
25,132,152,
25,150,190,
25,152,116,
25,153,135,
25,154,37,
25,160,109,
25,169,86,
25,178,163,
25,185,187,
25,186,28,
25,194,58,
26,11,21,
26,14,13,
26,35,184,
26,37,162,
26,42,135,
26,47,96,
26,49,92,
26,49,152,
26,51,102,
26,55,144,
26,60,115,
26,61,166,
26,63,106,
26,84,42,
26,94,58,
26,95,145,
26,97,99,
26,108,87,
26,114,120,
26,116,166,
26,119,124,
26,119,126,
26,121,106,
26,128,149,
26,138,78,
26,149,106,
26,154,2,
26,156,97,
26,157,83,
26,161,153,
26,176,8,
26,176,24,
26,176,183,
26,182,93,
26,189,29,
27,1,1,
27,1,119,
27,2,68,
27,8,20,
27,8,129,
27,9,18,
27,10,176,
27,11,120,
27,15,61,
27,18,53,
27,19,52,
27,22,30,
27,32,46,
27,37,50,
27,47,56,
27,52,50,
27,62,152,
27,75,18,
27,76,9,
27,78,191,
27,82,62,
27,87,128,
27,98,28,
27,98,99,
27,109,31,
27,110,42,
27,127,163,
27,128,179,
27,133,113,
27,147,171,
27,148,187,
27,155,134,
27,157,125,
27,158,130,
27,161,41,
27,161,142,
27,166,43,
27,182,70,
27,183,176,
27,189,19,
27,191,5,
27,193,170,
27,198,118,
28,1,47,
28,3,83,
28,6,42,
28,9,197,
28,11,69,
28,11,112,
28,23,37,
28,27,41,
28,29,35,
28,31,141,
28,34,151,
28,35,110,
28,37,107,
28,39,67,
28,42,22,
28,45,15,
28,45,104,
28,47,117,
28,50,158,
28,61,143,
28,72,73,
28,76,172,
28,79,18,
28,89,73,
28,95,42,
28,100,149,
28,104,32,
28,110,62,
28,123,12,
28,127,104,
28,138,160,
28,142,112,
28,146,25,
28,147,115,
28,151,155,
28,156,167,
28,162,20,
28,164,86,
28,169,94,
28,182,94,
28,186,164,
28,187,18,
28,188,137,
28,189,11,
28,193,89,
28,194,8,
29,8,186,
29,9,176,
29,14,73,
29,25,119,
29,31,195,
29,44,193,
29,47,165,
29,65,86,
29,70,92,
29,75,127,
29,76,23,
29,86,96,
29,89,87,
29,99,136,
29,102,44,
29,105,126,
29,108,198,
29,113,132,
29,121,14,
29,121,38,
29,127,53,
29,131,75,
29,133,19,
29,137,105,
29,151,167,
29,160,174,
29,164,79,
29,166,61,
29,169,84,
29,191,91,
29,193,6,
29,195,192,
29,197,1,
29,197,48,
29,199,64,
30,4,93,
30,6,1,
30,6,133,
30,12,151,
30,14,154,
30,31,25,
30,32,197,
30,34,131,
30,44,153,
30,52,179,
30,72,97,
30,77,31,
30,78,129,
30,82,113,
30,83,51,
30,85,58,
30,85,102,
30,90,190,
30,94,150,
30,99,101,
30,105,190,
30,105,193,
30,107,184,
30,115,53,
30,115,150,
30,137,132,
30,139,5,
30,154,123,
30,164,5,
30,167,33,
30,173,7,
30,174,122,
30,175,38,
30,175,101,
30,178,20,
30,185,49,
30,188,24,
30,196,52,
31,6,159,
31,11,9,
31,12,193,
31,20,107,
31,21,64,
31,25,29,
31,43,142,
31,46,157,
31,47,162,
31,53,185,
31,59,189,
31,59,193,
31,60,155,
31,60,171,
31,81,102,
31,110,65,
31,110,165,
31,116,99,
31,131,23,
31,134,87,
31,138,16,
31,144,54,
31,156,143,
31,157,10,
31,159,74,
31,166,149,
31,167,193,
31,168,20,
31,168,84,
31,182,51,
31,183,77,
31,189,93,
31,196,104,
31,198,182,
32,0,188,
32,8,19,
32,14,47,
32,17,168,
32,18,133,
32,21,146,
32,34,149,
32,41,4,
32,46,73,
32,49,168,
32,55,50,
32,55,157,
32,61,162,
32,68,97,
32,71,153,
32,76,105,
32,78,187,
32,80,157,
32,80,182,
32,84,197,
32,95,133,
32,96,127,
32,106,109,
32,114,135,
32,116,152,
32,119,133,
32,124,105,
32,133,28,
32,137,40,
32,138,59,
32,143,156,
32,143,161,
32,149,111,
32,151,157,
32,155,153,
32,164,94,
32,188,61,
32,190,106,
33,2,143,
33,7,149,
33,10,64,
33,10,126,
33,19,92,
33,25,154,
33,28,106,
33,29,34,
33,34,63,
33,57,187,
33,63,23,
33,69,24,
33,73,20,
33,75,37,
33,81,196,
33,84,100,
33,87,188,
33,119,157,
33,121,47,
33,121,173,
33,123,159,
33,138,9,
33,150,170,
33,152,36,
33,158,49,
33,159,121,
33,161,57,
33,162,14,
33,162,199,
33,175,158,
33,178,18,
33,184,155,
33,186,102,
33,188,20,
33,192,112,
33,194,52,
33,194,161,
33,198,170,
34,2,172,
34,12,180,
34,30,93,
34,30,106,
34,33,132,
34,36,110,
34,44,87,
34,45,83,
34,48,184,
34,55,120,
34,64,83,
34,71,10,
34,71,124,
34,79,6,
34,79,119,
34,81,148,
34,92,11,
34,94,124,
34,106,109,
34,110,90,
34,123,9,
34,129,19,
34,131,104,
34,136,5,
34,150,25,
34,153,72,
34,160,21,
34,165,144,
34,173,82,
34,175,34,
34,182,173,
34,188,156,
34,192,48,
34,193,183,
34,194,138,
35,7,36,
35,16,107,
35,17,32,
35,19,150,
35,38,194,
35,41,156,
35,56,90,
35,64,194,
35,65,191,
35,70,83,
35,73,142,
35,76,113,
35,77,166,
35,82,15,
35,84,11,
35,86,52,
35,92,182,
35,94,121,
35,97,77,
35,99,160,
35,100,135,
35,104,139,
35,105,38,
35,109,129,
35,114,27,
35,117,180,
35,118,118,
35,121,26,
35,124,5,
35,126,25,
35,126,79,
35,131,172,
35,133,140,
35,135,34,
35,138,6,
35,144,103,
35,145,22,
35,149,165,
35,150,189,
35,162,39,
35,164,64,
35,181,65,
35,191,188,
35,194,62,
35,199,150,
36,6,71,
36,7,11,
36,9,124,
36,14,41,
36,16,11,
36,22,192,
36,23,155,
36,27,132,
36,27,190,
36,36,29,
36,38,127,
36,46,89,
36,48,58,
36,53,5,
36,53,58,
36,58,33,
36,70,29,
36,77,24,
36,80,172,
36,84,131,
36,86,172,
36,88,143,
36,89,111,
36,92,128,
36,93,162,
36,94,16,
36,95,104,
36,97,147,
36,104,182,
36,109,3,
36,112,21,
36,115,53,
36,119,117,
36,119,180,
36,122,164,
36,125,45,
36,135,15,
36,158,114,
36,164,118,
36,174,80,
36,175,197,
36,181,185,
36,183,55,
36,188,186,
36,190,2,
37,0,195,
37,1,72,
37,5,190,
37,9,73,
37,11,20,
37,19,20,
37,35,59,
37,35,104,
37,36,53,
37,38,68,
37,42,12,
37,48,172,
37,52,186,
37,54,164,
37,57,66,
37,58,32,
37,59,67,
37,65,191,
37,67,69,
37,72,88,
37,75,40,
37,83,77,
37,85,39,
37,91,178,
37,93,78,
37,95,105,
37,108,70,
37,117,31,
37,122,31,
37,122,49,
37,125,167,
37,126,115,
37,138,107,
37,142,171,
37,149,28,
37,151,145,
37,156,196,
37,159,149,
37,167,171,
37,169,57,
37,173,94,
37,181,133,
37,181,141,
37,198,95,
38,12,172,
38,13,142,
38,17,117,
38,25,157,
38,33,175,
38,35,12,
38,36,157,
38,64,151,
38,68,138,
38,79,180,
38,82,158,
38,83,91,
38,86,1,
38,91,3,
38,91,57,
38,98,16,
38,103,56,
38,118,12,
38,122,67,
38,137,191,
38,139,43,
38,156,68,
38,158,77,
38,163,157,
38,170,91,
38,175,122,
38,181,21,
38,189,59,
38,196,104,
38,199,144,
39,0,81,
39,0,186,
39,2,64,
39,4,166,
39,7,12,
39,10,43,
39,16,117,
39,37,181,
39,38,145,
39,45,106,
39,48,79,
39,48,137,
39,50,52,
39,50,150,
39,56,24,
39,58,4,
39,58,114,
39,59,114,
39,62,169,
39,70,98,
39,70,132,
39,76,67,
39,79,129,
39,84,8,
39,86,145,
39,89,8,
39,92,144,
39,95,74,
39,111,99,
39,135,1,
39,137,92,
39,146,0,
39,147,189,
39,148,34,
39,149,168,
39,152,149,
39,157,117,
39,165,35,
39,170,171,
39,177,112,
39,183,90,
39,184,109,
39,185,23,
39,196,59,
39,198,106,
40,1,95,
40,2,144,
40,14,154,
40,15,168,
40,20,75,
40,28,133,
40,43,154,
40,45,35,
40,45,196,
40,50,28,
40,54,30,
40,58,110,
40,61,178,
40,74,80,
40,78,20,
40,80,109,
40,84,141,
40,91,83,
40,98,184,
40,104,122,
40,104,131,
40,125,155,
40,125,168,
40,129,19,
40,130,195,
40,134,65,
40,134,148,
40,135,145,
40,151,174,
40,152,15,
40,153,44,
40,154,110,
40,154,170,
40,156,177,
40,157,139,
40,160,6,
40,166,126,
40,176,155,
40,178,141,
40,181,98,
40,198,157,
41,0,155,
41,14,192,
41,24,28,
41,27,151,
41,28,197,
41,30,119,
41,30,136,
41,38,198,
41,46,18,
41,50,46,
41,54,107,
41,70,91,
41,87,11,
41,100,86,
41,101,69,
41,107,8,
41,109,132,
41,110,99,
41,114,126,
41,120,7,
41,134,186,
41,164,15,
41,164,92,
41,175,165,
41,182,45,
41,196,69,
42,0,71,
42,7,78,
42,13,117,
42,16,10,
42,23,82,
42,25,148,
42,26,13,
42,29,131,
42,34,113,
42,40,70,
42,47,167,
42,50,2,
42,51,53,
42,54,162,
42,59,31,
42,62,142,
42,63,176,
42,64,54,
42,83,149,
42,87,77,
42,92,172,
42,98,166,
42,101,121,
42,102,52,
42,103,26,
42,104,33,
42,117,38,
42,129,65,
42,148,43,
42,151,45,
42,160,189,
42,163,11,
42,169,174,
42,175,173,
42,178,111,
42,182,15,
42,188,75,
42,199,185,
43,3,56,
43,7,88,
43,12,20,
43,14,88,
43,17,23,
43,22,36,
43,22,56,
43,26,106,
43,30,30,
43,41,137,
43,45,109,
43,52,126,
43,55,48,
43,55,104,
43,56,160,
43,57,153,
43,64,159,
43,67,14,
43,70,137,
43,75,178,
43,78,25,
43,83,24,
43,85,155,
43,95,4,
43,104,88,
43,106,20,
43,115,180,
43,120,188,
43,126,155,
43,126,175,
43,130,61,
43,139,195,
43,144,72,
43,148,37,
43,155,0,
43,156,145,
43,169,33,
43,174,139,
43,176,8,
43,180,2,
43,180,25,
43,184,54,
43,185,181,
44,5,81,
44,11,82,
44,11,140,
44,12,137,
44,32,74,
44,35,30,
44,42,186,
44,45,93,
44,46,177,
44,49,165,
44,50,6,
44,51,158,
44,53,182,
44,54,130,
44,60,70,
44,67,16,
44,68,189,
44,68,198,
44,79,3,
44,80,84,
44,81,179,
44,90,7,
44,92,17,
44,92,151,
44,93,63,
44,93,119,
44,99,54,
44,102,33,
44,104,46,
44,114,49,
44,115,76,
44,115,195,
44,125,91,
44,128,87,
44,140,168,
44,150,91,
44,151,196,
44,155,28,
44,158,181,
44,158,189,
44,162,134,
44,166,29,
44,166,193,
44,186,25,
44,189,26,
45,0,26,
45,5,172,
45,10,160,
45,12,189,
45,20,38,
45,21,75,
45,22,153,
45,24,73,
45,24,138,
45,26,15,
45,28,122,
45,35,152,
45,36,168,
45,39,77,
45,40,108,
45,46,59,
45,51,111,
45,54,15,
45,55,2,
45,59,91,
45,70,95,
45,73,12,
45,74,142,
45,76,105,
45,78,70,
45,90,98,
45,96,78,
45,106,94,
45,115,72,
45,120,125,
45,124,15,
45,135,127,
45,138,25,
45,138,39,
45,146,198,
45,147,64,
45,147,105,
45,154,14,
45,155,69,
45,156,169,
45,158,171,
45,160,17,
45,160,143,
45,166,20,
45,167,0,
45,181,103,
45,195,84,
45,197,165,
45,198,90,
46,1,62,
46,2,183,
46,3,175,
46,4,194,
46,6,170,
46,11,40,
46,14,33,
46,21,94,
46,21,184,
46,22,154,
46,27,121,
46,30,101,
46,44,61,
46,45,121,
46,46,87,
46,48,41,
46,55,35,
46,57,57,
46,57,96,
46,66,10,
46,75,102,
46,89,25,
46,98,117,
46,100,37,
46,103,193,
46,111,79,
46,112,158,
46,116,30,
46,118,58,
46,126,160,
46,128,125,
46,131,111,
46,132,146,
46,134,49,
46,139,150,
46,142,36,
46,148,19,
46,152,140,
46,154,2,
46,155,41,
46,164,67,
46,166,145,
46,168,122,
46,171,83,
46,176,139,
46,177,52,
46,179,81,
46,195,138,
46,198,189,
47,0,4,
47,6,163,
47,8,67,
47,14,189,
47,25,187,
47,35,9,
47,40,142,
47,46,175,
47,58,46,
47,63,52,
47,70,151,
47,73,70,
47,74,179,
47,82,95,
47,88,79,
47,98,78,
47,101,17,
47,111,152,
47,112,144,
47,116,69,
47,119,106,
47,128,88,
47,129,63,
47,134,1,
47,137,1,
47,144,18,
47,145,110,
47,151,129,
47,155,9,
47,165,15,
47,178,166,
47,183,3,
47,185,97,
47,185,162,
47,188,193,
47,191,3,
48,4,166,
48,10,33,
48,10,53,
48,11,27,
48,17,107,
48,20,181,
48,25,53,
48,26,78,
48,29,140,
48,45,45,
48,54,153,
48,66,162,
48,67,50,
48,69,100,
48,71,85,
48,88,177,
48,90,137,
48,94,183,
48,95,121,
48,102,105,
48,104,170,
48,108,33,
48,126,3,
48,127,74,
48,132,8,
48,132,100,
48,133,48,
48,140,171,
48,145,74,
48,155,5,
48,157,24,
48,161,63,
48,175,86,
48,193,73,
48,196,154,
49,1,161,
49,10,111,
49,12,38,
49,12,78,
49,13,177,
49,14,88,
49,15,154,
49,22,128,
49,23,0,
49,25,40,
49,26,83,
49,26,150,
49,29,157,
49,43,68,
49,48,123,
49,58,134,
49,69,3,
49,75,57,
49,75,157,
49,77,142,
49,81,21,
49,94,89,
49,94,108,
49,99,156,
49,99,192,
49,110,101,
49,119,82,
49,120,197,
49,122,113,
49,131,154,
49,138,0,
49,140,98,
49,151,31,
49,153,161,
49,155,82,
49,157,8,
49,172,116,
49,180,49,
49,186,71,
49,186,72,
49,189,149,
49,195,31,
49,195,82,
49,198,46,
49,198,66,
50,14,157,
50,18,193,
50,20,98,
50,27,124,
50,34,167,
50,36,86,
50,45,39,
50,46,48,
50,57,44,
50,63,177,
50,77,162,
50,79,148,
50,81,57,
50,94,18,
50,99,55,
50,110,67,
50,112,148,
50,113,87,
50,116,166,
50,118,65,
50,125,92,
50,136,95,
50,139,4,
50,139,175,
50,143,178,
50,148,65,
50,149,54,
50,150,194,
50,152,108,
50,153,88,
50,160,154,
50,160,190,
50,164,164,
50,168,95,
50,174,75,
50,179,14,
50,192,193,
50,197,62,
50,199,25,
50,199,199,
51,0,8,
51,2,41,
51,15,66,
51,18,125,
51,20,82,
51,31,6,
51,31,145,
51,33,102,
51,36,7,
51,36,184,
51,43,16,
51,44,163,
51,46,29,
51,51,21,
51,54,137,
51,66,12,
51,66,56,
51,92,60,
51,96,117,
51,96,124,
51,105,12,
51,107,31,
51,111,160,
51,120,169,
51,123,125,
51,124,181,
51,128,2,
51,128,168,
51,132,29,
51,135,31,
51,136,20,
51,144,33,
51,151,159,
51,157,190,
51,162,42,
51,165,99,
51,168,180,
51,172,160,
51,174,179,
51,175,179,
51,186,101,
52,5,107,
52,17,110,
52,19,102,
52,23,159,
52,25,188,
52,47,151,
52,58,60,
52,68,47,
52,70,18,
52,72,74,
52,72,94,
52,74,184,
52,80,23,
52,81,43,
52,81,151,
52,94,14,
52,100,119,
52,103,97,
52,127,5,
52,137,126,
52,149,40,
52,155,2,
52,155,30,
52,161,129,
52,163,40,
52,165,150,
52,172,150,
52,180,67,
52,185,125,
52,188,64,
52,198,166,
52,199,94,
52,199,147,
52,199,181,
53,4,102,
53,4,171,
53,4,196,
53,9,51,
53,16,3,
53,18,8,
53,25,34,
53,28,172,
53,36,3,
53,36,151,
53,41,119,
53,55,77,
53,55,109,
53,57,18,
53,60,61,
53,66,161,
53,73,107,
53,77,188,
53,78,135,
53,81,58,
53,82,89,
53,86,199,
53,89,65,
53,92,117,
53,95,47,
53,101,125,
53,102,10,
53,110,5,
53,118,43,
53,120,35,
53,130,50,
53,133,163,
53,137,172,
53,143,5,
53,144,50,
53,144,188,
53,152,156,
53,154,194,
53,156,40,
53,157,51,
53,171,2,
53,179,165,
53,181,103,
53,181,180,
53,182,94,
53,186,157,
53,190,199,
53,199,69,
54,1,154,
54,3,12,
54,7,55,
54,10,121,
54,11,59,
54,21,14,
54,22,124,
54,34,199,
54,38,127,
54,42,12,
54,46,198,
54,48,27,
54,48,52,
54,50,22,
54,54,82,
54,72,23,
54,77,136,
54,78,146,
54,80,119,
54,91,48,
54,100,184,
54,106,125,
54,133,47,
54,135,74,
54,139,26,
54,143,112,
54,148,94,
54,157,81,
54,161,78,
54,162,137,
54,175,195,
54,181,18,
54,185,69,
54,197,27,
55,2,181,
55,3,118,
55,6,173,
55,9,130,
55,13,8,
55,17,6,
55,17,102,
55,22,174,
55,30,66,
55,30,150,
55,32,50,
55,37,51,
55,38,153,
55,44,89,
55,46,194,
55,56,84,
55,56,194,
55,66,79,
55,67,185,
55,76,124,
55,77,169,
55,78,105,
55,79,87,
55,80,143,
55,98,43,
55,103,174,
55,118,17,
55,118,109,
55,119,183,
55,122,24,
55,132,68,
55,139,61,
55,139,155,
55,146,10,
55,156,115,
55,169,124,
55,191,27,
55,191,187,
55,193,90,
55,197,144,
56,0,67,
56,4,96,
56,21,8,
56,23,92,
56,27,94,
56,39,179,
56,40,90,
56,42,156,
56,45,59,
56,49,36,
56,57,73,
56,62,197,
56,63,24,
56,67,194,
56,72,82,
56,72,190,
56,79,176,
56,88,7,
56,88,85,
56,88,162,
56,90,53,
56,101,197,
56,102,61,
56,117,153,
56,120,20,
56,126,160,
56,138,81,
56,152,95,
56,155,23,
56,157,34,
56,169,82,
56,170,157,
56,177,159,
56,180,105,
56,187,19,
56,188,35,
56,194,113,
56,194,153,
56,197,122,
57,2,88,
57,3,97,
57,3,104,
57,3,146,
57,4,119,
57,6,177,
57,19,122,
57,24,160,
57,28,132,
57,32,3,
57,32,70,
57,43,62,
57,49,199,
57,54,97,
57,54,165,
57,57,96,
57,71,193,
57,78,101,
57,86,98,
57,92,109,
57,99,144,
57,106,49,
57,111,33,
57,117,15,
57,120,10,
57,122,108,
57,128,72,
57,128,139,
57,143,83,
57,151,74,
57,154,127,
57,154,177,
57,168,185,
57,171,4,
57,172,87,
57,175,91,
57,196,144,
57,198,155,
58,12,31,
58,13,37,
58,16,67,
58,18,29,
58,18,69,
58,19,147,
58,20,197,
58,23,117,
58,24,106,
58,27,81,
58,29,126,
58,31,91,
58,35,107,
58,44,165,
58,45,33,
58,48,155,
58,50,14,
58,59,18,
58,62,110,
58,66,41,
58,68,165,
58,81,65,
58,83,27,
58,100,10,
58,100,45,
58,106,27,
58,110,4,
58,112,13,
58,114,25,
58,119,76,
58,126,120,
58,129,90,
58,131,13,
58,132,109,
58,134,142,
58,135,175,
58,140,47,
58,140,179,
58,141,22,
58,142,89,
58,142,142,
58,143,199,
58,151,148,
58,152,116,
58,155,70,
58,155,146,
58,158,80,
58,162,101,
58,165,176,
58,168,181,
58,170,158,
58,177,32,
58,183,106,
58,187,13,
58,192,96,
58,196,149,
58,198,55,
59,1,44,
59,4,4,
59,4,184,
59,5,138,
59,8,35,
59,21,57,
59,25,174,
59,31,63,
59,50,184,
59,62,149,
59,64,160,
59,65,106,
59,82,183,
59,93,129,
59,105,51,
59,114,181,
59,128,31,
59,131,21,
59,132,108,
59,135,80,
59,135,168,
59,150,20,
59,153,91,
59,168,131,
59,180,109,
59,181,140,
59,198,102,
60,0,16,
60,5,123,
60,16,54,
60,28,173,
60,39,193,
60,55,60,
60,58,59,
60,60,35,
60,61,61,
60,68,99,
60,70,183,
60,73,87,
60,77,146,
60,84,53,
60,90,60,
60,93,142,
60,104,10,
60,104,129,
60,107,125,
60,107,159,
60,113,127,
60,120,132,
60,124,44,
60,132,122,
60,139,24,
60,140,41,
60,140,157,
60,144,13,
60,145,82,
60,153,39,
60,157,24,
60,160,40,
60,163,173,
60,166,77,
60,166,179,
60,168,113,
60,178,110,
60,182,57,
60,184,108,
60,194,133,
61,10,36,
61,10,98,
61,11,165,
61,13,70,
61,15,158,
61,16,10,
61,19,35,
61,19,188,
61,20,76,
61,21,6,
61,21,23,
61,27,35,
61,39,17,
61,43,11,
61,52,172,
61,62,39,
61,67,6,
61,68,192,
61,79,190,
61,80,101,
61,84,30,
61,91,147,
61,97,57,
61,99,10,
61,104,147,
61,113,47,
61,120,54,
61,120,78,
61,123,175,
61,147,153,
61,150,45,
61,155,87,
61,161,42,
61,163,10,
61,172,88,
61,174,98,
61,180,20,
61,186,97,
62,0,199,
62,2,40,
62,9,113,
62,22,47,
62,24,158,
62,28,44,
62,31,188,
62,36,185,
62,43,70,
62,58,106,
62,59,47,
62,59,95,
62,61,174,
62,63,102,
62,68,174,
62,72,35,
62,77,45,
62,80,194,
62,83,188,
62,85,142,
62,90,97,
62,93,104,
62,102,117,
62,103,55,
62,104,79,
62,123,151,
62,123,177,
62,124,188,
62,131,146,
62,132,129,
62,133,14,
62,134,73,
62,135,141,
62,154,90,
62,162,66,
62,164,21,
62,166,100,
62,167,15,
62,182,66,
62,185,197,
62,189,123,
62,190,62,
62,191,46,
62,198,177,
63,0,127,
63,2,44,
63,4,6,
63,4,75,
63,7,170,
63,12,38,
63,17,81,
63,18,1,
63,20,9,
63,23,149,
63,26,60,
63,26,147,
63,26,173,
63,31,71,
63,45,99,
63,46,46,
63,48,149,
63,48,178,
63,72,115,
63,73,35,
63,78,56,
63,83,145,
63,84,188,
63,88,8,
63,89,135,
63,91,59,
63,93,4,
63,95,37,
63,98,33,
63,102,178,
63,107,4,
63,115,192,
63,127,164,
63,133,50,
63,136,4,
63,141,42,
63,142,157,
63,144,136,
63,154,16,
63,154,44,
63,156,3,
63,161,181,
63,171,143,
63,181,15,
63,184,42,
63,188,61,
64,5,7,
64,21,1,
64,24,133,
64,29,33,
64,30,87,
64,36,197,
64,61,14,
64,61,198,
64,76,170,
64,82,85,
64,83,136,
64,90,120,
64,105,185,
64,106,106,
64,111,148,
64,113,167,
64,117,97,
64,124,127,
64,128,7,
64,128,177,
64,135,186,
64,136,62,
64,137,36,
64,140,37,
64,141,26,
64,142,60,
64,142,186,
64,153,161,
64,153,178,
64,155,166,
64,157,28,
64,160,100,
64,160,157,
64,165,3,
64,167,58,
64,168,141,
64,170,171,
64,171,71,
64,171,185,
64,174,20,
64,182,61,
64,186,8,
64,186,179,
64,189,162,
64,196,131,
64,199,169,
65,0,137,
65,2,187,
65,5,175,
65,37,155,
65,39,92,
65,44,183,
65,47,46,
65,59,67,
65,60,122,
65,61,196,
65,65,9,
65,81,149,
65,82,188,
65,85,61,
65,85,183,
65,92,125,
65,98,169,
65,122,28,
65,133,38,
65,137,18,
65,138,188,
65,139,115,
65,148,15,
65,149,36,
65,158,199,
65,164,23,
65,168,79,
65,171,36,
65,172,43,
65,176,91,
65,182,140,
65,189,72,
65,192,89,
65,196,122,
65,197,105,
66,1,60,
66,6,64,
66,6,194,
66,6,194,
66,8,7,
66,12,95,
66,19,67,
66,24,42,
66,29,93,
66,30,44,
66,31,68,
66,32,26,
66,33,199,
66,40,148,
66,42,183,
66,43,120,
66,45,151,
66,48,77,
66,49,6,
66,71,37,
66,83,59,
66,96,35,
66,96,84,
66,101,187,
66,103,163,
66,106,23,
66,127,41,
66,128,51,
66,130,85,
66,135,64,
66,137,194,
66,138,24,
66,138,144,
66,150,44,
66,151,71,
66,164,152,
66,170,57,
66,174,181,
66,174,185,
66,178,61,
66,180,12,
66,182,170,
66,185,59,
66,193,170,
66,194,17,
66,194,133,
67,1,15,
67,2,17,
67,3,173,
67,7,148,
67,15,75,
67,30,196,
67,34,133,
67,39,71,
67,41,153,
67,48,89,
67,49,70,
67,52,128,
67,55,15,
67,55,197,
67,57,148,
67,60,15,
67,72,144,
67,78,46,
67,83,105,
67,96,90,
67,100,82,
67,105,172,
67,108,74,
67,109,147,
67,110,15,
67,115,94,
67,124,184,
67,126,18,
67,130,167,
67,134,116,
67,141,182,
67,143,112,
67,146,149,
67,150,78,
67,150,127,
67,163,16,
67,165,194,
67,170,12,
67,176,127,
67,178,31,
67,190,116,
67,193,188,
67,195,96,
67,198,191,
68,3,111,
68,4,179,
68,6,190,
68,15,126,
68,21,152,
68,21,153,
68,24,140,
68,28,71,
68,28,174,
68,32,109,
68,38,140,
68,60,1,
68,63,75,
68,64,159,
68,67,159,
68,69,7,
68,70,151,
68,71,145,
68,74,139,
68,77,59,
68,79,47,
68,90,44,
68,108,14,
68,111,35,
68,115,124,
68,118,95,
68,121,44,
68,121,143,
68,122,66,
68,141,29,
68,142,59,
68,151,62,
68,153,66,
68,177,173,
68,178,6,
68,184,144,
68,187,31,
68,189,47,
68,192,175,
69,10,51,
69,11,77,
69,18,96,
69,18,145,
69,20,179,
69,27,153,
69,40,3,
69,43,180,
69,44,162,
69,57,78,
69,64,27,
69,65,193,
69,70,121,
69,75,82,
69,83,140,
69,87,125,
69,89,91,
69,92,142,
69,93,1,
69,95,168,
69,99,9,
69,99,135,
69,100,44,
69,104,151,
69,122,46,
69,128,74,
69,134,171,
69,153,95,
69,158,187,
69,166,189,
69,172,97,
69,174,152,
69,175,93,
69,182,90,
69,184,166,
69,186,81,
69,187,194,
69,189,134,
69,191,1,
69,191,188,
69,197,53,
70,5,151,
70,8,37,
70,11,103,
70,18,72,
70,31,143,
70,33,44,
70,34,199,
70,46,52,
70,54,25,
70,61,33,
70,62,184,
70,64,111,
70,64,170,
70,69,0,
70,80,156,
70,98,5,
70,102,1,
70,118,56,
70,118,115,
70,119,138,
70,123,85,
70,124,142,
70,126,33,
70,130,91,
70,140,17,
70,140,128,
70,149,120,
70,162,178,
70,164,190,
70,182,99,
70,184,112,
70,188,5,
70,188,114,
70,191,67,
70,194,82,
71,0,171,
71,1,169,
71,7,67,
71,9,142,
71,11,156,
71,17,62,
71,20,163,
71,21,21,
71,27,19,
71,31,92,
71,32,45,
71,36,67,
71,50,43,
71,50,144,
71,51,158,
71,52,197,
71,58,85,
71,61,171,
71,64,144,
71,69,134,
71,77,98,
71,77,112,
71,80,70,
71,84,167,
71,85,103,
71,89,27,
71,89,161,
71,105,73,
71,108,24,
71,117,10,
71,118,157,
71,120,115,
71,130,72,
71,131,172,
71,139,23,
71,139,186,
71,142,111,
71,149,114,
71,158,78,
71,162,84,
71,167,87,
71,174,180,
71,185,16,
71,196,62,
72,6,138,
72,9,99,
72,15,141,
72,15,161,
72,22,23,
72,25,183,
72,28,173,
72,31,155,
72,41,187,
72,46,8,
72,48,0,
72,53,192,
72,56,159,
72,67,67,
72,77,9,
72,79,114,
72,94,33,
72,95,127,
72,97,98,
72,99,178,
72,105,12,
72,108,176,
72,112,184,
72,113,149,
72,117,118,
72,123,130,
72,139,77,
72,148,82,
72,150,10,
72,150,73,
72,157,24,
72,167,164,
72,178,185,
72,182,120,
72,183,114,
72,186,187,
73,7,63,
73,9,65,
73,20,150,
73,21,0,
73,22,198,
73,27,86,
73,33,64,
73,35,168,
73,38,141,
73,39,189,
73,52,148,
73,60,178,
73,67,25,
73,71,53,
73,83,115,
73,90,145,
73,96,42,
73,98,63,
73,101,169,
73,104,16,
73,106,24,
73,112,89,
73,115,197,
73,119,32,
73,149,82,
73,153,134,
73,156,109,
73,157,109,
73,164,132,
73,167,91,
73,168,146,
73,168,161,
73,171,163,
73,176,58,
73,181,90,
73,184,2,
73,185,51,
73,187,98,
73,188,38,
73,189,51,
73,197,139,
74,7,6,
74,8,141,
74,11,154,
74,24,171,
74,26,198,
74,31,188,
74,32,190,
74,33,131,
74,36,165,
74,61,132,
74,62,145,
74,62,173,
74,65,37,
74,65,54,
74,67,78,
74,69,89,
74,71,21,
74,79,132,
74,80,55,
74,82,14,
74,83,14,
74,88,23,
74,89,118,
74,90,153,
74,96,156,
74,98,3,
74,103,17,
74,117,48,
74,119,197,
74,122,78,
74,125,112,
74,131,152,
74,139,45,
74,139,161,
74,141,92,
74,144,48,
74,147,104,
74,149,174,
74,174,199,
74,176,31,
74,192,58,
74,195,132,
75,2,55,
75,5,1,
75,5,151,
75,8,54,
75,8,104,
75,16,192,
75,17,58,
75,30,172,
75,34,84,
75,45,103,
75,45,181,
75,47,185,
75,53,21,
75,62,61,
75,64,45,
75,72,108,
75,75,15,
75,78,98,
75,79,61,
75,87,194,
75,88,70,
75,97,152,
75,98,132,
75,99,116,
75,103,89,
75,105,104,
75,107,7,
75,109,14,
75,114,163,
75,121,115,
75,132,122,
75,138,182,
75,152,44,
75,156,163,
75,157,171,
75,164,112,
75,165,131,
75,176,66,
75,180,40,
75,181,189,
75,191,32,
75,191,84,
75,194,12,
76,7,23,
76,13,72,
76,15,144,
76,28,88,
76,34,120,
76,44,171,
76,44,199,
76,54,42,
76,60,40,
76,60,43,
76,67,164,
76,68,71,
76,74,134,
76,81,180,
76,85,80,
76,100,73,
76,102,163,
76,105,10,
76,120,65,
76,120,120,
76,131,36,
76,131,136,
76,131,167,
76,132,5,
76,142,27,
76,143,79,
76,145,3,
76,147,111,
76,154,83,
76,157,85,
76,172,78,
76,173,114,
76,173,152,
76,173,194,
76,176,100,
76,178,61,
76,179,118,
76,180,185,
76,181,168,
76,185,26,
76,186,139,
76,190,199,
76,192,131,
76,198,178,
77,3,3,
77,4,148,
77,17,20,
77,19,53,
77,21,68,
77,23,12,
77,29,65,
77,31,130,
77,32,93,
77,37,132,
77,44,21,
77,44,124,
77,54,57,
77,54,173,
77,55,168,
77,56,3,
77,64,175,
77,65,181,
77,86,102,
77,101,9,
77,112,97,
77,134,198,
77,142,79,
77,144,73,
77,148,175,
77,152,47,
77,161,130,
77,167,47,
77,168,6,
77,174,128,
77,178,70,
77,180,88,
77,184,123,
77,185,111,
77,189,93,
77,192,99,
77,194,25,
77,196,9,
78,13,127,
78,14,28,
78,20,119,
78,33,186,
78,35,110,
78,39,127,
78,44,139,
78,57,144,
78,63,158,
78,67,102,
78,77,144,
78,78,72,
78,87,15,
78,93,35,
78,94,56,
78,94,178,
78,102,17,
78,106,172,
78,108,163,
78,117,10,
78,123,180,
78,131,19,
78,146,170,
78,150,32,
78,166,133,
78,172,162,
78,177,80,
78,185,163,
78,188,84,
78,193,134,
79,1,127,
79,4,93,
79,19,7,
79,24,183,
79,26,48,
79,27,29,
79,30,38,
79,39,138,
79,41,68,
79,53,19,
79,57,2,
79,60,133,
79,69,92,
79,70,173,
79,74,146,
79,88,115,
79,103,141,
79,104,77,
79,107,176,
79,114,197,
79,117,13,
79,120,62,
79,124,146,
79,127,36,
79,129,18,
79,132,17,
79,132,35,
79,132,65,
79,135,123,
79,135,158,
79,142,90,
79,143,173,
79,145,141,
79,147,39,
79,149,178,
79,150,82,
79,153,128,
79,162,171,
79,170,54,
79,174,1,
79,178,71,
79,187,42,
79,195,164,
80,1,22,
80,16,127,
80,17,99,
80,18,129,
80,25,34,
80,28,71,
80,29,125,
80,35,81,
80,36,127,
80,37,11,
80,41,85,
80,48,177,
80,55,15,
80,59,180,
80,66,111,
80,79,63,
80,83,194,
80,85,177,
80,86,148,
80,89,174,
80,92,2,
80,101,193,
80,119,19,
80,123,142,
80,129,38,
80,132,13,
80,134,82,
80,135,93,
80,137,68,
80,154,147,
80,155,6,
80,160,167,
80,168,77,
80,171,93,
80,172,113,
81,0,143,
81,7,189,
81,10,36,
81,17,38,
81,18,42,
81,19,51,
81,21,139,
81,29,50,
81,33,53,
81,36,70,
81,38,159,
81,45,4,
81,50,87,
81,54,163,
81,62,66,
81,62,141,
81,70,19,
81,70,66,
81,74,126,
81,90,186,
81,100,69,
81,104,195,
81,117,127,
81,120,197,
81,128,1,
81,133,188,
81,152,163,
81,153,75,
81,156,75,
81,161,16,
81,177,139,
81,179,44,
81,190,18,
82,2,13,
82,2,126,
82,4,119,
82,8,46,
82,18,84,
82,21,104,
82,22,7,
82,24,119,
82,29,6,
82,29,27,
82,33,122,
82,42,62,
82,47,36,
82,47,165,
82,57,196,
82,58,176,
82,64,3,
82,69,82,
82,72,171,
82,75,106,
82,77,165,
82,94,20,
82,100,51,
82,103,132,
82,110,166,
82,123,190,
82,130,47,
82,131,167,
82,134,73,
82,135,116,
82,137,126,
82,138,4,
82,143,142,
82,145,124,
82,150,133,
82,156,75,
82,166,76,
82,167,83,
82,170,25,
82,170,90,
82,174,123,
82,175,44,
82,184,30,
82,190,104,
82,194,161,
82,196,95,
83,19,27,
83,23,197,
83,24,164,
83,26,70,
83,31,179,
83,33,82,
83,36,121,
83,45,196,
83,54,131,
83,55,21,
83,57,48,
83,59,153,
83,61,120,
83,72,114,
83,77,124,
83,91,11,
83,99,40,
83,102,62,
83,110,19,
83,110,89,
83,118,4,
83,125,7,
83,129,184,
83,131,91,
83,147,45,
83,148,39,
83,152,59,
83,162,142,
83,169,95,
83,176,5,
83,178,3,
83,191,50,
84,0,29,
84,4,31,
84,7,142,
84,9,182,
84,10,51,
84,20,57,
84,29,160,
84,35,164,
84,37,197,
84,41,134,
84,42,98,
84,43,101,
84,51,93,
84,64,55,
84,64,111,
84,69,192,
84,74,125,
84,76,46,
84,77,128,
84,78,83,
84,84,137,
84,90,12,
84,90,164,
84,95,150,
84,102,92,
84,104,101,
84,109,65,
84,118,132,
84,125,165,
84,125,187,
84,131,127,
84,137,19,
84,160,124,
84,163,36,
84,170,17,
84,172,101,
84,172,175,
84,173,37,
84,180,108,
84,185,0,
84,199,93,
85,4,6,
85,7,18,
85,7,52,
85,7,90,
85,21,56,
85,27,85,
85,31,94,
85,33,17,
85,62,101,
85,63,109,
85,68,92,
85,70,110,
85,75,180,
85,83,121,
85,89,132,
85,92,182,
85,98,135,
85,98,199,
85,103,143,
85,112,148,
85,117,181,
85,118,112,
85,128,105,
85,131,60,
85,135,104,
85,140,155,
85,140,163,
85,141,134,
85,146,151,
85,147,77,
85,161,165,
85,162,82,
85,163,101,
85,164,27,
85,165,149,
85,177,192,
85,180,132,
85,183,166,
85,196,105,
85,197,108,
86,6,78,
86,8,52,
86,10,52,
86,12,17,
86,15,45,
86,17,123,
86,24,56,
86,38,97,
86,44,67,
86,55,73,
86,62,19,
86,69,96,
86,70,11,
86,79,169,
86,80,42,
86,81,2,
86,81,110,
86,86,183,
86,88,128,
86,98,151,
86,125,164,
86,128,16,
86,147,28,
86,147,78,
86,148,194,
86,149,185,
86,151,67,
86,155,184,
86,158,96,
86,162,166,
86,173,64,
86,174,93,
86,178,134,
86,182,129,
87,3,139,
87,13,149,
87,27,190,
87,36,60,
87,37,40,
87,42,73,
87,53,13,
87,58,86,
87,69,167,
87,70,166,
87,73,110,
87,75,15,
87,81,137,
87,83,2,
87,83,114,
87,85,63,
87,96,91,
87,102,70,
87,107,73,
87,110,171,
87,127,80,
87,129,141,
87,132,76,
87,134,161,
87,141,152,
87,142,26,
87,147,102,
87,159,103,
87,165,4,
87,170,92,
87,170,130,
87,170,147,
87,173,7,
87,175,152,
87,193,88,
87,199,45,
88,11,160,
88,12,45,
88,18,66,
88,20,63,
88,20,189,
88,21,166,
88,25,83,
88,30,59,
88,32,162,
88,34,194,
88,37,91,
88,45,113,
88,62,42,
88,74,157,
88,75,38,
88,78,16,
88,92,143,
88,94,96,
88,95,55,
88,101,42,
88,101,128,
88,115,139,
88,129,5,
88,143,193,
88,157,157,
88,160,80,
88,162,6,
88,162,176,
88,164,5,
88,167,57,
88,185,170,
88,190,15,
88,191,140,
88,194,135,
88,196,105,
89,16,43,
89,18,2,
89,25,56,
89,25,134,
89,42,157,
89,56,23,
89,59,23,
89,66,20,
89,66,155,
89,91,27,
89,101,116,
89,108,38,
89,122,148,
89,124,58,
89,125,49,
89,125,119,
89,127,64,
89,130,0,
89,130,66,
89,135,60,
89,138,69,
89,149,88,
89,151,61,
89,163,17,
89,165,39,
89,168,111,
89,169,89,
89,169,123,
89,172,150,
89,172,150,
89,176,110,
89,181,0,
89,183,131,
89,192,147,
89,199,12,
89,199,174,
90,0,180,
90,2,23,
90,6,54,
90,8,110,
90,10,14,
90,13,9,
90,29,47,
90,29,174,
90,31,32,
90,38,136,
90,42,35,
90,46,79,
90,47,168,
90,49,135,
90,58,114,
90,62,177,
90,64,121,
90,66,113,
90,71,146,
90,73,107,
90,73,145,
90,73,167,
90,76,169,
90,78,43,
90,84,40,
90,88,83,
90,96,4,
90,100,46,
90,104,12,
90,108,199,
90,123,116,
90,123,187,
90,124,97,
90,127,161,
90,127,181,
90,130,71,
90,130,143,
90,137,3,
90,139,143,
90,141,61,
90,148,59,
90,152,133,
90,153,106,
90,154,109,
90,156,81,
90,164,59,
90,171,48,
90,171,128,
90,176,115,
90,177,1,
90,196,54,
91,7,102,
91,8,68,
91,14,110,
91,24,105,
91,28,120,
91,40,127,
91,41,37,
91,41,180,
91,49,104,
91,55,31,
91,58,13,
91,69,163,
91,73,48,
91,75,30,
91,80,161,
91,86,56,
91,99,135,
91,100,169,
91,109,15,
91,111,163,
91,114,161,
91,118,162,
91,120,26,
91,121,32,
91,122,176,
91,124,45,
91,133,34,
91,135,21,
91,135,90,
91,147,169,
91,151,95,
91,157,30,
91,157,120,
91,160,19,
91,162,158,
91,167,162,
91,179,172,
91,195,43,
91,198,163,
92,0,68,
92,19,198,
92,23,176,
92,24,34,
92,34,55,
92,39,97,
92,45,68,
92,57,108,
92,59,59,
92,61,194,
92,71,32,
92,72,79,
92,84,56,
92,85,164,
92,91,4,
92,96,58,
92,96,184,
92,103,113,
92,104,57,
92,114,13,
92,117,191,
92,121,68,
92,122,157,
92,123,77,
92,128,134,
92,129,179,
92,130,25,
92,138,38,
92,139,116,
92,146,192,
92,148,190,
92,162,176,
92,165,131,
92,166,176,
92,171,157,
92,177,56,
92,184,13,
92,188,107,
92,189,189,
92,191,176,
92,197,141,
92,199,37,
93,1,137,
93,1,171,
93,2,168,
93,3,105,
93,17,31,
93,18,71,
93,20,21,
93,36,156,
93,41,45,
93,47,52,
93,49,9,
93,52,94,
93,55,183,
93,57,137,
93,70,122,
93,83,141,
93,87,171,
93,94,148,
93,110,129,
93,118,139,
93,125,7,
93,128,129,
93,129,112,
93,131,153,
93,138,0,
93,139,93,
93,154,60,
93,155,13,
93,166,188,
93,176,190,
93,181,62,
93,184,197,
93,188,152,
93,189,167,
94,6,125,
94,8,127,
94,16,132,
94,17,193,
94,18,14,
94,20,59,
94,20,171,
94,22,180,
94,24,106,
94,44,116,
94,47,18,
94,60,68,
94,63,155,
94,71,111,
94,75,184,
94,77,123,
94,79,46,
94,83,39,
94,95,183,
94,98,61,
94,110,46,
94,113,160,
94,113,168,
94,114,132,
94,120,137,
94,123,197,
94,124,44,
94,126,70,
94,127,1,
94,129,131,
94,159,38,
94,161,110,
94,165,42,
94,168,82,
94,170,17,
94,177,137,
94,184,154,
94,185,99,
94,186,41,
94,186,94,
94,190,24,
94,193,163,
94,195,152,
94,199,35,
95,2,161,
95,8,23,
95,13,60,
95,27,90,
95,35,165,
95,35,184,
95,50,194,
95,51,128,
95,52,113,
95,56,35,
95,59,110,
95,73,24,
95,87,35,
95,98,118,
95,98,123,
95,102,121,
95,104,91,
95,105,185,
95,115,98,
95,128,122,
95,141,44,
95,142,181,
95,149,101,
95,152,82,
95,156,172,
95,167,5,
95,168,38,
95,175,40,
95,182,4,
95,194,20,
95,197,188,
96,0,166,
96,1,110,
96,7,24,
96,9,83,
96,9,136,
96,14,178,
96,15,16,
96,17,79,
96,18,173,
96,30,187,
96,37,186,
96,39,145,
96,47,112,
96,50,21,
96,54,81,
96,56,151,
96,65,91,
96,67,10,
96,72,54,
96,84,110,
96,93,193,
96,96,67,
96,100,85,
96,102,26,
96,107,30,
96,107,95,
96,127,189,
96,138,87,
96,141,65,
96,146,128,
96,147,199,
96,151,31,
96,160,190,
96,165,186,
96,166,171,
96,182,90,
97,1,170,
97,2,35,
97,7,88,
97,15,154,
97,17,17,
97,28,41,
97,33,51,
97,35,55,
97,36,138,
97,40,24,
97,42,182,
97,49,37,
97,56,119,
97,61,11,
97,63,171,
97,67,27,
97,71,194,
97,75,22,
97,83,94,
97,89,124,
97,95,111,
97,100,46,
97,115,25,
97,117,32,
97,125,157,
97,128,72,
97,130,26,
97,130,84,
97,133,146,
97,133,198,
97,139,80,
97,146,123,
97,152,55,
97,161,145,
97,175,34,
97,176,5,
97,176,80,
97,182,195,
97,190,136,
97,195,172,
98,21,49,
98,23,197,
98,29,58,
98,32,56,
98,45,195,
98,47,105,
98,49,25,
98,57,14,
98,58,87,
98,59,120,
98,63,88,
98,65,141,
98,69,122,
98,70,191,
98,71,162,
98,79,172,
98,87,101,
98,87,108,
98,89,90,
98,90,51,
98,93,169,
98,99,134,
98,107,37,
98,110,49,
98,112,198,
98,118,169,
98,125,196,
98,133,102,
98,134,130,
98,134,141,
98,137,7,
98,137,45,
98,146,131,
98,149,107,
98,152,168,
98,158,169,
98,163,83,
98,173,165,
98,174,149,
98,177,152,
98,188,132,
98,193,143,
98,196,2,
99,4,122,
99,13,76,
99,14,87,
99,16,80,
99,19,136,
99,22,21,
99,22,187,
99,29,166,
99,30,121,
99,44,112,
99,45,102,
99,46,73,
99,76,160,
99,79,59,
99,82,103,
99,102,51,
99,109,87,
99,112,78,
99,121,22,
99,123,36,
99,125,157,
99,135,52,
99,144,73,
99,147,14,
99,153,102,
99,161,49,
99,167,49,
99,171,62,
99,173,68,
99,174,193,
99,175,51,
99,184,169,
99,188,51,
99,190,93,
99,195,130,
100,8,76,
100,8,118,
100,10,160,
100,29,61,
100,34,108,
100,41,128,
100,45,13,
100,46,102,
100,52,76,
100,53,74,
100,53,133,
100,59,54,
100,59,170,
100,70,66,
100,81,171,
100,82,141,
100,83,80,
100,85,16,
100,85,83,
100,87,153,
100,92,115,
100,100,120,
100,107,93,
100,111,26,
100,112,156,
100,112,198,
100,113,188,
100,121,147,
100,122,193,
100,128,12,
100,129,91,
100,132,148,
100,134,132,
100,135,66,
100,152,65,
100,152,120,
100,155,185,
100,161,80,
100,170,157,
100,177,183,
100,178,186,
100,188,195,
100,190,148,
101,8,108,
101,9,173,
101,14,32,
101,16,145,
101,19,7,
101,21,40,
101,22,122,
101,28,61,
101,29,161,
101,33,76,
101,35,88,
101,36,11,
101,43,58,
101,50,52,
101,56,128,
101,57,0,
101,58,145,
101,59,74,
101,61,155,
101,61,197,
101,62,43,
101,66,30,
101,67,42,
101,69,166,
101,71,143,
101,75,101,
101,84,127,
101,94,75,
101,97,38,
101,100,91,
101,104,154,
101,111,41,
101,112,131,
101,112,178,
101,120,5,
101,121,65,
101,121,181,
101,131,164,
101,139,12,
101,139,181,
101,142,151,
101,147,122,
101,149,1,
101,150,198,
101,151,61,
101,152,172,
101,164,193,
101,189,57,
101,199,49,
102,4,151,
102,6,63,
102,7,22,
102,7,136,
102,9,47,
102,11,16,
102,25,178,
102,28,162,
102,33,58,
102,38,161,
102,40,106,
102,45,190,
102,46,94,
102,49,30,
102,50,120,
102,52,113,
102,62,137,
102,64,46,
102,78,48,
102,81,164,
102,82,79,
102,84,80,
102,98,25,
102,98,57,
102,101,119,
102,102,191,
102,108,10,
102,115,57,
102,120,84,
102,121,14,
102,122,121,
102,127,199,
102,132,138,
102,157,159,
102,158,99,
102,158,169,
102,159,64,
102,159,92,
102,167,176,
102,169,172,
102,173,104,
102,173,127,
102,174,138,
102,174,163,
102,182,115,
102,189,37,
103,9,111,
103,12,27,
103,53,57,
103,57,110,
103,60,125,
103,69,124,
103,75,114,
103,76,99,
103,77,174,
103,86,46,
103,90,70,
103,94,34,
103,109,39,
103,112,94,
103,128,1,
103,132,90,
103,133,183,
103,135,67,
103,136,3,
103,136,61,
103,140,42,
103,142,102,
103,155,171,
103,162,5,
103,164,117,
103,164,154,
103,168,40,
103,170,72,
103,171,16,
103,173,30,
103,174,122,
103,176,154,
103,177,96,
103,197,183,
104,2,137,
104,4,145,
104,6,149,
104,7,63,
104,8,91,
104,15,141,
104,15,199,
104,28,141,
104,29,127,
104,35,165,
104,43,11,
104,43,198,
104,47,42,
104,50,108,
104,51,132,
104,54,102,
104,55,36,
104,60,85,
104,69,71,
104,75,96,
104,80,153,
104,84,66,
104,87,82,
104,90,197,
104,93,141,
104,99,95,
104,100,93,
104,105,121,
104,116,49,
104,116,106,
104,121,30,
104,148,4,
104,149,192,
104,151,69,
104,154,30,
104,158,41,
104,160,112,
104,179,10,
104,183,22,
104,185,108,
104,185,193,
104,186,82,
104,187,192,
104,191,170,
104,196,175,
104,197,40,
105,0,149,
105,12,92,
105,12,189,
105,18,107,
105,25,164,
105,29,199,
105,38,185,
105,42,26,
105,44,32,
105,50,55,
105,56,126,
105,61,149,
105,63,106,
105,69,187,
105,70,46,
105,75,70,
105,84,104,
105,89,46,
105,95,40,
105,95,72,
105,100,192,
105,103,50,
105,108,70,
105,117,153,
105,123,195,
105,125,44,
105,129,65,
105,147,195,
105,165,115,
105,171,86,
105,187,54,
106,2,27,
106,2,137,
106,7,198,
106,28,147,
106,28,199,
106,33,173,
106,40,77,
106,48,112,
106,51,170,
106,54,11,
106,56,106,
106,56,139,
106,57,29,
106,63,167,
106,68,98,
106,75,162,
106,77,138,
106,80,5,
106,94,141,
106,99,152,
106,104,66,
106,111,14,
106,136,43,
106,136,43,
106,142,48,
106,143,166,
106,146,6,
106,146,6,
106,146,131,
106,147,76,
106,153,84,
106,158,81,
106,163,5,
106,168,75,
106,170,26,
106,175,117,
106,179,139,
106,182,186,
106,184,163,
106,192,16,
107,0,22,
107,1,133,
107,2,111,
107,2,126,
107,11,130,
107,17,180,
107,19,185,
107,23,109,
107,25,90,
107,29,18,
107,29,85,
107,31,35,
107,34,97,
107,37,157,
107,46,68,
107,59,12,
107,59,174,
107,69,81,
107,73,31,
107,73,62,
107,87,113,
107,89,7,
107,89,143,
107,93,156,
107,100,147,
107,104,98,
107,121,121,
107,124,43,
107,127,11,
107,127,124,
107,142,3,
107,145,132,
107,146,11,
107,146,131,
107,151,166,
107,155,104,
107,163,15,
107,164,62,
107,164,76,
107,164,153,
107,165,15,
107,168,81,
107,168,194,
107,169,74,
107,173,185,
107,178,66,
107,193,73,
107,195,183,
107,196,108,
108,1,153,
108,6,181,
108,6,197,
108,16,110,
108,27,9,
108,28,31,
108,39,77,
108,41,156,
108,42,197,
108,49,170,
108,56,113,
108,68,110,
108,70,74,
108,72,36,
108,73,139,
108,74,2,
108,81,64,
108,89,31,
108,98,88,
108,102,139,
108,106,165,
108,116,147,
108,130,82,
108,132,115,
108,133,74,
108,134,123,
108,136,108,
108,139,98,
108,140,95,
108,149,78,
108,175,140,
108,177,151,
108,184,176,
108,191,24,
109,4,19,
109,4,166,
109,10,30,
109,13,43,
109,24,178,
109,32,17,
109,40,25,
109,40,141,
109,41,68,
109,41,176,
109,71,3,
109,86,65,
109,103,17,
109,103,128,
109,107,175,
109,108,22,
109,109,1,
109,115,8,
109,119,45,
109,123,152,
109,125,178,
109,128,88,
109,130,120,
109,137,40,
109,140,143,
109,141,39,
109,142,154,
109,151,61,
109,165,18,
109,166,44,
109,166,83,
109,182,37,
109,191,61,
109,194,97,
109,195,122,
110,1,172,
110,6,123,
110,10,26,
110,11,133,
110,15,188,
110,22,92,
110,29,15,
110,34,16,
110,39,177,
110,41,83,
110,43,172,
110,72,157,
110,73,76,
110,73,187,
110,74,179,
110,83,144,
110,85,30,
110,89,183,
110,98,48,
110,100,190,
110,101,151,
110,101,154,
110,110,107,
110,115,95,
110,122,135,
110,124,197,
110,136,183,
110,150,81,
110,164,194,
110,166,34,
110,169,109,
110,170,145,
110,171,20,
110,175,36,
110,177,106,
110,177,153,
110,178,8,
110,178,81,
110,180,187,
110,191,115,
111,3,132,
111,9,54,
111,24,139,
111,34,30,
111,38,23,
111,41,147,
111,45,35,
111,47,105,
111,48,192,
111,52,191,
111,60,94,
111,62,78,
111,72,74,
111,77,130,
111,82,123,
111,86,49,
111,86,93,
111,94,138,
111,95,119,
111,109,115,
111,112,189,
111,123,164,
111,128,163,
111,136,187,
111,137,28,
111,138,114,
111,138,149,
111,147,196,
111,150,52,
111,172,28,
111,173,56,
111,178,62,
111,181,107,
111,183,160,
111,189,145,
111,194,103,
111,194,104,
111,199,38,
112,2,89,
112,3,96,
112,7,185,
112,8,115,
112,8,117,
112,9,68,
112,12,167,
112,20,41,
112,61,39,
112,61,151,
112,66,30,
112,68,29,
112,68,60,
112,69,43,
112,75,159,
112,86,19,
112,86,50,
112,97,91,
112,103,183,
112,105,147,
112,106,113,
112,108,58,
112,112,184,
112,121,110,
112,128,0,
112,134,157,
112,140,179,
112,143,37,
112,144,185,
112,149,82,
112,150,152,
112,153,25,
112,159,2,
112,161,135,
112,165,76,
112,167,113,
112,174,134,
112,176,64,
112,178,38,
112,181,145,
112,181,176,
112,185,122,
112,188,96,
112,189,62,
112,194,183,
112,198,83,
112,198,128,
113,3,16,
113,5,59,
113,8,45,
113,9,174,
113,29,71,
113,35,194,
113,50,34,
113,54,140,
113,55,155,
113,58,144,
113,61,6,
113,63,129,
113,64,124,
113,69,97,
113,88,62,
113,90,140,
113,95,94,
113,97,185,
113,103,127,
113,105,14,
113,108,139,
113,114,39,
113,124,81,
113,139,109,
113,140,62,
113,142,18,
113,144,35,
113,146,193,
113,159,159,
113,161,54,
113,162,51,
113,164,65,
113,167,193,
113,170,165,
113,173,180,
113,179,84,
113,181,128,
113,181,136,
113,192,61,
113,194,197,
114,5,87,
114,6,159,
114,8,97,
114,9,48,
114,37,153,
114,43,24,
114,52,46,
114,56,142,
114,56,147,
114,58,62,
114,60,97,
114,64,130,
114,66,116,
114,67,53,
114,69,153,
114,85,154,
114,89,7,
114,100,77,
114,104,177,
114,105,191,
114,119,56,
114,119,105,
114,121,65,
114,124,15,
114,128,44,
114,131,1,
114,131,195,
114,138,123,
114,143,12,
114,147,138,
114,150,125,
114,155,88,
114,157,199,
114,163,191,
114,171,196,
114,172,2,
114,182,105,
114,186,96,
114,194,163,
114,199,63,
115,4,123,
115,14,67,
115,22,179,
115,24,42,
115,25,63,
115,32,76,
115,40,62,
115,45,74,
115,45,102,
115,54,144,
115,63,133,
115,85,97,
115,94,64,
115,100,34,
115,101,74,
115,121,38,
115,122,152,
115,125,76,
115,131,56,
115,137,145,
115,139,116,
115,140,173,
115,146,47,
115,150,127,
115,153,30,
115,162,58,
115,165,154,
115,166,150,
115,170,72,
115,176,163,
115,181,41,
115,187,71,
115,192,33,
115,197,93,
116,3,138,
116,5,192,
116,6,77,
116,6,164,
116,10,170,
116,33,47,
116,39,146,
116,41,34,
116,42,175,
116,50,100,
116,64,57,
116,71,48,
116,78,181,
116,80,139,
116,81,155,
116,84,67,
116,85,17,
116,94,129,
116,108,199,
116,117,141,
116,120,170,
116,126,93,
116,130,152,
116,133,137,
116,143,36,
116,175,181,
116,178,110,
116,189,83,
116,193,117,
116,197,25,
116,198,117,
116,198,147,
117,8,18,
117,22,28,
117,22,112,
117,27,195,
117,36,23,
117,42,132,
117,49,9,
117,55,195,
117,62,162,
117,85,15,
117,90,148,
117,110,79,
117,112,46,
117,113,103,
117,118,126,
117,123,47,
117,127,127,
117,137,194,
117,147,11,
117,149,1,
117,153,130,
117,154,168,
117,159,30,
117,183,193,
117,194,187,
117,195,117,
118,2,94,
118,5,196,
118,19,181,
118,20,1,
118,24,94,
118,25,91,
118,31,161,
118,35,7,
118,38,187,
118,41,10,
118,45,42,
118,51,45,
118,59,20,
118,61,75,
118,62,10,
118,66,124,
118,71,135,
118,72,187,
118,86,67,
118,89,128,
118,91,51,
118,92,22,
118,99,9,
118,99,144,
118,99,165,
118,107,54,
118,108,129,
118,109,141,
118,112,85,
118,113,116,
118,114,181,
118,117,67,
118,119,13,
118,122,106,
118,125,70,
118,138,127,
118,140,104,
118,141,190,
118,145,36,
118,146,60,
118,148,158,
118,155,132,
118,181,180,
118,182,119,
118,193,67,
119,0,78,
119,3,175,
119,7,8,
119,9,13,
119,16,40,
119,19,149,
119,21,49,
119,21,191,
119,24,194,
119,25,111,
119,28,93,
119,28,165,
119,32,45,
119,32,128,
119,44,182,
119,46,52,
119,47,198,
119,57,67,
119,60,173,
119,65,52,
119,66,13,
119,66,91,
119,70,5,
119,72,152,
119,75,180,
119,79,145,
119,79,199,
119,90,140,
119,91,154,
119,92,53,
119,100,144,
119,100,168,
119,101,99,
119,114,30,
119,115,127,
119,120,33,
119,120,176,
119,123,140,
119,124,44,
119,128,143,
119,130,65,
119,131,46,
119,133,33,
119,135,151,
119,139,38,
119,139,108,
119,140,104,
119,142,101,
119,142,145,
119,154,148,
119,166,73,
119,175,116,
119,179,138,
119,187,15,
119,188,7,
119,191,97,
119,191,164,
119,198,107,
120,1,90,
120,2,121,
120,19,96,
120,25,70,
120,25,125,
120,47,163,
120,48,167,
120,49,157,
120,54,166,
120,54,171,
120,55,79,
120,56,10,
120,63,65,
120,67,10,
120,70,170,
120,74,33,
120,86,186,
120,90,157,
120,98,50,
120,98,85,
120,101,20,
120,105,115,
120,106,77,
120,107,70,
120,109,79,
120,112,11,
120,115,139,
120,115,177,
120,118,89,
120,128,125,
120,140,50,
120,144,92,
120,146,198,
120,166,88,
120,180,103,
120,184,16,
120,189,142,
120,191,167,
120,193,89,
121,2,197,
121,4,170,
121,5,87,
121,6,147,
121,6,161,
121,10,105,
121,22,66,
121,37,76,
121,41,159,
121,45,45,
121,47,16,
121,49,15,
121,57,10,
121,71,71,
121,73,30,
121,75,19,
121,84,60,
121,85,37,
121,90,87,
121,91,193,
121,93,4,
121,96,19,
121,96,94,
121,109,158,
121,111,160,
121,116,75,
121,116,158,
121,119,120,
121,128,147,
121,136,119,
121,141,124,
121,163,48,
121,173,16,
121,173,63,
121,180,18,
121,199,157,
122,2,160,
122,2,162,
122,5,1,
122,35,122,
122,42,92,
122,54,174,
122,56,11,
122,58,37,
122,63,42,
122,64,7,
122,67,11,
122,75,60,
122,76,147,
122,84,130,
122,89,140,
122,95,61,
122,98,73,
122,98,107,
122,105,150,
122,110,28,
122,110,51,
122,111,107,
122,146,142,
122,164,18,
122,171,145,
122,172,144,
122,173,30,
122,182,15,
122,199,190,
123,28,4,
123,28,141,
123,29,89,
123,31,181,
123,36,21,
123,36,150,
123,40,84,
123,48,18,
123,55,12,
123,56,145,
123,57,41,
123,64,162,
123,65,85,
123,65,105,
123,74,145,
123,76,151,
123,78,111,
123,82,124,
123,85,122,
123,87,185,
123,90,33,
123,90,114,
123,95,108,
123,96,150,
123,102,130,
123,104,28,
123,104,42,
123,107,118,
123,107,166,
123,117,97,
123,120,186,
123,122,11,
123,123,21,
123,128,84,
123,129,103,
123,129,140,
123,130,188,
123,133,128,
123,145,30,
123,145,64,
123,145,138,
123,147,36,
123,147,64,
123,147,131,
123,148,25,
123,149,193,
123,173,110,
123,178,122,
123,179,54,
123,182,40,
123,184,154,
123,190,3,
124,2,153,
124,12,130,
124,23,59,
124,24,3,
124,24,138,
124,25,49,
124,26,105,
124,36,180,
124,42,85,
124,42,134,
124,45,139,
124,46,105,
124,51,13,
124,56,191,
124,58,7,
124,63,14,
124,89,17,
124,101,93,
124,109,8,
124,112,18,
124,115,106,
124,119,46,
124,121,131,
124,123,46,
124,135,0,
124,149,195,
124,151,25,
124,156,195,
124,172,51,
124,176,80,
124,181,60,
124,181,185,
124,186,156,
124,187,164,
124,188,35,
124,190,116,
125,5,61,
125,8,41,
125,8,84,
125,22,51,
125,26,188,
125,38,138,
125,50,63,
125,50,116,
125,50,185,
125,50,194,
125,51,91,
125,52,140,
125,59,112,
125,59,170,
125,60,17,
125,60,170,
125,71,99,
125,77,97,
125,80,181,
125,85,195,
125,89,72,
125,89,144,
125,90,128,
125,90,145,
125,109,129,
125,118,152,
125,127,165,
125,129,11,
125,131,19,
125,133,113,
125,139,1,
125,140,65,
125,149,70,
125,150,95,
125,152,28,
125,154,30,
125,154,145,
125,156,102,
125,158,29,
125,164,107,
125,171,124,
125,179,110,
125,195,117,
126,12,10,
126,12,117,
126,17,48,
126,29,28,
126,29,127,
126,30,23,
126,30,51,
126,38,120,
126,44,89,
126,55,150,
126,61,70,
126,74,137,
126,78,49,
126,80,112,
126,87,157,
126,89,41,
126,103,145,
126,117,140,
126,123,90,
126,123,99,
126,130,65,
126,132,163,
126,137,102,
126,137,119,
126,137,177,
126,139,15,
126,139,133,
126,140,180,
126,151,100,
126,156,37,
126,156,152,
126,158,101,
126,164,145,
126,166,35,
126,172,149,
126,173,67,
126,176,41,
126,186,185,
127,2,52,
127,2,157,
127,12,123,
127,13,65,
127,18,34,
127,19,82,
127,25,88,
127,27,114,
127,40,171,
127,41,178,
127,44,167,
127,45,53,
127,53,173,
127,61,116,
127,65,2,
127,69,196,
127,82,31,
127,82,67,
127,82,188,
127,88,83,
127,90,17,
127,95,38,
127,101,152,
127,104,157,
127,108,146,
127,110,4,
127,121,79,
127,122,93,
127,138,40,
127,141,141,
127,144,31,
127,145,104,
127,148,14,
127,156,110,
127,156,160,
127,161,181,
127,167,198,
127,171,177,
127,173,98,
127,180,106,
127,188,87,
127,190,148,
127,194,109,
127,199,182,
128,11,0,
128,25,183,
128,32,112,
128,47,139,
128,53,36,
128,63,32,
128,66,41,
128,66,128,
128,67,113,
128,67,146,
128,70,35,
128,70,83,
128,72,99,
128,77,90,
128,82,80,
128,84,19,
128,89,19,
128,89,167,
128,90,162,
128,91,105,
128,96,115,
128,105,7,
128,105,20,
128,108,15,
128,108,109,
128,114,108,
128,115,154,
128,117,45,
128,124,181,
128,126,7,
128,127,82,
128,129,139,
128,133,69,
128,146,20,
128,150,47,
128,150,190,
128,156,134,
128,161,52,
128,164,145,
128,173,4,
128,175,155,
128,176,165,
128,177,82,
128,180,21,
128,181,64,
128,182,4,
128,182,94,
128,187,32,
128,188,93,
128,195,86,
129,0,17,
129,2,87,
129,5,58,
129,17,77,
129,17,150,
129,20,115,
129,23,170,
129,24,26,
129,25,35,
129,26,10,
129,34,27,
129,35,10,
129,39,183,
129,51,170,
129,52,18,
129,55,1,
129,59,106,
129,61,189,
129,63,47,
129,66,115,
129,72,151,
129,77,43,
129,78,125,
129,83,115,
129,88,58,
129,92,174,
129,95,185,
129,108,68,
129,112,33,
129,114,22,
129,125,96,
129,134,140,
129,138,127,
129,142,191,
129,143,50,
129,144,164,
129,153,2,
129,160,104,
129,163,14,
129,165,144,
129,167,181,
129,171,188,
129,173,53,
129,174,180,
129,180,171,
129,195,110,
129,196,99,
129,198,28,
129,198,84,
130,2,7,
130,7,2,
130,8,170,
130,13,145,
130,14,52,
130,19,17,
130,22,123,
130,25,43,
130,25,138,
130,26,101,
130,30,156,
130,31,146,
130,34,101,
130,42,69,
130,43,28,
130,45,161,
130,51,74,
130,56,38,
130,59,102,
130,64,61,
130,84,8,
130,89,57,
130,98,60,
130,99,119,
130,101,17,
130,101,29,
130,106,52,
130,109,174,
130,111,120,
130,115,4,
130,115,124,
130,117,92,
130,119,159,
130,120,86,
130,123,119,
130,134,1,
130,138,96,
130,139,56,
130,144,28,
130,145,185,
130,146,165,
130,148,178,
130,156,17,
130,158,175,
130,159,65,
130,176,89,
130,177,131,
130,187,154,
130,196,192,
131,12,176,
131,21,19,
131,24,191,
131,30,188,
131,34,186,
131,36,45,
131,43,136,
131,44,28,
131,45,120,
131,49,44,
131,49,189,
131,65,94,
131,82,52,
131,83,118,
131,91,117,
131,92,78,
131,95,106,
131,97,21,
131,105,62,
131,136,148,
131,136,193,
131,138,174,
131,160,134,
131,163,96,
131,164,165,
131,173,26,
131,175,174,
131,179,103,
131,188,177,
131,191,94,
131,195,73,
131,195,109,
132,3,95,
132,8,60,
132,12,13,
132,17,198,
132,25,171,
132,38,166,
132,44,127,
132,50,32,
132,58,15,
132,60,29,
132,60,72,
132,64,151,
132,66,27,
132,71,0,
132,71,18,
132,98,58,
132,101,85,
132,102,86,
132,105,74,
132,108,160,
132,109,85,
132,111,69,
132,111,77,
132,115,178,
132,118,130,
132,118,143,
132,118,145,
132,124,109,
132,127,49,
132,133,46,
132,150,165,
132,153,137,
132,164,101,
132,170,167,
132,171,182,
132,179,57,
132,189,86,
132,190,85,
132,193,64,
133,6,55,
133,6,195,
133,11,36,
133,12,31,
133,13,49,
133,15,95,
133,17,104,
133,18,148,
133,19,112,
133,19,119,
133,28,93,
133,29,67,
133,50,180,
133,52,5,
133,68,45,
133,69,18,
133,75,175,
133,79,141,
133,81,44,
133,81,77,
133,82,46,
133,84,60,
133,85,40,
133,86,123,
133,95,137,
133,95,147,
133,100,53,
133,102,29,
133,105,76,
133,107,55,
133,108,44,
133,112,4,
133,116,68,
133,129,113,
133,134,113,
133,138,11,
133,139,174,
133,140,122,
133,146,53,
133,160,64,
133,185,103,
133,190,150,
133,194,198,
133,195,58,
133,195,125,
134,5,104,
134,9,97,
134,20,54,
134,24,71,
134,28,111,
134,45,91,
134,48,54,
134,50,60,
134,56,30,
134,64,90,
134,67,128,
134,68,73,
134,78,13,
134,81,16,
134,82,56,
134,83,41,
134,93,94,
134,102,133,
134,102,162,
134,107,186,
134,118,123,
134,122,146,
134,123,133,
134,125,115,
134,144,95,
134,145,156,
134,148,66,
134,165,52,
134,173,103,
134,176,108,
134,178,115,
134,183,101,
134,187,83,
134,198,99,
134,199,103,
135,2,56,
135,2,93,
135,7,58,
135,11,121,
135,11,169,
135,14,48,
135,24,159,
135,28,183,
135,42,51,
135,46,0,
135,48,89,
135,56,55,
135,57,66,
135,70,40,
135,73,144,
135,87,14,
135,90,11,
135,90,76,
135,94,172,
135,95,153,
135,108,31,
135,108,100,
135,119,17,
135,124,195,
135,132,130,
135,133,5,
135,137,104,
135,140,88,
135,141,52,
135,143,42,
135,162,156,
135,164,170,
135,165,47,
135,173,173,
135,178,82,
135,178,148,
135,181,178,
135,183,2,
135,192,10,
135,194,194,
135,196,172,
136,2,111,
136,3,45,
136,17,23,
136,22,18,
136,25,45,
136,27,147,
136,29,11,
136,36,117,
136,37,168,
136,46,186,
136,49,97,
136,53,12,
136,62,80,
136,76,158,
136,80,14,
136,81,104,
136,86,132,
136,90,24,
136,98,87,
136,106,139,
136,110,44,
136,110,133,
136,112,163,
136,115,55,
136,115,97,
136,117,8,
136,120,105,
136,121,45,
136,122,23,
136,126,166,
136,129,96,
136,132,7,
136,142,58,
136,147,72,
136,154,7,
136,176,161,
136,185,183,
136,190,92,
136,194,5,
136,198,7,
137,9,3,
137,27,114,
137,43,72,
137,49,119,
137,49,149,
137,56,4,
137,56,38,
137,63,182,
137,65,188,
137,69,187,
137,73,33,
137,73,154,
137,75,91,
137,81,99,
137,116,98,
137,127,192,
137,129,27,
137,129,148,
137,144,81,
137,145,31,
137,146,170,
137,148,184,
137,150,73,
137,158,194,
137,160,22,
137,164,0,
137,169,182,
137,179,148,
137,180,123,
137,182,162,
137,183,17,
137,188,84,
137,193,29,
137,195,54,
138,5,103,
138,12,105,
138,15,18,
138,18,47,
138,18,160,
138,19,126,
138,19,184,
138,24,186,
138,32,28,
138,38,24,
138,45,99,
138,55,36,
138,56,87,
138,63,104,
138,66,122,
138,71,126,
138,71,128,
138,74,115,
138,76,160,
138,79,91,
138,87,198,
138,89,174,
138,90,31,
138,90,122,
138,90,169,
138,91,127,
138,94,140,
138,95,47,
138,96,113,
138,97,117,
138,99,18,
138,103,145,
138,107,133,
138,111,23,
138,113,45,
138,113,184,
138,116,16,
138,126,148,
138,144,38,
138,151,28,
138,160,113,
138,162,23,
138,167,35,
138,183,54,
138,188,61,
138,195,29,
139,1,4,
139,16,46,
139,19,166,
139,19,194,
139,33,86,
139,40,61,
139,44,110,
139,46,87,
139,47,32,
139,55,71,
139,69,173,
139,83,120,
139,100,104,
139,108,155,
139,109,174,
139,122,76,
139,134,122,
139,145,24,
139,145,68,
139,147,58,
139,149,64,
139,150,44,
139,152,179,
139,167,6,
139,188,25,
139,188,62,
140,0,131,
140,9,34,
140,10,169,
140,12,188,
140,16,8,
140,23,2,
140,25,27,
140,29,33,
140,31,136,
140,37,91,
140,42,45,
140,45,48,
140,54,23,
140,60,164,
140,63,85,
140,69,98,
140,71,166,
140,73,148,
140,78,196,
140,80,87,
140,85,113,
140,88,92,
140,88,189,
140,90,133,
140,99,73,
140,101,120,
140,108,37,
140,115,128,
140,119,155,
140,129,86,
140,130,45,
140,145,31,
140,152,31,
140,153,72,
140,153,187,
140,155,63,
140,156,9,
140,159,80,
140,161,100,
140,161,192,
140,166,197,
140,168,24,
140,175,52,
140,178,115,
140,181,127,
140,195,105,
141,6,62,
141,6,133,
141,14,43,
141,14,98,
141,19,24,
141,21,20,
141,23,197,
141,24,26,
141,29,88,
141,38,194,
141,39,47,
141,45,109,
141,50,162,
141,58,52,
141,63,88,
141,67,176,
141,73,35,
141,80,153,
141,81,110,
141,93,1,
141,110,63,
141,110,195,
141,112,59,
141,112,159,
141,114,187,
141,119,183,
141,123,161,
141,125,79,
141,134,107,
141,136,159,
141,145,160,
141,148,164,
141,149,34,
141,150,61,
141,157,0,
141,159,63,
141,162,77,
141,178,6,
141,182,170,
141,185,55,
141,191,134,
141,192,123,
141,193,52,
141,195,129,
142,8,183,
142,15,43,
142,22,148,
142,24,160,
142,41,145,
142,44,53,
142,48,68,
142,49,92,
142,73,68,
142,83,42,
142,96,68,
142,99,42,
142,104,124,
142,106,98,
142,118,44,
142,128,93,
142,132,138,
142,136,45,
142,142,144,
142,145,106,
142,146,34,
142,147,44,
142,147,152,
142,154,105,
142,157,147,
142,160,51,
142,162,167,
142,166,182,
142,175,66,
142,179,102,
142,180,88,
142,180,142,
142,183,148,
142,185,105,
142,189,103,
142,194,61,
142,196,128,
143,10,187,
143,14,180,
143,16,193,
143,20,2,
143,32,174,
143,34,30,
143,35,103,
143,40,86,
143,43,29,
143,46,18,
143,58,132,
143,60,95,
143,64,39,
143,72,39,
143,72,192,
143,80,131,
143,84,188,
143,85,24,
143,91,169,
143,92,28,
143,95,115,
143,109,106,
143,111,155,
143,116,197,
143,117,57,
143,137,119,
143,145,158,
143,148,133,
143,150,169,
143,154,121,
143,156,45,
143,161,73,
143,170,67,
143,173,106,
143,180,39,
143,188,51,
143,192,121,
143,199,89,
144,3,34,
144,20,104,
144,31,83,
144,33,40,
144,47,102,
144,50,85,
144,53,191,
144,55,131,
144,58,89,
144,65,69,
144,65,80,
144,68,68,
144,71,98,
144,72,63,
144,85,101,
144,92,36,
144,95,183,
144,96,171,
144,100,171,
144,101,66,
144,104,154,
144,105,79,
144,108,72,
144,116,158,
144,126,127,
144,132,123,
144,133,55,
144,138,43,
144,147,161,
144,149,167,
144,160,128,
144,160,140,
144,162,125,
144,165,146,
144,165,168,
144,173,91,
144,180,97,
144,183,58,
144,187,198,
144,189,13,
145,1,15,
145,12,28,
145,15,27,
145,27,66,
145,31,59,
145,37,157,
145,38,183,
145,43,14,
145,48,71,
145,53,180,
145,57,21,
145,66,128,
145,74,130,
145,82,152,
145,85,102,
145,94,76,
145,96,82,
145,97,143,
145,98,157,
145,100,37,
145,103,133,
145,108,28,
145,128,142,
145,129,100,
145,135,26,
145,135,27,
145,136,144,
145,145,177,
145,146,150,
145,147,49,
145,151,90,
145,155,164,
145,157,166,
145,162,125,
145,173,178,
145,189,144,
145,189,160,
145,191,165,
145,193,186,
145,196,136,
146,0,91,
146,2,66,
146,2,172,
146,8,73,
146,12,44,
146,17,39,
146,22,150,
146,24,8,
146,27,87,
146,37,63,
146,43,69,
146,50,36,
146,56,114,
146,61,104,
146,67,134,
146,67,176,
146,70,55,
146,84,179,
146,89,87,
146,99,22,
146,102,21,
146,108,41,
146,114,84,
146,115,60,
146,130,179,
146,131,130,
146,133,197,
146,154,26,
146,163,122,
146,176,110,
146,180,159,
146,188,18,
147,4,9,
147,4,133,
147,13,89,
147,19,43,
147,24,90,
147,25,69,
147,26,58,
147,27,103,
147,29,123,
147,37,153,
147,38,116,
147,43,125,
147,47,80,
147,58,31,
147,59,131,
147,60,60,
147,69,124,
147,80,130,
147,83,160,
147,86,93,
147,100,21,
147,102,116,
147,108,132,
147,109,11,
147,110,42,
147,111,3,
147,120,163,
147,130,157,
147,133,98,
147,134,27,
147,137,114,
147,138,190,
147,142,69,
147,144,158,
147,144,170,
147,145,39,
147,156,80,
147,158,101,
147,177,152,
147,187,79,
147,193,150,
147,197,28,
148,2,59,
148,3,143,
148,16,172,
148,31,25,
148,36,117,
148,37,90,
148,39,110,
148,41,129,
148,46,137,
148,48,56,
148,52,112,
148,54,46,
148,56,118,
148,58,178,
148,59,44,
148,59,158,
148,60,107,
148,64,27,
148,65,41,
148,71,139,
148,88,93,
148,91,105,
148,95,64,
148,99,3,
148,102,83,
148,108,161,
148,109,113,
148,112,25,
148,114,42,
148,115,190,
148,124,70,
148,129,178,
148,145,115,
148,156,102,
148,160,151,
148,161,118,
148,164,81,
148,175,81,
148,181,129,
148,182,100,
148,190,15,
148,191,178,
148,195,65,
148,196,144,
149,8,189,
149,12,29,
149,15,167,
149,17,95,
149,19,0,
149,39,16,
149,48,112,
149,51,138,
149,59,59,
149,60,53,
149,60,155,
149,68,173,
149,81,189,
149,87,56,
149,88,50,
149,93,18,
149,93,181,
149,98,138,
149,99,136,
149,106,5,
149,106,11,
149,122,77,
149,126,124,
149,133,160,
149,135,61,
149,136,147,
149,142,135,
149,145,199,
149,157,99,
149,158,80,
149,160,109,
149,170,181,
149,178,22,
149,180,82,
149,185,14,
149,193,78,
149,193,82,
150,4,39,
150,12,120,
150,14,184,
150,14,187,
150,35,8,
150,46,39,
150,61,133,
150,64,195,
150,65,55,
150,68,104,
150,77,79,
150,79,172,
150,81,72,
150,84,192,
150,93,100,
150,102,15,
150,102,169,
150,109,187,
150,120,58,
150,130,81,
150,132,41,
150,138,31,
150,143,126,
150,148,44,
150,149,139,
150,160,80,
150,162,196,
150,176,150,
150,182,172,
150,183,61,
150,183,186,
150,187,17,
150,189,198,
150,191,79,
151,3,134,
151,30,45,
151,33,0,
151,38,128,
151,46,132,
151,50,192,
151,55,186,
151,65,87,
151,68,40,
151,76,194,
151,78,26,
151,85,145,
151,88,85,
151,89,10,
151,96,3,
151,102,5,
151,105,8,
151,117,174,
151,128,146,
151,129,115,
151,132,66,
151,142,11,
151,147,146,
151,150,74,
151,150,117,
151,151,183,
151,154,192,
151,155,103,
151,168,194,
151,170,95,
151,178,51,
151,182,104,
151,190,151,
151,195,164,
151,196,116,
151,199,142,
152,6,51,
152,19,185,
152,23,56,
152,23,180,
152,35,85,
152,39,50,
152,40,154,
152,41,170,
152,53,135,
152,61,109,
152,67,62,
152,68,154,
152,79,67,
152,86,131,
152,91,49,
152,105,23,
152,107,6,
152,107,176,
152,110,98,
152,117,196,
152,118,151,
152,119,15,
152,124,119,
152,128,63,
152,132,80,
152,139,23,
152,140,87,
152,145,77,
152,149,104,
152,151,67,
152,155,79,
152,160,157,
152,163,62,
152,163,173,
152,169,59,
152,176,129,
152,176,188,
152,178,70,
152,178,147,
152,178,176,
152,186,178,
152,194,74,
153,5,154,
153,10,3,
153,17,153,
153,17,160,
153,28,168,
153,34,160,
153,42,64,
153,42,118,
153,43,57,
153,55,14,
153,60,73,
153,70,8,
153,76,41,
153,77,152,
153,84,75,
153,92,143,
153,94,86,
153,96,191,
153,102,135,
153,114,77,
153,115,36,
153,116,93,
153,120,92,
153,123,196,
153,126,62,
153,128,37,
153,133,13,
153,133,100,
153,140,31,
153,143,168,
153,147,6,
153,152,154,
153,153,86,
153,170,21,
153,170,37,
153,171,101,
153,175,87,
153,177,133,
153,181,138,
153,186,169,
153,199,39,
154,4,172,
154,14,56,
154,24,45,
154,27,0,
154,27,41,
154,33,165,
154,34,57,
154,37,75,
154,38,188,
154,41,153,
154,47,61,
154,50,108,
154,60,41,
154,62,4,
154,62,117,
154,62,187,
154,62,193,
154,63,96,
154,70,125,
154,70,142,
154,74,29,
154,75,4,
154,80,123,
154,81,20,
154,88,157,
154,94,22,
154,94,196,
154,97,131,
154,98,74,
154,106,158,
154,110,146,
154,111,18,
154,113,12,
154,115,108,
154,117,35,
154,118,86,
154,124,117,
154,128,136,
154,133,109,
154,134,38,
154,136,22,
154,138,140,
154,142,23,
154,144,120,
154,145,187,
154,146,126,
154,153,126,
154,154,144,
154,155,88,
154,155,102,
154,156,115,
154,162,72,
154,167,159,
154,177,85,
154,179,114,
154,181,98,
154,181,118,
154,183,86,
154,198,128,
155,0,104,
155,1,153,
155,6,57,
155,7,128,
155,9,100,
155,15,167,
155,15,199,
155,16,197,
155,31,170,
155,35,84,
155,44,184,
155,46,88,
155,47,52,
155,49,108,
155,54,53,
155,55,41,
155,71,62,
155,79,199,
155,80,90,
155,81,53,
155,101,72,
155,109,70,
155,110,56,
155,111,199,
155,112,7,
155,113,160,
155,116,47,
155,117,174,
155,122,0,
155,128,23,
155,140,5,
155,143,58,
155,149,77,
155,152,119,
155,168,5,
155,178,38,
155,179,14,
155,192,181,
155,196,120,
155,197,186,
156,0,67,
156,2,104,
156,4,0,
156,7,52,
156,11,0,
156,11,78,
156,13,79,
156,13,183,
156,23,115,
156,24,60,
156,27,67,
156,32,19,
156,38,76,
156,44,120,
156,50,99,
156,55,170,
156,62,143,
156,66,171,
156,74,2,
156,87,148,
156,88,179,
156,96,191,
156,101,113,
156,110,97,
156,114,20,
156,126,117,
156,129,175,
156,131,46,
156,139,62,
156,146,23,
156,150,30,
156,154,106,
156,159,17,
156,160,23,
156,164,172,
156,165,151,
156,173,155,
156,191,198,
156,192,76,
156,194,144,
156,197,132,
156,198,36,
157,1,131,
157,10,49,
157,23,75,
157,25,62,
157,26,37,
157,26,82,
157,31,192,
157,38,69,
157,44,77,
157,46,198,
157,47,20,
157,47,32,
157,63,84,
157,73,192,
157,74,82,
157,75,81,
157,75,153,
157,79,110,
157,83,30,
157,83,38,
157,86,43,
157,88,188,
157,89,151,
157,95,175,
157,99,83,
157,123,77,
157,125,8,
157,139,160,
157,145,106,
157,146,71,
157,147,164,
157,147,165,
157,148,145,
157,149,26,
157,176,131,
157,185,143,
157,192,62,
157,192,74,
157,196,17,
157,196,144,
157,199,37,
158,1,146,
158,3,20,
158,6,51,
158,7,85,
158,12,99,
158,13,51,
158,14,73,
158,15,180,
158,17,115,
158,17,165,
158,18,72,
158,28,191,
158,29,132,
158,32,76,
158,32,169,
158,33,67,
158,34,28,
158,37,172,
158,49,182,
158,54,10,
158,54,45,
158,63,191,
158,65,137,
158,67,196,
158,68,59,
158,69,182,
158,74,40,
158,75,61,
158,89,40,
158,98,56,
158,105,81,
158,106,53,
158,106,64,
158,109,9,
158,113,13,
158,114,94,
158,115,188,
158,122,0,
158,123,54,
158,123,97,
158,134,193,
158,146,104,
158,147,22,
158,155,165,
158,156,110,
158,178,4,
158,197,106,
158,198,7,
159,0,71,
159,2,86,
159,3,35,
159,19,176,
159,32,149,
159,33,6,
159,34,116,
159,48,29,
159,69,112,
159,70,114,
159,77,20,
159,78,111,
159,93,143,
159,99,37,
159,108,120,
159,109,11,
159,118,156,
159,120,81,
159,130,37,
159,130,109,
159,139,60,
159,139,155,
159,143,5,
159,143,196,
159,144,26,
159,146,190,
159,164,56,
159,166,37,
159,172,84,
159,173,6,
159,173,103,
159,190,172,
159,192,13,
159,195,160,
160,1,59,
160,4,159,
160,6,196,
160,14,71,
160,30,125,
160,34,84,
160,35,76,
160,49,115,
160,56,46,
160,67,33,
160,74,134,
160,78,124,
160,78,191,
160,81,199,
160,83,80,
160,93,48,
160,94,16,
160,96,165,
160,98,105,
160,101,30,
160,101,133,
160,103,18,
160,111,17,
160,123,84,
160,128,16,
160,133,192,
160,136,150,
160,156,78,
160,159,2,
160,165,184,
160,171,3,
160,172,154,
160,175,117,
160,190,176,
160,193,155,
160,196,188,
160,197,27,
160,197,132,
161,1,55,
161,2,142,
161,4,198,
161,5,128,
161,5,153,
161,14,84,
161,16,51,
161,22,122,
161,24,73,
161,27,47,
161,29,183,
161,32,54,
161,43,168,
161,47,27,
161,48,34,
161,50,89,
161,58,88,
161,65,70,
161,66,39,
161,68,85,
161,69,132,
161,76,77,
161,86,77,
161,89,166,
161,93,21,
161,95,56,
161,106,183,
161,107,62,
161,114,80,
161,116,123,
161,116,189,
161,118,125,
161,134,63,
161,145,71,
161,155,27,
161,158,35,
161,165,38,
161,165,61,
161,168,3,
161,175,26,
161,175,149,
161,177,102,
161,184,197,
161,195,97,
162,8,168,
162,9,88,
162,15,129,
162,24,164,
162,25,40,
162,28,115,
162,29,39,
162,29,132,
162,31,111,
162,35,64,
162,38,61,
162,38,188,
162,40,38,
162,43,67,
162,48,31,
162,51,58,
162,55,169,
162,64,126,
162,65,145,
162,66,14,
162,71,124,
162,75,97,
162,75,125,
162,75,175,
162,81,138,
162,82,26,
162,92,18,
162,94,174,
162,97,0,
162,102,147,
162,107,186,
162,110,129,
162,112,78,
162,119,163,
162,124,120,
162,138,191,
162,143,12,
162,145,187,
162,147,135,
162,148,20,
162,151,15,
162,156,91,
162,158,59,
162,159,29,
162,160,124,
162,161,198,
162,164,73,
162,172,29,
162,175,117,
162,180,74,
162,183,141,
162,187,118,
162,189,136,
162,194,187,
163,0,139,
163,6,74,
163,9,4,
163,13,19,
163,16,32,
163,25,121,
163,33,121,
163,33,188,
163,44,10,
163,46,145,
163,52,197,
163,53,48,
163,53,139,
163,55,111,
163,56,104,
163,62,143,
163,62,164,
163,68,45,
163,71,59,
163,83,145,
163,87,77,
163,97,94,
163,98,127,
163,100,86,
163,110,88,
163,111,189,
163,121,125,
163,132,132,
163,141,188,
163,151,107,
163,153,186,
163,155,99,
163,171,194,
163,175,171,
163,178,109,
163,178,193,
163,194,77,
164,11,178,
164,13,164,
164,18,170,
164,23,13,
164,28,151,
164,38,151,
164,42,33,
164,43,51,
164,54,181,
164,57,109,
164,74,67,
164,76,119,
164,80,199,
164,85,48,
164,88,158,
164,96,159,
164,103,63,
164,115,82,
164,119,109,
164,122,40,
164,126,70,
164,130,8,
164,133,113,
164,135,183,
164,136,110,
164,160,164,
164,165,71,
164,166,190,
164,167,33,
164,174,196,
164,178,12,
164,188,191,
164,189,29,
164,191,192,
164,193,65,
165,5,62,
165,6,132,
165,9,173,
165,21,87,
165,35,77,
165,35,141,
165,37,92,
165,40,39,
165,49,130,
165,51,14,
165,55,124,
165,58,156,
165,59,94,
165,60,191,
165,64,13,
165,65,73,
165,81,59,
165,94,106,
165,95,89,
165,95,151,
165,98,119,
165,102,177,
165,102,198,
165,105,87,
165,115,96,
165,118,112,
165,119,141,
165,132,89,
165,138,69,
165,146,123,
165,147,118,
165,148,11,
165,150,51,
165,152,8,
165,152,92,
165,158,54,
165,159,6,
165,160,12,
165,164,92,
165,166,138,
165,167,12,
165,176,160,
165,182,192,
165,194,132,
166,3,58,
166,14,31,
166,17,175,
166,18,97,
166,27,84,
166,29,46,
166,29,113,
166,37,24,
166,40,178,
166,43,47,
166,47,70,
166,51,44,
166,60,193,
166,61,38,
166,63,168,
166,65,36,
166,71,95,
166,71,110,
166,71,198,
166,73,72,
166,77,156,
166,77,175,
166,85,46,
166,100,60,
166,107,59,
166,120,127,
166,121,121,
166,125,85,
166,128,86,
166,134,26,
166,140,1,
166,140,31,
166,146,6,
166,148,152,
166,148,173,
166,151,183,
166,167,108,
166,172,173,
166,175,185,
166,188,181,
166,190,119,
166,198,86,
166,198,180,
166,199,98,
167,12,119,
167,14,9,
167,29,122,
167,32,110,
167,35,82,
167,41,138,
167,43,55,
167,50,195,
167,55,161,
167,56,190,
167,58,5,
167,74,52,
167,81,3,
167,81,182,
167,82,126,
167,85,71,
167,86,77,
167,97,62,
167,97,122,
167,98,6,
167,100,24,
167,116,43,
167,118,44,
167,119,163,
167,126,43,
167,132,118,
167,138,3,
167,138,76,
167,150,93,
167,151,12,
167,154,160,
167,160,50,
167,161,159,
167,166,13,
167,177,67,
167,187,64,
167,193,94,
167,197,39,
168,0,35,
168,11,191,
168,13,188,
168,16,158,
168,25,105,
168,26,64,
168,34,76,
168,37,18,
168,40,26,
168,44,137,
168,47,81,
168,53,89,
168,55,100,
168,58,196,
168,72,181,
168,75,175,
168,79,21,
168,83,70,
168,90,35,
168,107,117,
168,110,185,
168,113,115,
168,114,161,
168,114,190,
168,117,146,
168,120,22,
168,133,122,
168,133,133,
168,136,197,
168,140,136,
168,149,192,
168,161,112,
168,163,3,
168,171,85,
168,172,6,
168,174,141,
168,178,110,
168,182,104,
168,192,26,
168,193,42,
168,193,188,
169,3,189,
169,4,35,
169,9,116,
169,11,34,
169,16,152,
169,28,52,
169,39,92,
169,41,118,
169,44,196,
169,46,179,
169,47,92,
169,49,157,
169,52,138,
169,53,142,
169,56,118,
169,58,45,
169,63,72,
169,67,72,
169,85,121,
169,86,50,
169,87,195,
169,97,5,
169,115,11,
169,115,56,
169,115,175,
169,118,111,
169,123,76,
169,127,171,
169,134,136,
169,136,122,
169,140,125,
169,144,146,
169,155,18,
169,157,153,
169,167,127,
169,176,156,
169,188,87,
169,190,194,
170,2,50,
170,5,130,
170,5,170,
170,9,35,
170,17,179,
170,18,160,
170,27,190,
170,32,81,
170,39,12,
170,45,16,
170,46,163,
170,49,71,
170,50,19,
170,62,85,
170,73,144,
170,75,160,
170,77,72,
170,77,98,
170,83,2,
170,98,1,
170,99,94,
170,100,118,
170,107,147,
170,109,169,
170,120,20,
170,138,53,
170,139,84,
170,143,75,
170,148,80,
170,148,170,
170,150,141,
170,157,40,
170,157,102,
170,159,114,
170,167,119,
170,168,90,
170,169,43,
170,170,85,
170,172,130,
170,173,37,
170,181,9,
170,182,14,
170,186,198,
170,190,62,
170,199,161,
171,6,3,
171,15,10,
171,17,151,
171,18,89,
171,22,55,
171,25,110,
171,28,86,
171,32,58,
171,42,150,
171,43,21,
171,48,9,
171,56,57,
171,56,161,
171,81,102,
171,101,30,
171,108,59,
171,115,67,
171,124,56,
171,125,18,
171,131,69,
171,148,93,
171,148,183,
171,149,123,
171,152,28,
171,164,41,
171,166,23,
171,176,178,
171,179,72,
171,194,145,
171,196,169,
171,199,181,
172,8,126,
172,18,24,
172,18,79,
172,26,162,
172,28,175,
172,39,71,
172,39,121,
172,41,41,
172,44,99,
172,59,31,
172,59,140,
172,61,119,
172,68,7,
172,68,31,
172,69,1,
172,70,163,
172,82,49,
172,82,50,
172,87,35,
172,91,43,
172,91,106,
172,95,54,
172,95,99,
172,105,123,
172,110,59,
172,114,94,
172,118,25,
172,120,85,
172,120,144,
172,129,120,
172,131,112,
172,134,103,
172,142,106,
172,146,56,
172,148,67,
172,153,24,
172,163,139,
172,178,125,
172,181,107,
172,181,177,
172,184,163,
172,193,144,
172,196,132,
173,3,173,
173,5,195,
173,11,156,
173,13,29,
173,17,58,
173,40,121,
173,46,40,
173,47,158,
173,54,7,
173,61,83,
173,63,114,
173,63,155,
173,64,100,
173,65,30,
173,66,71,
173,72,151,
173,77,94,
173,80,51,
173,80,66,
173,84,78,
173,101,132,
173,109,108,
173,109,177,
173,116,92,
173,116,184,
173,119,87,
173,120,1,
173,126,118,
173,130,121,
173,135,97,
173,148,88,
173,152,34,
173,152,83,
173,154,26,
173,159,28,
173,165,72,
173,167,147,
173,170,123,
173,185,108,
173,187,10,
173,188,106,
173,194,186,
173,196,195,
173,197,132,
173,198,84,
173,198,167,
173,198,189,
174,7,64,
174,7,190,
174,16,117,
174,22,110,
174,23,75,
174,25,122,
174,26,124,
174,34,55,
174,34,75,
174,38,42,
174,42,97,
174,44,52,
174,52,106,
174,71,123,
174,71,143,
174,79,114,
174,86,105,
174,91,182,
174,95,51,
174,99,21,
174,101,42,
174,103,82,
174,109,134,
174,113,38,
174,117,54,
174,125,54,
174,127,170,
174,130,182,
174,135,6,
174,136,61,
174,136,146,
174,137,54,
174,138,107,
174,138,121,
174,144,49,
174,147,9,
174,149,109,
174,158,182,
174,160,29,
174,162,60,
174,169,6,
174,173,163,
174,174,148,
174,175,121,
174,175,183,
174,178,196,
174,181,23,
174,190,142,
174,191,42,
174,193,148,
175,2,39,
175,4,187,
175,5,191,
175,9,185,
175,22,34,
175,26,85,
175,30,9,
175,30,129,
175,32,72,
175,33,196,
175,41,101,
175,42,64,
175,46,136,
175,55,21,
175,56,183,
175,65,66,
175,83,19,
175,92,33,
175,94,10,
175,95,63,
175,95,191,
175,96,188,
175,105,78,
175,110,30,
175,124,78,
175,127,71,
175,128,137,
175,131,44,
175,143,107,
175,144,145,
175,145,27,
175,145,179,
175,149,131,
175,151,159,
175,151,189,
175,157,62,
175,158,170,
175,166,52,
175,168,47,
175,171,129,
175,173,42,
175,173,70,
175,178,167,
175,196,39,
175,197,88,
175,198,15,
176,1,157,
176,7,141,
176,7,152,
176,9,151,
176,10,2,
176,10,20,
176,24,112,
176,27,68,
176,30,17,
176,44,130,
176,51,117,
176,64,183,
176,68,12,
176,72,176,
176,72,196,
176,80,165,
176,81,12,
176,81,24,
176,81,28,
176,85,198,
176,92,59,
176,93,124,
176,98,113,
176,105,43,
176,109,154,
176,123,74,
176,123,94,
176,133,71,
176,138,98,
176,143,171,
176,147,30,
176,165,113,
176,167,59,
176,177,114,
176,182,54,
176,187,110,
176,190,154,
176,190,196,
176,191,122,
176,194,160,
176,194,181,
176,195,170,
176,196,157,
176,198,82,
176,199,4,
176,199,88,
177,22,27,
177,22,49,
177,25,49,
177,26,134,
177,34,104,
177,40,71,
177,44,94,
177,54,140,
177,63,65,
177,65,112,
177,70,3,
177,71,164,
177,72,177,
177,75,183,
177,78,190,
177,79,22,
177,79,129,
177,81,140,
177,84,86,
177,87,105,
177,96,119,
177,110,83,
177,118,77,
177,122,141,
177,125,87,
177,127,153,
177,135,149,
177,137,143,
177,137,178,
177,147,187,
177,150,43,
177,156,30,
177,169,37,
177,171,19,
177,172,123,
177,176,139,
177,177,120,
177,179,198,
177,185,42,
177,185,134,
177,191,82,
178,1,85,
178,1,139,
178,11,94,
178,11,166,
178,12,198,
178,19,39,
178,23,43,
178,23,92,
178,30,71,
178,33,35,
178,34,190,
178,38,125,
178,47,185,
178,48,14,
178,53,86,
178,65,17,
178,65,95,
178,70,78,
178,94,142,
178,95,160,
178,108,121,
178,122,20,
178,126,193,
178,131,144,
178,134,156,
178,138,82,
178,145,16,
178,155,27,
178,155,34,
178,156,57,
178,159,21,
178,159,147,
178,165,170,
178,172,134,
178,175,109,
178,182,102,
178,183,77,
178,187,36,
178,187,94,
178,187,157,
178,195,122,
179,0,76,
179,6,7,
179,11,112,
179,14,28,
179,14,109,
179,16,130,
179,18,25,
179,23,117,
179,26,77,
179,26,111,
179,27,70,
179,27,112,
179,28,190,
179,33,76,
179,38,32,
179,38,121,
179,47,44,
179,57,45,
179,72,21,
179,78,152,
179,97,28,
179,98,198,
179,106,49,
179,108,48,
179,111,159,
179,115,92,
179,115,101,
179,115,109,
179,124,46,
179,133,66,
179,139,141,
179,140,59,
179,140,82,
179,142,37,
179,144,157,
179,160,31,
179,167,51,
179,171,85,
179,178,130,
179,181,104,
179,182,131,
179,186,34,
179,187,1,
179,197,20,
179,198,176,
180,5,17,
180,10,198,
180,13,131,
180,20,190,
180,21,38,
180,28,112,
180,30,34,
180,30,43,
180,46,4,
180,48,54,
180,49,196,
180,52,74,
180,66,137,
180,78,56,
180,81,145,
180,86,75,
180,87,56,
180,90,180,
180,98,97,
180,105,47,
180,105,59,
180,105,67,
180,108,72,
180,110,36,
180,110,37,
180,112,146,
180,130,23,
180,131,53,
180,133,2,
180,138,166,
180,139,15,
180,143,13,
180,147,86,
180,151,168,
180,151,195,
180,154,20,
180,155,166,
180,158,38,
180,159,135,
180,175,2,
180,177,189,
180,179,16,
180,184,142,
180,187,32,
181,0,101,
181,7,182,
181,7,187,
181,8,1,
181,16,52,
181,17,61,
181,20,152,
181,22,55,
181,25,64,
181,36,108,
181,37,110,
181,40,67,
181,41,153,
181,45,173,
181,48,82,
181,50,32,
181,54,30,
181,56,31,
181,60,139,
181,63,146,
181,69,161,
181,71,11,
181,71,195,
181,76,127,
181,79,86,
181,83,147,
181,89,87,
181,92,34,
181,102,164,
181,104,175,
181,121,103,
181,129,48,
181,129,162,
181,137,22,
181,137,198,
181,150,139,
181,154,122,
181,160,4,
181,164,189,
181,175,93,
181,180,37,
181,180,89,
181,188,42,
181,188,152,
181,191,81,
181,193,23,
182,23,20,
182,38,116,
182,40,161,
182,41,32,
182,42,135,
182,52,145,
182,55,62,
182,61,113,
182,62,11,
182,65,80,
182,68,90,
182,73,71,
182,74,186,
182,81,55,
182,95,108,
182,99,140,
182,104,50,
182,104,165,
182,112,191,
182,113,74,
182,113,196,
182,121,176,
182,126,162,
182,130,26,
182,131,199,
182,147,91,
182,151,151,
182,153,103,
182,156,120,
182,159,157,
182,164,137,
182,166,136,
182,171,110,
182,183,13,
183,2,61,
183,6,110,
183,21,188,
183,26,82,
183,37,105,
183,38,29,
183,44,158,
183,45,184,
183,47,134,
183,52,73,
183,59,132,
183,59,192,
183,65,123,
183,72,45,
183,74,195,
183,79,82,
183,84,111,
183,91,5,
183,110,105,
183,115,179,
183,127,2,
183,132,72,
183,133,83,
183,135,120,
183,138,73,
183,141,96,
183,145,9,
183,149,45,
183,152,199,
183,154,128,
183,154,137,
183,159,2,
183,172,34,
183,175,195,
183,177,90,
183,194,59,
183,198,184,
184,2,164,
184,2,171,
184,12,116,
184,14,49,
184,26,181,
184,37,108,
184,50,140,
184,54,102,
184,55,110,
184,56,124,
184,64,57,
184,68,61,
184,80,100,
184,82,182,
184,88,65,
184,113,104,
184,123,57,
184,123,95,
184,126,153,
184,129,122,
184,132,154,
184,140,33,
184,140,176,
184,145,94,
184,153,82,
184,155,127,
184,162,33,
184,167,145,
184,174,56,
184,178,14,
184,178,79,
184,190,46,
185,16,6,
185,16,172,
185,17,9,
185,17,79,
185,29,199,
185,35,54,
185,45,26,
185,53,122,
185,54,161,
185,62,163,
185,90,117,
185,93,143,
185,97,166,
185,98,32,
185,100,155,
185,118,32,
185,118,68,
185,130,116,
185,131,195,
185,142,129,
185,150,68,
185,156,83,
185,157,78,
185,168,181,
185,173,21,
185,176,85,
185,179,56,
185,179,146,
185,185,5,
185,190,106,
185,199,94,
186,0,86,
186,1,154,
186,2,23,
186,3,92,
186,10,126,
186,16,111,
186,23,79,
186,30,190,
186,40,178,
186,53,169,
186,55,8,
186,77,89,
186,79,54,
186,82,15,
186,88,44,
186,90,189,
186,91,104,
186,94,160,
186,99,10,
186,100,66,
186,106,138,
186,109,153,
186,111,192,
186,115,6,
186,117,43,
186,119,177,
186,127,167,
186,128,135,
186,130,1,
186,130,168,
186,132,42,
186,132,172,
186,149,130,
186,151,198,
186,154,167,
186,156,196,
186,158,81,
186,161,96,
186,177,152,
186,183,72,
186,184,67,
186,187,107,
186,190,193,
186,192,52,
186,198,113,
186,198,186,
187,5,10,
187,11,164,
187,11,191,
187,15,67,
187,16,18,
187,20,25,
187,20,164,
187,22,61,
187,22,161,
187,26,89,
187,29,191,
187,35,118,
187,42,63,
187,50,14,
187,52,170,
187,53,36,
187,54,12,
187,56,137,
187,58,32,
187,60,86,
187,68,152,
187,80,69,
187,103,156,
187,106,85,
187,115,44,
187,115,51,
187,117,47,
187,117,186,
187,121,119,
187,122,161,
187,128,191,
187,133,58,
187,135,77,
187,142,22,
187,143,81,
187,156,164,
187,158,190,
187,166,64,
187,169,163,
187,172,159,
187,187,28,
187,188,156,
187,191,110,
187,196,54,
188,6,135,
188,12,50,
188,13,156,
188,19,195,
188,21,155,
188,36,34,
188,37,144,
188,48,37,
188,49,164,
188,52,17,
188,55,83,
188,56,118,
188,62,61,
188,63,114,
188,65,136,
188,68,76,
188,69,7,
188,83,36,
188,83,90,
188,105,167,
188,117,0,
188,120,28,
188,130,159,
188,140,35,
188,142,138,
188,143,38,
188,144,124,
188,156,90,
188,159,160,
188,161,151,
188,166,108,
188,174,38,
188,180,97,
188,182,108,
188,185,32,
188,185,179,
188,187,188,
188,192,24,
189,0,189,
189,8,95,
189,11,132,
189,16,107,
189,30,22,
189,47,194,
189,48,114,
189,74,199,
189,83,154,
189,92,53,
189,94,18,
189,95,102,
189,100,13,
189,103,120,
189,109,60,
189,110,111,
189,111,18,
189,112,29,
189,115,61,
189,116,186,
189,117,76,
189,125,127,
189,129,31,
189,134,80,
189,140,137,
189,142,15,
189,144,140,
189,147,18,
189,150,161,
189,159,55,
189,159,87,
189,159,173,
189,161,165,
189,172,106,
189,195,194,
189,197,4,
190,2,122,
190,3,106,
190,24,7,
190,40,13,
190,41,55,
190,41,179,
190,46,80,
190,55,123,
190,58,9,
190,66,81,
190,71,144,
190,78,130,
190,81,4,
190,100,105,
190,109,190,
190,110,188,
190,117,63,
190,119,81,
190,147,84,
190,152,109,
190,153,135,
190,160,118,
190,168,135,
190,172,165,
190,180,165,
190,182,179,
190,194,35,
191,0,140,
191,5,16,
191,18,185,
191,20,117,
191,23,70,
191,25,121,
191,33,139,
191,36,132,
191,36,185,
191,46,151,
191,47,32,
191,51,28,
191,51,148,
191,52,117,
191,52,195,
191,56,183,
191,57,10,
191,61,80,
191,67,25,
191,74,16,
191,75,101,
191,76,94,
191,86,152,
191,93,64,
191,95,198,
191,102,44,
191,108,150,
191,110,19,
191,119,173,
191,125,40,
191,132,45,
191,133,169,
191,137,40,
191,138,181,
191,142,93,
191,160,153,
191,168,183,
191,184,175,
191,190,126,
191,197,23,
192,2,121,
192,3,77,
192,4,29,
192,5,71,
192,5,169,
192,8,21,
192,12,138,
192,27,198,
192,43,46,
192,44,192,
192,46,154,
192,56,129,
192,60,128,
192,61,89,
192,67,198,
192,72,129,
192,75,145,
192,79,195,
192,81,96,
192,81,138,
192,81,194,
192,88,57,
192,96,56,
192,98,21,
192,98,71,
192,100,39,
192,100,164,
192,101,160,
192,104,154,
192,115,30,
192,125,141,
192,127,188,
192,134,53,
192,135,165,
192,144,5,
192,144,118,
192,145,1,
192,147,126,
192,150,138,
192,151,33,
192,154,25,
192,160,13,
192,160,192,
192,161,108,
192,162,23,
192,166,156,
192,166,197,
192,168,186,
192,175,81,
192,177,69,
192,177,142,
192,183,179,
192,184,100,
192,185,66,
192,191,152,
192,191,168,
192,191,195,
193,9,122,
193,9,195,
193,11,37,
193,33,117,
193,37,30,
193,38,81,
193,55,105,
193,56,68,
193,59,127,
193,74,140,
193,75,132,
193,77,126,
193,83,134,
193,85,140,
193,87,130,
193,102,197,
193,110,165,
193,115,35,
193,123,157,
193,130,57,
193,139,57,
193,142,103,
193,159,153,
193,164,159,
193,170,161,
193,174,75,
193,185,20,
193,189,130,
193,192,23,
193,193,125,
194,2,44,
194,16,29,
194,19,83,
194,21,102,
194,22,121,
194,33,5,
194,33,33,
194,35,73,
194,38,112,
194,43,192,
194,55,195,
194,67,132,
194,70,38,
194,87,101,
194,92,112,
194,100,50,
194,100,196,
194,104,105,
194,108,55,
194,109,180,
194,113,170,
194,116,82,
194,116,190,
194,124,144,
194,132,137,
194,135,133,
194,136,5,
194,140,38,
194,154,68,
194,164,108,
194,165,38,
194,168,173,
194,176,98,
194,179,43,
194,189,37,
195,1,147,
195,1,189,
195,6,18,
195,8,28,
195,9,57,
195,10,50,
195,10,108,
195,14,6,
195,18,139,
195,31,158,
195,51,24,
195,51,59,
195,53,134,
195,58,95,
195,60,67,
195,60,174,
195,63,5,
195,67,105,
195,72,143,
195,74,7,
195,75,76,
195,82,193,
195,85,8,
195,86,63,
195,92,21,
195,95,14,
195,96,31,
195,99,40,
195,99,178,
195,117,199,
195,122,86,
195,122,166,
195,122,170,
195,126,92,
195,132,89,
195,133,30,
195,141,196,
195,148,36,
195,153,139,
195,161,25,
195,168,130,
195,174,106,
195,176,174,
195,189,72,
195,199,24,
196,12,99,
196,16,104,
196,19,8,
196,28,149,
196,30,134,
196,31,94,
196,35,172,
196,42,44,
196,49,162,
196,53,162,
196,79,167,
196,82,1,
196,100,108,
196,102,24,
196,104,20,
196,112,18,
196,114,167,
196,118,188,
196,133,194,
196,140,52,
196,149,177,
196,154,60,
196,154,111,
196,163,86,
196,173,36,
196,173,189,
196,176,184,
196,179,12,
196,191,185,
196,195,102,
196,198,166,
196,199,115,
197,1,65,
197,7,108,
197,10,51,
197,14,126,
197,22,74,
197,22,108,
197,24,163,
197,31,134,
197,32,106,
197,40,61,
197,44,61,
197,52,88,
197,56,161,
197,59,160,
197,62,17,
197,62,104,
197,72,11,
197,76,28,
197,79,148,
197,80,66,
197,80,182,
197,81,83,
197,90,68,
197,92,69,
197,94,141,
197,103,110,
197,104,97,
197,107,191,
197,108,67,
197,111,8,
197,112,110,
197,114,106,
197,116,183,
197,117,60,
197,130,178,
197,137,95,
197,137,158,
197,141,144,
197,142,117,
197,142,151,
197,143,192,
197,145,159,
197,152,72,
197,172,31,
197,183,117,
197,184,138,
197,188,142,
197,192,31,
197,194,115,
197,197,66,
197,199,115,
198,6,165,
198,10,45,
198,14,3,
198,19,116,
198,24,168,
198,34,119,
198,35,33,
198,37,124,
198,43,21,
198,44,137,
198,48,65,
198,49,112,
198,58,143,
198,71,121,
198,76,73,
198,85,83,
198,90,26,
198,102,77,
198,106,164,
198,111,75,
198,114,0,
198,115,71,
198,117,96,
198,123,20,
198,124,20,
198,127,73,
198,132,69,
198,145,53,
198,161,157,
198,162,88,
198,178,161,
198,180,25,
198,185,91,
198,191,160,
198,192,50,
198,193,81,
198,196,96,
199,0,161,
199,1,5,
199,1,9,
199,2,84,
199,9,188,
199,19,92,
199,35,155,
199,35,157,
199,57,100,
199,59,55,
199,65,162,
199,71,32,
199,71,44,
199,77,99,
199,79,56,
199,92,130,
199,96,160,
199,98,173,
199,102,47,
199,102,84,
199,110,20,
199,113,48,
199,114,25,
199,120,166,
199,148,188,
199,150,159,
199,155,96,
199,162,63,
199,164,118,
199,172,131,
199,174,32,
199,179,69,
199,186,0,
199,188,154,
199,188,180,
199,193,71,
