0,0,0,
0,0,0,
0,0,0,
0,0,0,
0,0,0,
0,0,0,
0,0,0,
0,0,0,
0,0,0,
0,0,0,
0,0,0,
0,0,1,
0,0,1,
0,0,1,
0,0,1,
0,0,1,
0,0,1,
0,0,1,
0,0,1,
0,0,1,
0,0,1,
0,0,1,
0,0,1,
0,0,1,
0,0,2,
0,0,2,
0,0,2,
0,0,2,
0,0,2,
0,0,2,
0,0,2,
0,0,3,
0,0,3,
0,0,3,
0,0,3,
0,0,3,
0,0,4,
0,0,4,
0,0,4,
0,0,5,
0,0,5,
0,0,5,
0,0,5,
0,0,5,
0,0,5,
0,0,6,
0,0,6,
0,0,6,
0,0,7,
0,0,7,
0,0,8,
0,0,9,
0,0,9,
0,0,10,
0,0,10,
0,0,11,
0,0,11,
0,0,11,
0,0,11,
0,0,11,
0,0,12,
0,0,12,
0,0,13,
0,0,13,
0,0,14,
0,0,15,
0,0,15,
0,0,15,
0,0,16,
0,0,16,
0,0,16,
0,0,17,
0,0,18,
0,0,18,
0,0,20,
0,0,22,
0,0,23,
0,0,23,
0,0,24,
0,0,25,
0,0,25,
0,0,26,
0,0,27,
0,0,27,
0,0,28,
0,0,29,
0,0,33,
0,0,36,
0,0,37,
0,0,37,
0,0,38,
0,0,38,
0,0,38,
0,0,42,
0,0,43,
0,0,50,
0,0,54,
0,0,55,
0,0,60,
0,0,65,
0,0,74,
0,0,78,
0,0,78,
0,0,80,
0,0,81,
0,0,91,
0,0,93,
0,0,95,
0,0,100,
0,0,102,
0,0,113,
0,0,116,
0,0,117,
0,0,120,
0,0,120,
0,0,120,
0,0,127,
0,0,128,
0,0,142,
0,0,145,
0,0,147,
0,0,149,
0,0,161,
0,0,164,
0,0,172,
0,0,178,
0,0,185,
0,0,195,
0,1,0,
0,1,0,
0,1,0,
0,1,0,
0,1,0,
0,1,0,
0,1,0,
0,1,0,
0,1,0,
0,1,0,
0,1,1,
0,1,1,
0,1,1,
0,1,2,
0,1,2,
0,1,2,
0,1,3,
0,1,3,
0,1,3,
0,1,4,
0,1,4,
0,1,5,
0,1,5,
0,1,5,
0,1,6,
0,1,6,
0,1,7,
0,1,7,
0,1,7,
0,1,9,
0,1,9,
0,1,9,
0,1,10,
0,1,10,
0,1,11,
0,1,12,
0,1,15,
0,1,16,
0,1,16,
0,1,17,
0,1,18,
0,1,19,
0,1,19,
0,1,19,
0,1,19,
0,1,20,
0,1,21,
0,1,21,
0,1,26,
0,1,26,
0,1,27,
0,1,28,
0,1,29,
0,1,29,
0,1,40,
0,1,40,
0,1,41,
0,1,44,
0,1,45,
0,1,50,
0,1,50,
0,1,52,
0,1,60,
0,1,76,
0,1,76,
0,1,87,
0,1,90,
0,1,91,
0,1,94,
0,1,98,
0,1,104,
0,1,112,
0,1,115,
0,1,124,
0,1,129,
0,1,143,
0,1,160,
0,1,191,
0,2,0,
0,2,0,
0,2,0,
0,2,0,
0,2,0,
0,2,0,
0,2,0,
0,2,0,
0,2,1,
0,2,1,
0,2,1,
0,2,1,
0,2,1,
0,2,2,
0,2,3,
0,2,3,
0,2,3,
0,2,3,
0,2,3,
0,2,3,
0,2,4,
0,2,4,
0,2,4,
0,2,4,
0,2,7,
0,2,7,
0,2,13,
0,2,13,
0,2,14,
0,2,16,
0,2,16,
0,2,17,
0,2,18,
0,2,19,
0,2,25,
0,2,25,
0,2,29,
0,2,31,
0,2,34,
0,2,35,
0,2,37,
0,2,38,
0,2,40,
0,2,40,
0,2,43,
0,2,43,
0,2,44,
0,2,50,
0,2,54,
0,2,62,
0,2,64,
0,2,68,
0,2,69,
0,2,90,
0,2,94,
0,2,97,
0,2,107,
0,2,111,
0,2,114,
0,2,127,
0,2,130,
0,2,135,
0,2,194,
0,3,0,
0,3,0,
0,3,0,
0,3,0,
0,3,0,
0,3,1,
0,3,1,
0,3,1,
0,3,1,
0,3,2,
0,3,2,
0,3,2,
0,3,2,
0,3,3,
0,3,3,
0,3,4,
0,3,6,
0,3,6,
0,3,6,
0,3,8,
0,3,9,
0,3,12,
0,3,13,
0,3,13,
0,3,15,
0,3,16,
0,3,17,
0,3,18,
0,3,23,
0,3,24,
0,3,25,
0,3,27,
0,3,28,
0,3,36,
0,3,38,
0,3,41,
0,3,71,
0,3,71,
0,3,74,
0,3,96,
0,3,106,
0,3,113,
0,3,118,
0,3,136,
0,3,150,
0,3,159,
0,4,0,
0,4,0,
0,4,0,
0,4,0,
0,4,1,
0,4,1,
0,4,1,
0,4,1,
0,4,1,
0,4,1,
0,4,2,
0,4,3,
0,4,3,
0,4,4,
0,4,4,
0,4,4,
0,4,7,
0,4,8,
0,4,11,
0,4,12,
0,4,13,
0,4,15,
0,4,16,
0,4,16,
0,4,20,
0,4,20,
0,4,23,
0,4,41,
0,4,42,
0,4,47,
0,4,47,
0,4,67,
0,4,70,
0,4,77,
0,4,85,
0,4,117,
0,4,134,
0,4,144,
0,4,149,
0,4,172,
0,4,186,
0,5,0,
0,5,0,
0,5,1,
0,5,1,
0,5,2,
0,5,3,
0,5,3,
0,5,5,
0,5,7,
0,5,7,
0,5,8,
0,5,11,
0,5,13,
0,5,27,
0,5,29,
0,5,30,
0,5,35,
0,5,40,
0,5,63,
0,5,74,
0,5,79,
0,5,95,
0,5,96,
0,5,107,
0,5,119,
0,5,121,
0,5,133,
0,5,158,
0,5,187,
0,5,189,
0,6,0,
0,6,0,
0,6,0,
0,6,0,
0,6,0,
0,6,0,
0,6,2,
0,6,2,
0,6,4,
0,6,4,
0,6,4,
0,6,4,
0,6,5,
0,6,6,
0,6,9,
0,6,11,
0,6,12,
0,6,13,
0,6,16,
0,6,38,
0,6,48,
0,6,70,
0,6,102,
0,6,128,
0,6,165,
0,7,0,
0,7,0,
0,7,4,
0,7,21,
0,7,22,
0,7,22,
0,7,27,
0,7,35,
0,7,59,
0,7,102,
0,7,105,
0,7,166,
0,7,179,
0,8,1,
0,8,2,
0,8,2,
0,8,3,
0,8,5,
0,8,6,
0,8,7,
0,8,7,
0,8,9,
0,8,26,
0,8,41,
0,8,61,
0,8,88,
0,8,123,
0,8,197,
0,9,0,
0,9,0,
0,9,0,
0,9,1,
0,9,2,
0,9,5,
0,9,5,
0,9,5,
0,9,7,
0,9,8,
0,9,10,
0,9,12,
0,9,19,
0,9,26,
0,9,43,
0,9,52,
0,9,54,
0,9,61,
0,9,89,
0,9,94,
0,10,0,
0,10,0,
0,10,0,
0,10,0,
0,10,0,
0,10,1,
0,10,2,
0,10,3,
0,10,6,
0,10,6,
0,10,7,
0,10,11,
0,10,14,
0,10,27,
0,10,33,
0,10,53,
0,10,77,
0,10,82,
0,10,117,
0,10,141,
0,11,1,
0,11,2,
0,11,2,
0,11,2,
0,11,3,
0,11,3,
0,11,7,
0,11,49,
0,11,67,
0,11,169,
0,12,0,
0,12,1,
0,12,3,
0,12,6,
0,12,6,
0,12,11,
0,12,12,
0,12,12,
0,12,14,
0,12,15,
0,12,33,
0,12,34,
0,12,38,
0,12,49,
0,12,72,
0,12,83,
0,12,189,
0,13,0,
0,13,0,
0,13,0,
0,13,0,
0,13,0,
0,13,0,
0,13,1,
0,13,1,
0,13,2,
0,13,7,
0,13,9,
0,13,10,
0,13,12,
0,13,15,
0,13,18,
0,13,21,
0,13,37,
0,13,43,
0,13,88,
0,13,109,
0,13,111,
0,13,122,
0,14,0,
0,14,1,
0,14,3,
0,14,7,
0,14,10,
0,14,12,
0,14,16,
0,14,32,
0,14,36,
0,14,40,
0,14,41,
0,14,50,
0,14,71,
0,14,95,
0,14,166,
0,15,0,
0,15,1,
0,15,4,
0,15,5,
0,15,6,
0,15,8,
0,15,11,
0,15,13,
0,15,25,
0,15,33,
0,15,39,
0,15,50,
0,15,60,
0,15,98,
0,15,181,
0,16,0,
0,16,0,
0,16,0,
0,16,0,
0,16,3,
0,16,5,
0,16,8,
0,16,24,
0,16,62,
0,16,71,
0,16,72,
0,16,98,
0,16,173,
0,17,0,
0,17,1,
0,17,5,
0,17,5,
0,17,10,
0,17,17,
0,17,21,
0,17,38,
0,17,49,
0,18,0,
0,18,3,
0,18,3,
0,18,4,
0,18,6,
0,18,7,
0,18,9,
0,18,16,
0,18,16,
0,18,109,
0,18,180,
0,19,0,
0,19,0,
0,19,0,
0,19,0,
0,19,2,
0,19,4,
0,19,10,
0,19,13,
0,19,15,
0,19,34,
0,19,37,
0,19,37,
0,19,96,
0,19,100,
0,19,110,
0,20,10,
0,20,13,
0,20,39,
0,20,72,
0,20,139,
0,21,6,
0,21,20,
0,21,32,
0,21,32,
0,21,94,
0,21,100,
0,21,113,
0,21,183,
0,22,0,
0,22,2,
0,22,6,
0,22,27,
0,22,71,
0,22,109,
0,22,180,
0,23,0,
0,23,6,
0,23,20,
0,23,25,
0,23,27,
0,23,31,
0,23,128,
0,23,169,
0,24,0,
0,24,0,
0,24,0,
0,24,1,
0,24,1,
0,24,3,
0,24,4,
0,24,9,
0,24,13,
0,24,34,
0,24,36,
0,24,58,
0,24,84,
0,25,0,
0,25,1,
0,25,7,
0,25,9,
0,25,25,
0,25,194,
0,25,199,
0,26,0,
0,26,1,
0,26,3,
0,26,11,
0,26,16,
0,26,58,
0,26,77,
0,26,172,
0,27,0,
0,27,22,
0,27,33,
0,27,46,
0,27,54,
0,27,88,
0,28,0,
0,28,1,
0,28,1,
0,28,93,
0,28,97,
0,28,194,
0,29,0,
0,29,6,
0,29,10,
0,29,10,
0,29,38,
0,29,102,
0,29,132,
0,29,183,
0,30,0,
0,30,1,
0,30,8,
0,30,50,
0,30,90,
0,31,0,
0,31,0,
0,31,8,
0,31,10,
0,31,19,
0,31,20,
0,31,82,
0,32,0,
0,32,1,
0,32,4,
0,32,33,
0,32,63,
0,32,74,
0,33,2,
0,33,2,
0,33,12,
0,33,14,
0,33,35,
0,33,43,
0,34,0,
0,34,0,
0,34,1,
0,34,7,
0,34,9,
0,34,14,
0,34,20,
0,34,58,
0,34,59,
0,34,102,
0,35,1,
0,35,1,
0,35,3,
0,35,23,
0,35,183,
0,36,0,
0,36,27,
0,36,67,
0,36,75,
0,36,180,
0,37,0,
0,37,1,
0,37,6,
0,37,6,
0,37,105,
0,37,124,
0,38,0,
0,38,1,
0,38,3,
0,38,12,
0,38,14,
0,38,62,
0,39,2,
0,39,96,
0,39,194,
0,40,0,
0,40,4,
0,40,15,
0,40,20,
0,40,24,
0,40,36,
0,40,182,
0,41,0,
0,41,5,
0,41,22,
0,41,52,
0,42,0,
0,42,5,
0,42,5,
0,42,129,
0,43,0,
0,43,6,
0,43,17,
0,43,49,
0,43,52,
0,43,161,
0,44,4,
0,44,65,
0,44,109,
0,45,0,
0,45,7,
0,45,9,
0,45,33,
0,46,1,
0,46,81,
0,46,147,
0,46,177,
0,47,0,
0,47,79,
0,48,0,
0,48,4,
0,48,5,
0,48,18,
0,48,42,
0,48,91,
0,48,140,
0,49,0,
0,49,3,
0,49,4,
0,50,0,
0,50,3,
0,50,98,
0,51,3,
0,51,161,
0,52,0,
0,52,0,
0,52,3,
0,52,36,
0,53,0,
0,53,1,
0,53,6,
0,53,57,
0,54,0,
0,54,0,
0,54,181,
0,55,13,
0,55,160,
0,56,2,
0,56,8,
0,56,44,
0,56,63,
0,57,0,
0,57,8,
0,57,61,
0,58,0,
0,58,1,
0,58,48,
0,58,150,
0,59,0,
0,60,7,
0,60,10,
0,60,54,
0,60,189,
0,61,0,
0,61,1,
0,61,7,
0,61,23,
0,61,65,
0,62,1,
0,62,8,
0,62,17,
0,62,23,
0,62,28,
0,62,32,
0,63,68,
0,64,1,
0,64,9,
0,64,13,
0,64,35,
0,64,77,
0,64,151,
0,64,162,
0,65,3,
0,65,96,
0,65,123,
0,65,135,
0,66,74,
0,67,51,
0,68,0,
0,68,26,
0,69,22,
0,69,28,
0,69,28,
0,69,61,
0,71,0,
0,71,1,
0,71,1,
0,71,2,
0,71,2,
0,71,14,
0,72,20,
0,73,0,
0,73,3,
0,73,7,
0,73,178,
0,74,0,
0,74,28,
0,74,40,
0,75,2,
0,75,2,
0,75,21,
0,76,1,
0,76,46,
0,77,4,
0,77,5,
0,77,7,
0,77,114,
0,78,71,
0,79,68,
0,81,2,
0,81,2,
0,82,16,
0,83,4,
0,83,13,
0,83,14,
0,83,64,
0,84,0,
0,84,25,
0,86,0,
0,86,2,
0,87,2,
0,87,13,
0,88,0,
0,88,0,
0,88,11,
0,88,26,
0,89,1,
0,89,17,
0,90,0,
0,90,2,
0,90,27,
0,90,47,
0,90,52,
0,90,147,
0,91,9,
0,91,9,
0,91,59,
0,91,148,
0,92,1,
0,92,32,
0,92,77,
0,93,2,
0,93,151,
0,94,0,
0,95,0,
0,95,93,
0,95,153,
0,97,0,
0,97,28,
0,98,2,
0,98,8,
0,98,28,
0,99,8,
0,100,6,
0,100,44,
0,100,60,
0,100,159,
0,101,137,
0,102,2,
0,103,46,
0,103,79,
0,104,5,
0,105,14,
0,106,3,
0,106,49,
0,107,4,
0,107,142,
0,108,8,
0,108,81,
0,109,0,
0,109,0,
0,109,56,
0,109,115,
0,110,1,
0,110,14,
0,110,32,
0,111,5,
0,112,12,
0,112,51,
0,112,142,
0,113,79,
0,114,4,
0,114,5,
0,114,60,
0,115,76,
0,116,2,
0,116,17,
0,116,25,
0,117,148,
0,118,0,
0,118,1,
0,119,12,
0,119,13,
0,120,13,
0,120,17,
0,120,43,
0,121,4,
0,122,0,
0,122,6,
0,122,134,
0,124,90,
0,125,0,
0,125,27,
0,125,46,
0,126,116,
0,127,5,
0,127,19,
0,128,26,
0,128,28,
0,128,44,
0,129,96,
0,129,144,
0,131,20,
0,132,2,
0,132,9,
0,132,12,
0,132,53,
0,132,68,
0,133,0,
0,133,5,
0,133,10,
0,134,5,
0,134,17,
0,134,18,
0,134,31,
0,135,9,
0,136,69,
0,137,0,
0,138,3,
0,140,9,
0,141,174,
0,142,4,
0,142,11,
0,142,34,
0,142,110,
0,143,2,
0,143,5,
0,144,0,
0,144,6,
0,144,151,
0,147,0,
0,147,6,
0,147,70,
0,148,4,
0,148,4,
0,148,5,
0,148,136,
0,149,162,
0,150,51,
0,152,9,
0,153,5,
0,153,152,
0,154,0,
0,154,16,
0,154,25,
0,154,195,
0,155,5,
0,155,20,
0,157,17,
0,158,1,
0,158,1,
0,158,1,
0,158,2,
0,158,9,
0,159,1,
0,159,20,
0,159,32,
0,161,143,
0,163,2,
0,163,53,
0,165,108,
0,166,0,
0,167,0,
0,168,15,
0,169,0,
0,170,8,
0,170,174,
0,172,2,
0,172,4,
0,173,7,
0,173,14,
0,174,32,
0,175,4,
0,175,13,
0,176,2,
0,176,145,
0,177,184,
0,179,7,
0,180,1,
0,182,0,
0,182,5,
0,183,0,
0,184,26,
0,185,15,
0,185,58,
0,187,2,
0,188,73,
0,191,16,
0,193,16,
0,194,0,
0,194,11,
0,195,3,
0,197,0,
0,197,135,
0,198,13,
0,198,30,
1,0,0,
1,0,0,
1,0,0,
1,0,0,
1,0,0,
1,0,0,
1,0,1,
1,0,1,
1,0,1,
1,0,1,
1,0,1,
1,0,2,
1,0,2,
1,0,2,
1,0,2,
1,0,2,
1,0,2,
1,0,2,
1,0,3,
1,0,3,
1,0,4,
1,0,4,
1,0,4,
1,0,4,
1,0,6,
1,0,6,
1,0,7,
1,0,7,
1,0,8,
1,0,9,
1,0,9,
1,0,9,
1,0,10,
1,0,11,
1,0,12,
1,0,12,
1,0,13,
1,0,15,
1,0,16,
1,0,16,
1,0,16,
1,0,17,
1,0,18,
1,0,19,
1,0,20,
1,0,28,
1,0,35,
1,0,35,
1,0,37,
1,0,40,
1,0,40,
1,0,46,
1,0,46,
1,0,47,
1,0,47,
1,0,50,
1,0,57,
1,0,58,
1,0,71,
1,0,73,
1,0,76,
1,0,78,
1,0,92,
1,0,99,
1,0,119,
1,0,158,
1,0,176,
1,0,177,
1,0,180,
1,1,0,
1,1,0,
1,1,1,
1,1,2,
1,1,2,
1,1,2,
1,1,2,
1,1,2,
1,1,2,
1,1,2,
1,1,3,
1,1,3,
1,1,3,
1,1,3,
1,1,5,
1,1,5,
1,1,6,
1,1,7,
1,1,8,
1,1,9,
1,1,9,
1,1,12,
1,1,15,
1,1,16,
1,1,18,
1,1,19,
1,1,19,
1,1,22,
1,1,24,
1,1,29,
1,1,33,
1,1,35,
1,1,49,
1,1,51,
1,1,65,
1,1,67,
1,1,71,
1,1,71,
1,1,87,
1,1,90,
1,1,95,
1,1,95,
1,1,119,
1,1,129,
1,1,135,
1,1,139,
1,1,140,
1,1,151,
1,1,157,
1,1,163,
1,1,190,
1,2,0,
1,2,0,
1,2,0,
1,2,0,
1,2,1,
1,2,2,
1,2,2,
1,2,3,
1,2,5,
1,2,5,
1,2,6,
1,2,7,
1,2,7,
1,2,7,
1,2,10,
1,2,11,
1,2,14,
1,2,14,
1,2,14,
1,2,16,
1,2,18,
1,2,23,
1,2,25,
1,2,28,
1,2,36,
1,2,52,
1,2,55,
1,2,56,
1,2,57,
1,2,70,
1,2,117,
1,2,119,
1,2,127,
1,2,135,
1,2,142,
1,2,156,
1,2,185,
1,3,0,
1,3,0,
1,3,0,
1,3,1,
1,3,3,
1,3,5,
1,3,7,
1,3,8,
1,3,10,
1,3,13,
1,3,15,
1,3,21,
1,3,25,
1,3,32,
1,3,34,
1,3,40,
1,3,46,
1,3,90,
1,3,92,
1,3,95,
1,3,115,
1,3,137,
1,3,147,
1,4,0,
1,4,0,
1,4,0,
1,4,1,
1,4,1,
1,4,1,
1,4,2,
1,4,3,
1,4,3,
1,4,10,
1,4,12,
1,4,12,
1,4,13,
1,4,16,
1,4,20,
1,4,24,
1,4,33,
1,4,35,
1,4,40,
1,4,42,
1,4,47,
1,4,52,
1,4,68,
1,4,100,
1,4,112,
1,4,135,
1,4,153,
1,5,0,
1,5,0,
1,5,0,
1,5,1,
1,5,1,
1,5,2,
1,5,2,
1,5,3,
1,5,5,
1,5,6,
1,5,7,
1,5,13,
1,5,15,
1,5,54,
1,5,127,
1,6,0,
1,6,2,
1,6,2,
1,6,2,
1,6,3,
1,6,3,
1,6,11,
1,6,15,
1,6,17,
1,6,19,
1,6,21,
1,6,29,
1,6,37,
1,6,67,
1,6,115,
1,7,0,
1,7,0,
1,7,0,
1,7,1,
1,7,2,
1,7,3,
1,7,5,
1,7,6,
1,7,6,
1,7,7,
1,7,7,
1,7,12,
1,7,16,
1,7,34,
1,7,166,
1,8,0,
1,8,1,
1,8,1,
1,8,2,
1,8,3,
1,8,3,
1,8,4,
1,8,5,
1,8,8,
1,8,8,
1,8,8,
1,8,11,
1,8,13,
1,8,86,
1,8,87,
1,8,161,
1,8,175,
1,9,0,
1,9,1,
1,9,1,
1,9,1,
1,9,1,
1,9,2,
1,9,2,
1,9,3,
1,9,4,
1,9,6,
1,9,7,
1,9,8,
1,9,17,
1,9,26,
1,9,93,
1,9,102,
1,9,126,
1,10,0,
1,10,0,
1,10,0,
1,10,1,
1,10,1,
1,10,7,
1,10,8,
1,10,8,
1,10,56,
1,10,70,
1,10,72,
1,10,102,
1,11,0,
1,11,1,
1,11,1,
1,11,3,
1,11,6,
1,11,18,
1,11,55,
1,11,113,
1,11,197,
1,12,0,
1,12,1,
1,12,2,
1,12,7,
1,12,16,
1,12,32,
1,12,32,
1,12,42,
1,12,93,
1,13,0,
1,13,3,
1,13,11,
1,13,15,
1,13,47,
1,14,2,
1,14,15,
1,14,54,
1,14,67,
1,14,76,
1,15,0,
1,15,0,
1,15,1,
1,15,2,
1,15,3,
1,15,4,
1,15,25,
1,15,56,
1,15,176,
1,16,1,
1,16,4,
1,16,4,
1,16,9,
1,16,120,
1,17,2,
1,17,15,
1,17,161,
1,18,0,
1,18,0,
1,18,1,
1,18,8,
1,18,32,
1,18,83,
1,18,115,
1,18,121,
1,19,0,
1,19,0,
1,19,2,
1,19,2,
1,19,3,
1,19,4,
1,19,5,
1,19,8,
1,19,28,
1,19,29,
1,19,49,
1,20,0,
1,20,9,
1,20,64,
1,20,143,
1,20,163,
1,21,6,
1,21,26,
1,21,170,
1,22,3,
1,22,8,
1,22,10,
1,22,11,
1,22,24,
1,22,31,
1,23,0,
1,23,3,
1,23,5,
1,23,25,
1,24,1,
1,24,5,
1,24,6,
1,24,8,
1,24,118,
1,25,12,
1,26,5,
1,26,14,
1,27,0,
1,27,1,
1,27,1,
1,27,4,
1,27,6,
1,27,76,
1,28,0,
1,28,1,
1,28,23,
1,28,72,
1,28,89,
1,29,4,
1,29,18,
1,29,33,
1,29,36,
1,29,44,
1,30,1,
1,31,8,
1,31,26,
1,32,0,
1,32,14,
1,32,21,
1,33,4,
1,33,14,
1,33,23,
1,33,32,
1,33,36,
1,34,0,
1,34,4,
1,34,9,
1,34,73,
1,35,4,
1,35,7,
1,35,8,
1,35,96,
1,36,13,
1,36,15,
1,36,115,
1,36,138,
1,36,197,
1,37,0,
1,37,0,
1,37,24,
1,40,22,
1,40,24,
1,41,58,
1,42,11,
1,42,94,
1,43,124,
1,44,117,
1,45,23,
1,45,45,
1,46,20,
1,47,1,
1,47,6,
1,47,15,
1,47,128,
1,48,10,
1,48,45,
1,49,0,
1,49,1,
1,49,1,
1,49,66,
1,50,1,
1,50,8,
1,50,10,
1,51,1,
1,51,6,
1,51,40,
1,51,110,
1,52,2,
1,52,29,
1,52,54,
1,54,137,
1,55,1,
1,55,1,
1,55,51,
1,55,100,
1,56,0,
1,56,4,
1,56,166,
1,58,0,
1,59,16,
1,59,123,
1,60,34,
1,61,8,
1,61,14,
1,62,0,
1,62,1,
1,63,0,
1,63,21,
1,63,50,
1,63,97,
1,64,1,
1,64,6,
1,66,34,
1,68,2,
1,68,54,
1,71,0,
1,73,30,
1,75,4,
1,76,4,
1,77,31,
1,78,0,
1,79,0,
1,79,64,
1,80,0,
1,80,7,
1,81,0,
1,81,3,
1,81,18,
1,82,75,
1,83,0,
1,83,1,
1,83,9,
1,83,25,
1,84,0,
1,84,1,
1,84,9,
1,86,5,
1,87,129,
1,87,161,
1,89,23,
1,90,2,
1,91,3,
1,91,18,
1,92,108,
1,93,0,
1,93,2,
1,93,4,
1,94,6,
1,96,0,
1,97,0,
1,97,2,
1,98,0,
1,98,17,
1,98,104,
1,99,9,
1,99,31,
1,99,176,
1,101,0,
1,102,25,
1,103,0,
1,103,1,
1,103,49,
1,104,54,
1,105,1,
1,105,88,
1,106,2,
1,108,34,
1,110,2,
1,115,178,
1,116,1,
1,116,6,
1,116,49,
1,117,9,
1,117,42,
1,124,0,
1,124,13,
1,125,16,
1,125,89,
1,126,111,
1,127,0,
1,128,0,
1,128,8,
1,130,112,
1,130,141,
1,133,1,
1,134,4,
1,137,22,
1,140,70,
1,142,0,
1,142,0,
1,142,29,
1,143,9,
1,146,0,
1,147,15,
1,148,22,
1,149,0,
1,149,2,
1,149,11,
1,152,19,
1,152,55,
1,153,5,
1,154,106,
1,155,88,
1,160,3,
1,162,22,
1,163,7,
1,164,93,
1,167,4,
1,170,7,
1,173,0,
1,173,34,
1,174,32,
1,177,68,
1,180,91,
1,181,4,
1,181,71,
1,181,73,
1,181,125,
1,183,6,
1,184,2,
1,184,15,
1,184,24,
1,185,172,
1,190,59,
1,192,72,
1,197,86,
1,199,10,
2,0,0,
2,0,0,
2,0,0,
2,0,0,
2,0,0,
2,0,0,
2,0,0,
2,0,1,
2,0,1,
2,0,1,
2,0,1,
2,0,1,
2,0,1,
2,0,1,
2,0,1,
2,0,1,
2,0,1,
2,0,2,
2,0,2,
2,0,2,
2,0,4,
2,0,4,
2,0,4,
2,0,4,
2,0,5,
2,0,6,
2,0,9,
2,0,10,
2,0,12,
2,0,15,
2,0,18,
2,0,19,
2,0,21,
2,0,21,
2,0,21,
2,0,22,
2,0,27,
2,0,28,
2,0,28,
2,0,35,
2,0,40,
2,0,43,
2,0,45,
2,0,46,
2,0,64,
2,0,64,
2,0,79,
2,0,80,
2,0,82,
2,0,106,
2,0,114,
2,0,141,
2,0,144,
2,1,0,
2,1,0,
2,1,0,
2,1,0,
2,1,1,
2,1,1,
2,1,1,
2,1,1,
2,1,1,
2,1,1,
2,1,1,
2,1,2,
2,1,2,
2,1,2,
2,1,2,
2,1,3,
2,1,3,
2,1,3,
2,1,3,
2,1,5,
2,1,5,
2,1,7,
2,1,9,
2,1,10,
2,1,12,
2,1,13,
2,1,24,
2,1,26,
2,1,38,
2,1,51,
2,1,89,
2,1,93,
2,1,161,
2,1,178,
2,1,193,
2,1,197,
2,2,0,
2,2,0,
2,2,0,
2,2,1,
2,2,1,
2,2,1,
2,2,2,
2,2,2,
2,2,2,
2,2,8,
2,2,15,
2,2,18,
2,2,24,
2,2,44,
2,2,54,
2,2,58,
2,2,63,
2,2,68,
2,2,90,
2,2,90,
2,2,164,
2,3,0,
2,3,1,
2,3,2,
2,3,3,
2,3,3,
2,3,5,
2,3,6,
2,3,7,
2,3,8,
2,3,11,
2,3,13,
2,3,15,
2,3,18,
2,3,20,
2,3,26,
2,3,50,
2,3,88,
2,3,97,
2,4,0,
2,4,0,
2,4,0,
2,4,0,
2,4,2,
2,4,13,
2,4,23,
2,4,26,
2,4,33,
2,4,35,
2,4,59,
2,4,82,
2,4,115,
2,5,0,
2,5,3,
2,5,7,
2,5,20,
2,5,23,
2,5,27,
2,5,40,
2,5,41,
2,5,45,
2,6,0,
2,6,1,
2,6,2,
2,6,3,
2,6,3,
2,6,6,
2,6,7,
2,6,9,
2,6,18,
2,6,24,
2,6,25,
2,6,65,
2,6,89,
2,6,106,
2,6,117,
2,7,3,
2,7,6,
2,7,6,
2,7,24,
2,7,26,
2,7,50,
2,7,64,
2,7,104,
2,7,155,
2,8,1,
2,8,2,
2,8,3,
2,8,4,
2,8,8,
2,8,17,
2,8,19,
2,8,98,
2,8,117,
2,8,168,
2,9,4,
2,9,57,
2,9,87,
2,10,0,
2,10,0,
2,10,1,
2,10,2,
2,10,9,
2,10,16,
2,10,60,
2,10,100,
2,10,102,
2,10,133,
2,10,136,
2,11,0,
2,11,17,
2,11,44,
2,11,61,
2,11,126,
2,11,144,
2,11,154,
2,12,3,
2,12,3,
2,12,3,
2,12,12,
2,12,12,
2,12,15,
2,12,40,
2,12,50,
2,12,56,
2,12,58,
2,12,146,
2,12,173,
2,13,0,
2,13,22,
2,13,25,
2,14,0,
2,15,1,
2,15,22,
2,16,3,
2,16,5,
2,16,67,
2,16,76,
2,17,2,
2,17,3,
2,17,22,
2,18,0,
2,19,12,
2,19,50,
2,19,144,
2,20,2,
2,20,64,
2,20,92,
2,20,151,
2,21,0,
2,21,1,
2,21,2,
2,21,7,
2,22,0,
2,22,4,
2,22,7,
2,22,80,
2,23,4,
2,23,5,
2,23,10,
2,24,4,
2,24,18,
2,24,26,
2,24,49,
2,25,5,
2,25,123,
2,26,0,
2,26,21,
2,26,32,
2,26,48,
2,27,0,
2,27,0,
2,27,7,
2,27,21,
2,27,61,
2,27,196,
2,28,0,
2,28,61,
2,28,153,
2,29,3,
2,29,117,
2,30,12,
2,30,40,
2,30,111,
2,31,0,
2,31,10,
2,31,15,
2,31,19,
2,31,158,
2,32,0,
2,32,2,
2,32,14,
2,32,43,
2,34,36,
2,34,58,
2,35,2,
2,35,116,
2,36,0,
2,37,3,
2,37,42,
2,38,1,
2,38,75,
2,38,186,
2,39,0,
2,39,0,
2,40,9,
2,40,10,
2,41,0,
2,41,11,
2,41,43,
2,41,105,
2,42,0,
2,42,12,
2,42,38,
2,43,3,
2,44,0,
2,45,3,
2,46,0,
2,47,1,
2,47,39,
2,48,7,
2,49,75,
2,50,0,
2,51,0,
2,51,13,
2,53,1,
2,55,48,
2,56,0,
2,59,0,
2,59,15,
2,60,15,
2,60,67,
2,60,147,
2,61,15,
2,64,5,
2,64,5,
2,65,0,
2,65,36,
2,67,1,
2,69,2,
2,69,12,
2,70,15,
2,70,150,
2,71,14,
2,72,16,
2,73,75,
2,73,197,
2,74,2,
2,74,65,
2,74,97,
2,76,16,
2,77,49,
2,80,8,
2,81,16,
2,81,22,
2,81,69,
2,81,71,
2,82,5,
2,82,12,
2,85,52,
2,87,9,
2,88,4,
2,88,9,
2,89,1,
2,89,9,
2,89,98,
2,90,142,
2,91,0,
2,92,3,
2,93,34,
2,94,0,
2,96,50,
2,100,0,
2,100,4,
2,103,0,
2,104,15,
2,104,72,
2,106,0,
2,107,18,
2,108,29,
2,108,196,
2,109,5,
2,109,33,
2,110,10,
2,112,18,
2,114,176,
2,115,150,
2,116,2,
2,117,0,
2,117,1,
2,119,57,
2,121,9,
2,122,29,
2,127,1,
2,127,155,
2,130,0,
2,130,7,
2,133,22,
2,134,67,
2,135,8,
2,143,0,
2,147,66,
2,148,4,
2,156,13,
2,157,1,
2,157,8,
2,157,25,
2,159,89,
2,160,0,
2,161,35,
2,168,71,
2,170,11,
2,173,13,
2,187,108,
2,188,0,
2,189,0,
2,191,14,
2,194,43,
2,196,66,
2,198,2,
2,198,134,
3,0,0,
3,0,0,
3,0,0,
3,0,0,
3,0,0,
3,0,0,
3,0,0,
3,0,0,
3,0,0,
3,0,1,
3,0,1,
3,0,2,
3,0,2,
3,0,2,
3,0,3,
3,0,3,
3,0,3,
3,0,4,
3,0,4,
3,0,4,
3,0,4,
3,0,6,
3,0,7,
3,0,8,
3,0,9,
3,0,11,
3,0,12,
3,0,12,
3,0,13,
3,0,14,
3,0,18,
3,0,19,
3,0,19,
3,0,20,
3,0,22,
3,0,26,
3,0,26,
3,0,30,
3,0,32,
3,0,35,
3,0,35,
3,0,39,
3,0,44,
3,0,62,
3,0,67,
3,0,85,
3,0,139,
3,0,174,
3,0,184,
3,0,195,
3,1,0,
3,1,0,
3,1,1,
3,1,1,
3,1,1,
3,1,2,
3,1,2,
3,1,2,
3,1,3,
3,1,3,
3,1,4,
3,1,5,
3,1,10,
3,1,14,
3,1,23,
3,1,23,
3,1,31,
3,1,41,
3,1,47,
3,1,133,
3,1,141,
3,1,170,
3,2,0,
3,2,0,
3,2,1,
3,2,1,
3,2,4,
3,2,8,
3,2,12,
3,2,16,
3,2,22,
3,2,45,
3,2,65,
3,2,70,
3,2,188,
3,3,0,
3,3,3,
3,3,4,
3,3,8,
3,3,14,
3,3,15,
3,3,15,
3,3,29,
3,3,35,
3,3,47,
3,3,57,
3,3,70,
3,3,126,
3,3,184,
3,4,0,
3,4,0,
3,4,0,
3,4,2,
3,4,3,
3,4,4,
3,4,6,
3,4,7,
3,4,8,
3,4,9,
3,4,25,
3,4,47,
3,4,97,
3,5,0,
3,5,0,
3,5,2,
3,5,3,
3,5,5,
3,5,9,
3,5,52,
3,5,135,
3,5,164,
3,5,182,
3,6,2,
3,6,3,
3,6,3,
3,6,4,
3,6,13,
3,6,14,
3,6,23,
3,6,48,
3,6,151,
3,7,1,
3,7,1,
3,7,2,
3,7,3,
3,7,10,
3,7,11,
3,7,15,
3,7,44,
3,7,53,
3,8,0,
3,8,4,
3,8,13,
3,8,16,
3,8,18,
3,9,0,
3,9,0,
3,9,0,
3,9,5,
3,9,16,
3,9,23,
3,9,54,
3,9,75,
3,9,154,
3,10,0,
3,10,2,
3,10,3,
3,10,4,
3,10,4,
3,10,5,
3,10,7,
3,10,7,
3,10,32,
3,10,45,
3,10,47,
3,11,0,
3,11,6,
3,11,6,
3,11,8,
3,11,12,
3,11,25,
3,12,1,
3,12,12,
3,12,60,
3,12,72,
3,12,98,
3,13,64,
3,14,0,
3,14,0,
3,14,6,
3,14,63,
3,14,68,
3,15,5,
3,15,6,
3,16,0,
3,16,1,
3,16,2,
3,16,10,
3,16,17,
3,17,0,
3,17,72,
3,18,1,
3,18,1,
3,18,4,
3,18,34,
3,18,38,
3,18,87,
3,19,0,
3,19,3,
3,20,1,
3,21,5,
3,21,6,
3,21,10,
3,21,51,
3,22,86,
3,22,133,
3,23,1,
3,23,4,
3,23,12,
3,23,20,
3,23,108,
3,23,137,
3,24,0,
3,24,2,
3,24,11,
3,24,23,
3,25,3,
3,25,51,
3,26,0,
3,26,1,
3,26,7,
3,26,57,
3,27,7,
3,27,8,
3,27,161,
3,28,11,
3,28,14,
3,29,0,
3,29,0,
3,29,0,
3,29,153,
3,30,16,
3,33,1,
3,33,2,
3,33,5,
3,33,37,
3,33,61,
3,33,183,
3,33,190,
3,34,74,
3,35,0,
3,35,22,
3,37,5,
3,37,28,
3,38,5,
3,38,17,
3,41,7,
3,42,0,
3,42,23,
3,43,86,
3,43,129,
3,44,21,
3,45,0,
3,45,140,
3,46,3,
3,46,4,
3,46,8,
3,47,0,
3,48,25,
3,49,9,
3,50,122,
3,51,0,
3,52,29,
3,53,5,
3,53,13,
3,53,36,
3,53,84,
3,56,1,
3,56,32,
3,57,0,
3,57,1,
3,57,34,
3,58,4,
3,58,88,
3,59,0,
3,59,1,
3,60,110,
3,60,154,
3,62,33,
3,63,2,
3,65,0,
3,65,16,
3,67,140,
3,68,9,
3,69,1,
3,69,54,
3,70,35,
3,71,0,
3,71,2,
3,72,65,
3,75,0,
3,75,6,
3,76,39,
3,76,79,
3,77,46,
3,77,109,
3,78,0,
3,79,0,
3,81,0,
3,82,7,
3,83,0,
3,84,16,
3,87,198,
3,88,22,
3,91,45,
3,92,13,
3,92,14,
3,92,37,
3,95,0,
3,95,0,
3,95,23,
3,96,67,
3,98,86,
3,102,87,
3,102,149,
3,103,0,
3,103,61,
3,105,13,
3,105,27,
3,105,37,
3,105,142,
3,108,24,
3,110,0,
3,114,0,
3,115,189,
3,120,3,
3,120,14,
3,120,56,
3,121,0,
3,121,2,
3,121,2,
3,121,7,
3,124,103,
3,128,146,
3,129,50,
3,141,1,
3,142,13,
3,142,75,
3,144,12,
3,144,173,
3,149,2,
3,150,2,
3,154,58,
3,158,0,
3,159,70,
3,160,122,
3,167,21,
3,167,134,
3,168,1,
3,171,29,
3,174,82,
3,176,2,
3,178,2,
3,191,177,
3,197,181,
3,197,194,
3,198,30,
3,199,0,
4,0,0,
4,0,1,
4,0,2,
4,0,2,
4,0,3,
4,0,3,
4,0,4,
4,0,4,
4,0,4,
4,0,7,
4,0,7,
4,0,7,
4,0,13,
4,0,15,
4,0,16,
4,0,18,
4,0,20,
4,0,29,
4,0,37,
4,0,47,
4,0,52,
4,0,61,
4,0,68,
4,0,86,
4,0,98,
4,0,113,
4,0,128,
4,0,149,
4,1,0,
4,1,0,
4,1,2,
4,1,2,
4,1,3,
4,1,5,
4,1,8,
4,1,10,
4,1,12,
4,1,18,
4,1,19,
4,1,20,
4,1,23,
4,1,24,
4,1,26,
4,1,26,
4,1,29,
4,1,35,
4,1,46,
4,1,46,
4,1,51,
4,1,68,
4,1,88,
4,1,97,
4,1,130,
4,1,146,
4,2,4,
4,2,4,
4,2,6,
4,2,8,
4,2,30,
4,2,52,
4,2,55,
4,2,100,
4,2,110,
4,2,162,
4,3,1,
4,3,6,
4,3,7,
4,3,12,
4,3,19,
4,3,61,
4,3,104,
4,3,111,
4,3,111,
4,3,128,
4,3,135,
4,4,0,
4,4,0,
4,4,1,
4,4,1,
4,4,2,
4,4,2,
4,4,3,
4,4,7,
4,4,23,
4,4,29,
4,4,31,
4,4,36,
4,4,95,
4,5,1,
4,5,16,
4,5,25,
4,5,30,
4,5,75,
4,6,0,
4,6,1,
4,6,1,
4,6,12,
4,6,17,
4,6,34,
4,6,43,
4,7,0,
4,7,3,
4,7,4,
4,7,25,
4,7,49,
4,7,176,
4,8,2,
4,8,3,
4,8,4,
4,8,57,
4,8,110,
4,8,141,
4,8,165,
4,9,0,
4,9,0,
4,9,1,
4,9,3,
4,9,23,
4,9,32,
4,9,151,
4,10,1,
4,10,1,
4,10,1,
4,10,7,
4,10,16,
4,10,25,
4,11,27,
4,11,44,
4,12,0,
4,12,10,
4,13,0,
4,13,1,
4,13,9,
4,13,18,
4,13,28,
4,13,50,
4,13,97,
4,13,198,
4,14,2,
4,14,16,
4,15,0,
4,15,0,
4,15,2,
4,15,12,
4,16,1,
4,16,3,
4,16,4,
4,16,5,
4,16,28,
4,16,58,
4,17,3,
4,17,8,
4,17,18,
4,17,31,
4,18,0,
4,18,1,
4,18,8,
4,18,16,
4,18,28,
4,18,138,
4,19,0,
4,19,2,
4,19,181,
4,20,0,
4,20,1,
4,20,3,
4,21,7,
4,21,169,
4,22,1,
4,22,3,
4,22,6,
4,22,8,
4,24,2,
4,24,5,
4,25,165,
4,26,25,
4,26,135,
4,27,0,
4,28,0,
4,28,58,
4,31,57,
4,32,0,
4,33,0,
4,34,1,
4,34,50,
4,35,0,
4,35,1,
4,35,10,
4,35,95,
4,36,1,
4,38,9,
4,38,52,
4,39,4,
4,39,35,
4,39,175,
4,42,0,
4,42,0,
4,45,27,
4,47,29,
4,48,12,
4,48,143,
4,49,66,
4,51,0,
4,51,68,
4,52,2,
4,52,12,
4,53,3,
4,53,4,
4,53,192,
4,55,64,
4,56,22,
4,58,18,
4,59,44,
4,59,94,
4,61,5,
4,61,8,
4,63,1,
4,65,0,
4,65,45,
4,65,87,
4,66,8,
4,68,184,
4,75,0,
4,76,8,
4,76,48,
4,76,54,
4,76,102,
4,78,0,
4,84,45,
4,85,16,
4,85,140,
4,87,0,
4,89,2,
4,89,53,
4,92,6,
4,92,54,
4,95,150,
4,98,10,
4,99,2,
4,104,6,
4,107,62,
4,112,15,
4,114,5,
4,117,142,
4,123,140,
4,127,9,
4,127,24,
4,140,8,
4,150,0,
4,151,103,
4,156,20,
4,160,17,
4,161,164,
4,163,0,
4,168,13,
4,168,20,
4,172,3,
4,173,21,
4,174,75,
4,192,1,
4,198,4,
5,0,0,
5,0,1,
5,0,1,
5,0,1,
5,0,1,
5,0,1,
5,0,1,
5,0,2,
5,0,2,
5,0,2,
5,0,2,
5,0,2,
5,0,3,
5,0,3,
5,0,3,
5,0,3,
5,0,3,
5,0,4,
5,0,4,
5,0,15,
5,0,16,
5,0,18,
5,0,18,
5,0,19,
5,0,20,
5,0,24,
5,0,25,
5,0,26,
5,0,41,
5,0,43,
5,0,46,
5,0,47,
5,0,60,
5,0,61,
5,0,64,
5,0,75,
5,0,122,
5,0,152,
5,0,153,
5,1,0,
5,1,0,
5,1,0,
5,1,0,
5,1,1,
5,1,1,
5,1,7,
5,1,8,
5,1,10,
5,1,11,
5,1,15,
5,1,16,
5,1,23,
5,1,26,
5,1,32,
5,1,40,
5,1,41,
5,1,43,
5,1,49,
5,1,53,
5,1,56,
5,1,65,
5,1,69,
5,1,76,
5,1,78,
5,1,153,
5,2,0,
5,2,1,
5,2,4,
5,2,7,
5,2,7,
5,2,8,
5,2,24,
5,2,32,
5,2,44,
5,2,92,
5,2,100,
5,3,6,
5,3,7,
5,3,26,
5,3,29,
5,3,43,
5,3,48,
5,3,62,
5,3,75,
5,3,95,
5,3,154,
5,3,164,
5,4,0,
5,4,0,
5,4,4,
5,4,16,
5,4,52,
5,4,124,
5,5,0,
5,5,9,
5,5,24,
5,5,30,
5,6,1,
5,6,8,
5,7,6,
5,7,16,
5,7,17,
5,7,44,
5,7,159,
5,8,0,
5,8,1,
5,8,1,
5,8,11,
5,8,25,
5,8,46,
5,9,128,
5,9,190,
5,10,1,
5,10,1,
5,10,91,
5,10,185,
5,11,0,
5,11,158,
5,12,20,
5,12,37,
5,12,129,
5,12,168,
5,13,0,
5,13,1,
5,14,9,
5,14,54,
5,14,62,
5,14,197,
5,15,5,
5,15,87,
5,16,140,
5,17,5,
5,17,36,
5,18,2,
5,18,5,
5,18,123,
5,18,142,
5,19,28,
5,19,47,
5,19,52,
5,20,82,
5,21,1,
5,23,66,
5,24,1,
5,24,2,
5,24,14,
5,25,16,
5,26,185,
5,27,0,
5,27,10,
5,29,2,
5,29,67,
5,31,5,
5,31,44,
5,31,48,
5,31,174,
5,32,2,
5,33,5,
5,33,8,
5,33,61,
5,35,2,
5,35,2,
5,35,5,
5,37,1,
5,37,1,
5,37,123,
5,39,1,
5,40,4,
5,41,1,
5,42,0,
5,42,23,
5,42,77,
5,44,0,
5,44,41,
5,46,7,
5,47,3,
5,48,139,
5,50,0,
5,50,120,
5,51,2,
5,53,65,
5,55,44,
5,56,22,
5,57,5,
5,57,70,
5,58,12,
5,59,50,
5,60,199,
5,65,43,
5,66,0,
5,68,4,
5,70,0,
5,71,1,
5,71,78,
5,72,36,
5,73,1,
5,73,99,
5,78,11,
5,79,51,
5,81,14,
5,81,32,
5,81,79,
5,83,1,
5,84,1,
5,86,4,
5,87,0,
5,92,1,
5,95,20,
5,97,5,
5,104,1,
5,107,1,
5,107,6,
5,108,46,
5,118,40,
5,120,2,
5,121,1,
5,125,140,
5,133,5,
5,133,192,
5,135,30,
5,140,2,
5,141,2,
5,145,2,
5,147,128,
5,152,24,
5,161,0,
5,164,121,
5,167,33,
5,171,128,
5,174,6,
5,174,54,
5,177,10,
5,184,71,
5,192,27,
5,196,14,
6,0,0,
6,0,0,
6,0,0,
6,0,0,
6,0,0,
6,0,0,
6,0,2,
6,0,5,
6,0,6,
6,0,9,
6,0,10,
6,0,11,
6,0,13,
6,0,15,
6,0,19,
6,0,21,
6,0,23,
6,0,29,
6,0,32,
6,0,56,
6,0,65,
6,0,78,
6,0,91,
6,0,100,
6,0,103,
6,0,128,
6,0,147,
6,0,158,
6,0,160,
6,0,173,
6,1,1,
6,1,3,
6,1,3,
6,1,3,
6,1,8,
6,1,24,
6,1,29,
6,1,40,
6,1,126,
6,1,128,
6,1,128,
6,1,170,
6,2,0,
6,2,1,
6,2,1,
6,2,4,
6,2,6,
6,2,18,
6,2,20,
6,2,25,
6,2,29,
6,2,65,
6,2,104,
6,2,112,
6,2,113,
6,2,123,
6,3,2,
6,3,9,
6,3,15,
6,3,66,
6,3,70,
6,3,79,
6,3,124,
6,3,155,
6,4,0,
6,4,1,
6,4,6,
6,4,20,
6,4,22,
6,4,83,
6,4,173,
6,5,0,
6,5,3,
6,5,11,
6,5,13,
6,5,15,
6,5,20,
6,5,23,
6,5,39,
6,6,1,
6,6,14,
6,6,30,
6,6,64,
6,7,15,
6,7,39,
6,7,48,
6,7,50,
6,7,73,
6,8,9,
6,8,54,
6,8,84,
6,8,86,
6,9,1,
6,9,3,
6,9,16,
6,9,18,
6,9,60,
6,10,1,
6,10,70,
6,11,0,
6,11,4,
6,11,107,
6,14,7,
6,15,2,
6,15,3,
6,16,5,
6,16,9,
6,16,21,
6,17,0,
6,17,0,
6,17,82,
6,18,58,
6,19,2,
6,19,6,
6,21,2,
6,22,2,
6,22,67,
6,24,161,
6,25,196,
6,26,2,
6,27,0,
6,27,93,
6,29,95,
6,30,94,
6,31,48,
6,32,25,
6,33,1,
6,35,104,
6,36,0,
6,37,24,
6,38,62,
6,39,0,
6,39,2,
6,39,34,
6,39,153,
6,40,48,
6,41,0,
6,41,24,
6,42,3,
6,43,55,
6,44,0,
6,44,0,
6,44,1,
6,44,4,
6,45,20,
6,47,1,
6,48,4,
6,49,0,
6,51,38,
6,51,56,
6,52,53,
6,53,14,
6,55,91,
6,56,54,
6,61,53,
6,63,0,
6,67,6,
6,68,31,
6,69,29,
6,69,134,
6,70,37,
6,71,2,
6,72,16,
6,73,5,
6,75,42,
6,76,3,
6,77,0,
6,79,0,
6,80,30,
6,81,1,
6,81,5,
6,82,15,
6,83,61,
6,85,0,
6,88,102,
6,89,1,
6,91,25,
6,97,72,
6,99,3,
6,100,40,
6,104,63,
6,104,99,
6,109,102,
6,110,0,
6,111,44,
6,115,198,
6,118,0,
6,120,100,
6,123,3,
6,126,35,
6,139,3,
6,150,3,
6,150,191,
6,151,78,
6,152,118,
6,156,29,
6,164,37,
6,172,79,
6,174,1,
6,176,74,
6,182,7,
6,183,0,
6,189,1,
7,0,0,
7,0,0,
7,0,0,
7,0,0,
7,0,1,
7,0,1,
7,0,1,
7,0,1,
7,0,2,
7,0,7,
7,0,7,
7,0,11,
7,0,11,
7,0,12,
7,0,19,
7,0,24,
7,0,35,
7,0,46,
7,0,52,
7,0,57,
7,0,101,
7,0,101,
7,0,182,
7,1,0,
7,1,0,
7,1,0,
7,1,2,
7,1,3,
7,1,3,
7,1,4,
7,1,9,
7,1,9,
7,1,16,
7,1,50,
7,1,81,
7,1,193,
7,2,0,
7,2,0,
7,2,2,
7,2,7,
7,2,19,
7,2,23,
7,2,60,
7,2,78,
7,2,129,
7,3,0,
7,3,1,
7,3,1,
7,3,4,
7,3,19,
7,3,34,
7,3,45,
7,4,1,
7,4,19,
7,4,20,
7,4,39,
7,5,1,
7,5,8,
7,5,20,
7,5,21,
7,5,26,
7,5,57,
7,5,130,
7,5,178,
7,6,0,
7,6,1,
7,6,1,
7,6,7,
7,6,8,
7,7,0,
7,7,3,
7,7,6,
7,7,10,
7,7,38,
7,7,104,
7,7,196,
7,8,18,
7,8,36,
7,8,120,
7,9,2,
7,9,3,
7,9,28,
7,9,47,
7,9,126,
7,10,1,
7,10,3,
7,10,21,
7,10,40,
7,11,2,
7,11,19,
7,11,32,
7,12,128,
7,14,0,
7,14,7,
7,14,9,
7,14,27,
7,15,43,
7,15,79,
7,16,22,
7,16,31,
7,18,11,
7,18,21,
7,18,43,
7,18,46,
7,19,4,
7,21,12,
7,21,69,
7,22,0,
7,22,7,
7,22,8,
7,22,56,
7,23,4,
7,23,168,
7,24,33,
7,25,23,
7,25,72,
7,26,5,
7,31,43,
7,31,63,
7,31,67,
7,31,177,
7,32,0,
7,32,24,
7,32,106,
7,33,0,
7,33,38,
7,33,83,
7,34,172,
7,35,2,
7,38,1,
7,38,9,
7,39,4,
7,40,5,
7,40,48,
7,41,140,
7,43,169,
7,49,1,
7,49,7,
7,50,2,
7,50,13,
7,52,103,
7,58,31,
7,58,88,
7,59,0,
7,60,116,
7,61,147,
7,61,186,
7,64,125,
7,72,6,
7,74,38,
7,75,4,
7,76,87,
7,81,11,
7,82,51,
7,84,42,
7,89,127,
7,92,0,
7,99,25,
7,100,58,
7,107,8,
7,112,13,
7,118,21,
7,120,0,
7,121,14,
7,123,12,
7,125,25,
7,125,26,
7,140,41,
7,147,13,
7,157,3,
7,164,8,
7,177,46,
7,177,62,
7,178,62,
7,180,0,
7,188,2,
7,193,79,
7,195,0,
7,197,4,
7,198,50,
8,0,0,
8,0,0,
8,0,0,
8,0,0,
8,0,1,
8,0,5,
8,0,8,
8,0,11,
8,0,12,
8,0,14,
8,0,17,
8,0,20,
8,0,22,
8,0,29,
8,0,45,
8,0,63,
8,0,67,
8,0,84,
8,0,94,
8,0,99,
8,0,124,
8,1,0,
8,1,0,
8,1,0,
8,1,1,
8,1,1,
8,1,6,
8,1,9,
8,1,11,
8,1,15,
8,1,22,
8,1,37,
8,1,64,
8,1,66,
8,1,103,
8,1,134,
8,2,1,
8,2,2,
8,2,2,
8,2,2,
8,2,6,
8,2,13,
8,2,16,
8,2,40,
8,2,91,
8,2,198,
8,3,0,
8,3,2,
8,3,4,
8,3,25,
8,3,43,
8,3,145,
8,3,161,
8,4,0,
8,4,5,
8,4,26,
8,4,48,
8,5,0,
8,5,1,
8,5,36,
8,5,49,
8,5,78,
8,6,1,
8,6,3,
8,6,8,
8,6,80,
8,7,1,
8,7,2,
8,7,54,
8,7,109,
8,8,0,
8,8,1,
8,9,14,
8,9,67,
8,9,169,
8,10,0,
8,10,7,
8,10,13,
8,10,64,
8,11,0,
8,11,1,
8,11,4,
8,12,3,
8,12,5,
8,12,120,
8,13,0,
8,13,2,
8,13,10,
8,13,17,
8,13,57,
8,16,0,
8,17,0,
8,17,20,
8,18,6,
8,20,110,
8,21,0,
8,23,1,
8,23,3,
8,23,3,
8,27,142,
8,29,7,
8,29,15,
8,29,96,
8,31,34,
8,32,1,
8,32,8,
8,32,33,
8,34,1,
8,34,151,
8,35,49,
8,36,6,
8,36,114,
8,39,3,
8,41,2,
8,44,0,
8,44,5,
8,45,9,
8,45,42,
8,46,0,
8,47,4,
8,49,3,
8,51,4,
8,51,10,
8,52,147,
8,55,126,
8,56,147,
8,58,59,
8,61,0,
8,61,1,
8,63,52,
8,63,130,
8,64,167,
8,68,62,
8,71,8,
8,77,3,
8,80,1,
8,80,2,
8,82,5,
8,83,54,
8,84,39,
8,90,0,
8,91,103,
8,94,155,
8,102,150,
8,104,57,
8,107,4,
8,107,42,
8,113,7,
8,113,44,
8,116,1,
8,120,11,
8,125,37,
8,126,1,
8,128,11,
8,130,3,
8,131,2,
8,140,69,
8,141,1,
8,142,14,
8,144,0,
8,144,0,
8,154,21,
8,154,26,
8,158,0,
8,158,9,
8,165,11,
8,170,2,
8,171,117,
8,171,146,
8,172,9,
8,180,2,
8,180,57,
8,181,45,
8,183,3,
8,188,163,
8,190,29,
8,194,8,
9,0,0,
9,0,1,
9,0,1,
9,0,1,
9,0,2,
9,0,3,
9,0,4,
9,0,5,
9,0,7,
9,0,9,
9,0,12,
9,0,51,
9,0,56,
9,0,118,
9,0,133,
9,1,0,
9,1,0,
9,1,1,
9,1,1,
9,1,1,
9,1,3,
9,1,4,
9,1,6,
9,1,8,
9,1,9,
9,1,9,
9,1,22,
9,1,48,
9,1,67,
9,1,71,
9,1,97,
9,2,9,
9,2,49,
9,2,74,
9,2,97,
9,2,187,
9,2,198,
9,3,1,
9,3,2,
9,3,9,
9,3,9,
9,3,13,
9,3,19,
9,3,19,
9,3,56,
9,3,100,
9,3,148,
9,4,0,
9,4,5,
9,5,2,
9,5,14,
9,5,57,
9,6,1,
9,6,1,
9,6,1,
9,6,1,
9,6,6,
9,6,12,
9,7,1,
9,7,2,
9,7,13,
9,7,18,
9,7,63,
9,8,7,
9,8,21,
9,8,170,
9,9,1,
9,10,3,
9,10,55,
9,10,64,
9,13,179,
9,14,23,
9,15,3,
9,16,131,
9,17,3,
9,17,46,
9,18,0,
9,18,1,
9,19,1,
9,19,16,
9,20,0,
9,20,11,
9,23,16,
9,24,45,
9,25,1,
9,28,0,
9,28,88,
9,30,1,
9,30,4,
9,31,1,
9,33,5,
9,34,4,
9,34,93,
9,35,168,
9,43,4,
9,43,5,
9,43,106,
9,48,21,
9,48,25,
9,53,33,
9,56,10,
9,57,11,
9,57,72,
9,58,117,
9,59,3,
9,64,57,
9,67,2,
9,71,16,
9,77,0,
9,79,1,
9,81,10,
9,84,0,
9,86,9,
9,87,2,
9,89,45,
9,90,136,
9,106,12,
9,110,0,
9,113,198,
9,124,18,
9,124,29,
9,132,31,
9,133,151,
9,135,7,
9,149,3,
9,162,20,
9,166,80,
9,182,0,
9,187,0,
9,188,1,
9,193,71,
9,196,0,
10,0,0,
10,0,0,
10,0,0,
10,0,0,
10,0,2,
10,0,2,
10,0,4,
10,0,4,
10,0,5,
10,0,11,
10,0,11,
10,0,13,
10,0,30,
10,0,32,
10,0,78,
10,0,91,
10,0,114,
10,0,125,
10,0,129,
10,0,144,
10,1,2,
10,1,4,
10,1,6,
10,1,8,
10,1,10,
10,1,51,
10,1,57,
10,1,61,
10,1,62,
10,1,132,
10,1,194,
10,2,0,
10,2,0,
10,2,4,
10,2,4,
10,2,5,
10,2,32,
10,2,39,
10,3,2,
10,3,8,
10,3,9,
10,3,24,
10,3,38,
10,4,2,
10,4,6,
10,4,105,
10,5,4,
10,5,5,
10,5,14,
10,5,36,
10,6,3,
10,6,12,
10,6,19,
10,6,75,
10,6,124,
10,6,141,
10,7,10,
10,7,16,
10,7,17,
10,7,20,
10,7,45,
10,8,1,
10,8,6,
10,9,2,
10,9,176,
10,10,19,
10,11,86,
10,11,135,
10,14,12,
10,15,0,
10,15,14,
10,15,25,
10,15,84,
10,16,181,
10,18,0,
10,18,1,
10,18,14,
10,20,1,
10,20,22,
10,21,4,
10,25,0,
10,26,1,
10,27,7,
10,27,16,
10,28,11,
10,30,1,
10,30,6,
10,32,2,
10,32,139,
10,33,2,
10,33,21,
10,34,26,
10,34,31,
10,35,2,
10,39,0,
10,39,0,
10,39,10,
10,42,5,
10,42,21,
10,44,46,
10,47,6,
10,47,18,
10,48,7,
10,50,119,
10,51,6,
10,51,49,
10,52,12,
10,54,90,
10,58,19,
10,61,7,
10,63,1,
10,63,72,
10,65,22,
10,66,108,
10,67,1,
10,70,0,
10,74,3,
10,85,12,
10,86,12,
10,99,64,
10,109,0,
10,111,7,
10,121,8,
10,124,3,
10,126,148,
10,134,9,
10,159,28,
10,162,12,
10,167,116,
10,198,33,
11,0,0,
11,0,0,
11,0,0,
11,0,2,
11,0,3,
11,0,3,
11,0,4,
11,0,4,
11,0,4,
11,0,5,
11,0,5,
11,0,7,
11,0,9,
11,0,9,
11,0,9,
11,0,15,
11,0,18,
11,0,30,
11,0,35,
11,0,95,
11,0,95,
11,0,172,
11,1,0,
11,1,1,
11,1,8,
11,1,16,
11,1,21,
11,1,36,
11,1,46,
11,2,0,
11,2,0,
11,2,1,
11,2,1,
11,2,2,
11,2,18,
11,2,161,
11,2,186,
11,2,192,
11,3,9,
11,3,44,
11,3,138,
11,4,28,
11,5,2,
11,5,4,
11,5,5,
11,5,7,
11,5,8,
11,5,59,
11,6,0,
11,6,2,
11,6,5,
11,6,83,
11,7,0,
11,7,1,
11,7,95,
11,8,1,
11,8,4,
11,8,42,
11,8,106,
11,9,21,
11,10,0,
11,10,7,
11,10,144,
11,11,0,
11,12,3,
11,13,0,
11,14,156,
11,17,1,
11,17,3,
11,17,3,
11,17,6,
11,17,18,
11,19,0,
11,19,121,
11,22,1,
11,24,71,
11,25,0,
11,27,0,
11,27,2,
11,27,4,
11,28,0,
11,28,51,
11,29,6,
11,30,2,
11,30,35,
11,31,1,
11,31,2,
11,31,4,
11,31,15,
11,32,2,
11,33,3,
11,33,53,
11,35,0,
11,36,36,
11,37,0,
11,38,4,
11,38,29,
11,42,22,
11,42,23,
11,43,0,
11,44,117,
11,45,6,
11,46,161,
11,52,3,
11,62,3,
11,68,14,
11,68,32,
11,71,0,
11,85,6,
11,89,2,
11,101,1,
11,101,22,
11,112,8,
11,129,36,
11,136,17,
11,141,3,
11,146,4,
11,149,0,
11,151,28,
11,166,93,
11,174,1,
11,182,5,
11,191,0,
11,197,105,
12,0,0,
12,0,0,
12,0,2,
12,0,3,
12,0,6,
12,0,10,
12,0,22,
12,0,59,
12,0,106,
12,0,139,
12,1,0,
12,1,1,
12,1,23,
12,1,45,
12,1,61,
12,1,122,
12,2,0,
12,2,15,
12,2,19,
12,2,27,
12,2,30,
12,3,13,
12,3,67,
12,4,0,
12,4,15,
12,4,64,
12,4,101,
12,5,19,
12,5,33,
12,7,1,
12,7,3,
12,8,141,
12,9,6,
12,10,1,
12,10,60,
12,10,124,
12,11,0,
12,11,5,
12,11,6,
12,11,187,
12,12,6,
12,12,169,
12,13,135,
12,14,9,
12,14,132,
12,15,4,
12,15,176,
12,16,3,
12,18,38,
12,18,41,
12,19,13,
12,19,28,
12,22,74,
12,23,26,
12,24,4,
12,24,18,
12,25,107,
12,26,0,
12,26,49,
12,28,62,
12,29,0,
12,29,0,
12,29,44,
12,31,13,
12,33,3,
12,34,0,
12,39,19,
12,39,100,
12,40,43,
12,41,22,
12,43,92,
12,44,0,
12,44,5,
12,44,159,
12,45,141,
12,48,1,
12,48,12,
12,53,1,
12,54,1,
12,55,0,
12,55,17,
12,63,0,
12,66,1,
12,72,58,
12,74,6,
12,76,130,
12,79,112,
12,84,29,
12,97,14,
12,97,122,
12,100,10,
12,101,16,
12,107,146,
12,116,6,
12,120,0,
12,128,0,
12,134,4,
12,137,7,
12,139,7,
12,141,70,
12,150,3,
12,153,94,
12,162,17,
12,175,10,
12,175,45,
12,177,5,
12,188,100,
12,191,22,
12,198,0,
13,0,0,
13,0,0,
13,0,0,
13,0,1,
13,0,1,
13,0,1,
13,0,2,
13,0,2,
13,0,4,
13,0,4,
13,0,4,
13,0,13,
13,0,22,
13,0,69,
13,0,73,
13,0,75,
13,0,78,
13,1,1,
13,1,11,
13,1,20,
13,1,100,
13,1,153,
13,2,0,
13,2,0,
13,3,1,
13,3,15,
13,3,39,
13,4,3,
13,5,0,
13,5,18,
13,5,63,
13,5,88,
13,5,173,
13,6,62,
13,7,0,
13,7,3,
13,7,179,
13,8,2,
13,8,17,
13,9,1,
13,9,1,
13,10,59,
13,11,91,
13,11,98,
13,12,0,
13,12,1,
13,12,147,
13,13,7,
13,14,2,
13,14,9,
13,16,1,
13,16,102,
13,17,32,
13,18,0,
13,19,61,
13,19,69,
13,20,5,
13,21,19,
13,21,171,
13,22,3,
13,23,3,
13,23,6,
13,23,131,
13,24,145,
13,31,2,
13,31,11,
13,31,13,
13,32,32,
13,33,2,
13,33,5,
13,33,8,
13,37,1,
13,37,34,
13,39,2,
13,39,57,
13,40,130,
13,44,183,
13,44,188,
13,45,30,
13,47,57,
13,48,0,
13,50,62,
13,58,7,
13,61,152,
13,64,187,
13,70,3,
13,73,0,
13,85,14,
13,89,165,
13,91,46,
13,93,12,
13,97,62,
13,98,35,
13,101,144,
13,102,17,
13,108,112,
13,110,7,
13,119,4,
13,124,69,
13,125,104,
13,126,9,
13,126,140,
13,128,184,
13,137,4,
13,156,26,
13,164,127,
13,175,1,
13,175,181,
13,182,25,
13,183,3,
13,192,0,
13,195,2,
14,0,2,
14,0,25,
14,0,41,
14,0,81,
14,0,118,
14,0,163,
14,1,0,
14,1,1,
14,1,1,
14,1,2,
14,1,3,
14,1,5,
14,1,9,
14,1,27,
14,1,42,
14,1,75,
14,1,88,
14,1,131,
14,1,148,
14,2,8,
14,2,29,
14,2,69,
14,2,74,
14,2,85,
14,2,101,
14,2,141,
14,2,185,
14,3,0,
14,3,0,
14,3,3,
14,3,113,
14,3,127,
14,3,162,
14,4,11,
14,4,13,
14,4,83,
14,6,62,
14,7,18,
14,7,99,
14,8,0,
14,8,3,
14,8,13,
14,8,20,
14,9,1,
14,9,12,
14,9,26,
14,10,3,
14,10,3,
14,11,0,
14,11,31,
14,11,54,
14,12,0,
14,12,0,
14,12,4,
14,12,17,
14,16,4,
14,16,41,
14,17,5,
14,17,19,
14,18,1,
14,18,154,
14,24,2,
14,24,14,
14,25,0,
14,26,1,
14,28,0,
14,30,183,
14,31,0,
14,34,0,
14,35,21,
14,40,29,
14,41,4,
14,42,0,
14,44,13,
14,44,85,
14,47,4,
14,53,8,
14,53,22,
14,55,24,
14,59,25,
14,60,14,
14,62,0,
14,64,3,
14,74,43,
14,79,89,
14,88,1,
14,99,93,
14,113,1,
14,115,4,
14,131,1,
14,135,0,
14,144,20,
14,172,2,
15,0,0,
15,0,0,
15,0,1,
15,0,1,
15,0,2,
15,0,4,
15,0,5,
15,0,7,
15,0,8,
15,0,14,
15,0,16,
15,0,42,
15,0,43,
15,0,56,
15,0,126,
15,0,130,
15,0,199,
15,1,0,
15,1,2,
15,1,10,
15,1,43,
15,1,52,
15,1,60,
15,1,67,
15,1,126,
15,1,140,
15,1,184,
15,1,197,
15,2,0,
15,2,8,
15,2,19,
15,2,87,
15,2,185,
15,3,1,
15,3,33,
15,3,49,
15,4,1,
15,4,4,
15,4,7,
15,4,14,
15,4,23,
15,4,73,
15,5,0,
15,5,4,
15,5,7,
15,5,53,
15,6,0,
15,6,3,
15,6,12,
15,6,13,
15,6,39,
15,6,53,
15,7,3,
15,8,1,
15,8,2,
15,9,124,
15,11,46,
15,11,67,
15,15,2,
15,17,0,
15,17,0,
15,17,42,
15,19,1,
15,19,11,
15,19,11,
15,20,3,
15,20,12,
15,20,25,
15,21,148,
15,22,5,
15,24,5,
15,25,51,
15,25,198,
15,27,21,
15,28,168,
15,29,3,
15,31,1,
15,34,87,
15,36,13,
15,38,45,
15,39,11,
15,40,7,
15,44,90,
15,46,70,
15,50,19,
15,56,3,
15,59,0,
15,61,0,
15,61,59,
15,62,90,
15,69,86,
15,70,36,
15,79,0,
15,88,3,
15,100,26,
15,103,29,
15,114,9,
15,132,7,
15,132,30,
15,140,63,
15,143,39,
15,146,0,
15,148,4,
15,153,7,
15,153,7,
15,155,10,
15,162,6,
15,168,124,
15,178,12,
15,197,92,
16,0,0,
16,0,1,
16,0,1,
16,0,2,
16,0,4,
16,0,6,
16,0,19,
16,0,20,
16,0,37,
16,1,1,
16,1,7,
16,1,13,
16,1,31,
16,1,169,
16,2,0,
16,2,10,
16,3,45,
16,3,60,
16,3,116,
16,4,2,
16,4,15,
16,5,66,
16,5,96,
16,6,72,
16,6,160,
16,7,23,
16,8,2,
16,8,2,
16,8,13,
16,10,0,
16,10,11,
16,10,19,
16,10,137,
16,11,33,
16,12,1,
16,12,11,
16,12,11,
16,12,153,
16,17,3,
16,17,12,
16,17,12,
16,18,5,
16,20,0,
16,21,31,
16,22,0,
16,24,72,
16,25,3,
16,25,11,
16,37,9,
16,38,2,
16,43,4,
16,44,10,
16,52,13,
16,67,4,
16,69,15,
16,72,175,
16,75,4,
16,78,39,
16,84,0,
16,94,2,
16,97,28,
16,97,46,
16,109,107,
16,124,3,
16,128,2,
16,134,8,
16,141,0,
16,147,98,
16,149,87,
16,152,46,
16,171,7,
16,196,134,
17,0,3,
17,0,6,
17,0,8,
17,0,9,
17,0,20,
17,0,59,
17,0,156,
17,1,0,
17,1,1,
17,1,1,
17,1,8,
17,1,26,
17,1,78,
17,2,6,
17,2,6,
17,2,33,
17,3,0,
17,3,0,
17,3,3,
17,3,26,
17,4,8,
17,4,30,
17,5,3,
17,5,80,
17,5,94,
17,6,2,
17,6,52,
17,6,54,
17,6,109,
17,6,153,
17,7,1,
17,7,2,
17,7,3,
17,7,17,
17,7,23,
17,7,86,
17,9,0,
17,9,3,
17,10,126,
17,12,2,
17,13,0,
17,13,79,
17,14,0,
17,14,3,
17,15,146,
17,16,138,
17,18,20,
17,21,43,
17,28,7,
17,33,52,
17,38,27,
17,40,0,
17,42,87,
17,45,33,
17,46,82,
17,49,6,
17,50,3,
17,54,2,
17,58,100,
17,60,6,
17,65,11,
17,71,2,
17,73,26,
17,74,53,
17,83,1,
17,85,9,
17,86,10,
17,87,2,
17,90,0,
17,104,45,
17,112,37,
17,116,140,
17,146,0,
17,148,4,
17,150,16,
17,161,62,
17,173,6,
17,186,25,
17,187,2,
18,0,9,
18,0,12,
18,0,14,
18,0,73,
18,0,91,
18,0,139,
18,1,1,
18,1,3,
18,1,18,
18,1,93,
18,2,5,
18,2,19,
18,2,27,
18,3,4,
18,3,6,
18,3,58,
18,3,105,
18,3,129,
18,4,19,
18,5,1,
18,5,29,
18,6,20,
18,6,37,
18,6,63,
18,6,64,
18,7,2,
18,8,0,
18,8,6,
18,9,1,
18,9,1,
18,9,5,
18,9,70,
18,9,106,
18,10,45,
18,11,4,
18,11,70,
18,14,1,
18,15,18,
18,18,24,
18,18,62,
18,22,5,
18,27,0,
18,30,15,
18,31,1,
18,34,1,
18,36,1,
18,38,85,
18,40,63,
18,41,0,
18,48,2,
18,49,28,
18,63,37,
18,64,16,
18,65,100,
18,82,4,
18,96,0,
18,101,138,
18,104,3,
18,117,5,
18,122,5,
18,135,31,
18,142,3,
18,162,0,
18,188,16,
18,191,1,
19,0,0,
19,0,0,
19,0,4,
19,0,6,
19,0,11,
19,0,17,
19,0,19,
19,0,95,
19,1,6,
19,1,8,
19,1,15,
19,1,33,
19,1,38,
19,2,0,
19,2,12,
19,3,0,
19,3,0,
19,3,1,
19,3,5,
19,4,6,
19,4,9,
19,4,20,
19,5,69,
19,5,148,
19,6,0,
19,6,8,
19,6,56,
19,7,17,
19,7,34,
19,7,37,
19,8,2,
19,9,2,
19,9,4,
19,9,7,
19,9,11,
19,10,77,
19,11,51,
19,12,64,
19,14,22,
19,15,5,
19,16,1,
19,16,11,
19,18,124,
19,19,1,
19,23,1,
19,25,9,
19,26,84,
19,46,113,
19,47,2,
19,49,0,
19,56,0,
19,67,5,
19,68,51,
19,71,0,
19,82,22,
19,88,120,
19,89,35,
19,92,0,
19,102,14,
19,103,4,
19,108,16,
19,117,16,
19,149,3,
19,156,7,
19,174,91,
19,195,0,
20,0,0,
20,0,2,
20,0,3,
20,0,3,
20,0,5,
20,0,8,
20,0,15,
20,0,18,
20,0,20,
20,0,28,
20,0,43,
20,0,48,
20,1,0,
20,1,0,
20,1,18,
20,1,18,
20,1,158,
20,1,166,
20,1,171,
20,2,15,
20,3,9,
20,3,9,
20,3,137,
20,4,1,
20,4,6,
20,4,76,
20,5,6,
20,6,0,
20,6,119,
20,7,14,
20,9,20,
20,10,20,
20,11,0,
20,11,48,
20,12,32,
20,14,21,
20,15,0,
20,15,1,
20,16,180,
20,21,3,
20,24,70,
20,25,81,
20,25,98,
20,26,8,
20,26,115,
20,28,5,
20,33,29,
20,33,70,
20,34,2,
20,34,14,
20,35,43,
20,35,83,
20,36,0,
20,41,10,
20,45,5,
20,45,46,
20,46,3,
20,50,17,
20,52,107,
20,56,2,
20,57,94,
20,77,0,
20,78,64,
20,81,3,
20,83,0,
20,93,112,
20,94,53,
20,105,0,
20,109,182,
20,151,69,
20,158,17,
20,161,25,
20,164,0,
20,194,2,
21,0,0,
21,0,4,
21,0,10,
21,0,20,
21,0,22,
21,0,26,
21,0,51,
21,0,70,
21,0,163,
21,0,168,
21,0,187,
21,1,0,
21,2,0,
21,2,0,
21,2,12,
21,2,23,
21,2,25,
21,2,127,
21,3,11,
21,3,16,
21,3,56,
21,5,0,
21,5,0,
21,5,18,
21,5,39,
21,6,0,
21,6,1,
21,7,28,
21,9,157,
21,12,7,
21,14,23,
21,14,109,
21,15,3,
21,16,14,
21,16,23,
21,17,16,
21,19,30,
21,21,5,
21,21,16,
21,21,42,
21,21,102,
21,24,9,
21,25,14,
21,30,40,
21,31,15,
21,31,45,
21,32,7,
21,33,33,
21,35,84,
21,36,1,
21,37,0,
21,51,1,
21,55,8,
21,69,13,
21,71,171,
21,76,157,
21,81,60,
21,98,0,
21,100,18,
21,106,3,
21,141,14,
21,160,0,
21,175,25,
21,195,59,
21,197,41,
22,0,0,
22,0,6,
22,0,9,
22,0,90,
22,1,1,
22,1,1,
22,1,22,
22,1,65,
22,1,111,
22,1,114,
22,2,0,
22,2,1,
22,2,33,
22,2,149,
22,3,4,
22,3,62,
22,4,63,
22,4,106,
22,6,5,
22,6,6,
22,6,18,
22,6,82,
22,6,163,
22,7,27,
22,8,0,
22,8,0,
22,9,5,
22,10,3,
22,10,137,
22,11,11,
22,12,21,
22,13,0,
22,14,3,
22,15,10,
22,21,0,
22,21,66,
22,23,24,
22,24,12,
22,28,115,
22,29,168,
22,30,28,
22,35,0,
22,35,1,
22,37,8,
22,37,31,
22,46,38,
22,49,92,
22,50,0,
22,51,22,
22,57,133,
22,65,6,
22,73,0,
22,81,22,
22,82,121,
22,88,6,
22,92,188,
22,106,40,
22,107,95,
22,108,30,
22,114,0,
22,130,41,
22,135,0,
22,158,3,
22,173,0,
22,178,74,
23,0,3,
23,0,3,
23,0,22,
23,0,25,
23,0,57,
23,0,59,
23,0,106,
23,0,143,
23,2,0,
23,2,60,
23,3,6,
23,3,11,
23,4,19,
23,4,36,
23,5,19,
23,6,1,
23,9,0,
23,10,155,
23,15,0,
23,15,4,
23,15,10,
23,17,0,
23,17,58,
23,19,4,
23,20,8,
23,23,15,
23,23,106,
23,24,61,
23,27,23,
23,27,39,
23,29,25,
23,30,0,
23,31,0,
23,31,15,
23,32,2,
23,39,0,
23,39,2,
23,41,32,
23,48,3,
23,50,103,
23,54,12,
23,59,14,
23,65,3,
23,68,64,
23,69,1,
23,95,29,
23,103,190,
23,113,110,
23,165,163,
23,187,123,
23,193,0,
24,0,4,
24,0,11,
24,0,14,
24,0,69,
24,1,0,
24,1,0,
24,1,3,
24,1,3,
24,1,8,
24,1,10,
24,1,16,
24,2,2,
24,2,19,
24,2,71,
24,2,96,
24,3,7,
24,4,0,
24,4,1,
24,4,1,
24,4,4,
24,4,13,
24,5,141,
24,6,45,
24,6,131,
24,7,7,
24,8,1,
24,8,15,
24,8,22,
24,9,10,
24,11,17,
24,11,85,
24,12,24,
24,12,155,
24,13,0,
24,13,3,
24,13,14,
24,14,0,
24,17,1,
24,18,2,
24,18,13,
24,24,2,
24,24,108,
24,30,24,
24,31,66,
24,37,11,
24,42,1,
24,61,1,
24,68,0,
24,68,59,
24,71,3,
24,72,50,
24,74,5,
24,74,119,
24,76,45,
24,93,10,
24,94,23,
24,98,43,
24,100,42,
24,101,98,
24,133,11,
24,139,1,
24,150,8,
24,160,1,
24,187,21,
25,0,0,
25,0,1,
25,0,2,
25,0,3,
25,0,8,
25,0,14,
25,0,17,
25,0,48,
25,0,96,
25,0,122,
25,0,181,
25,1,0,
25,1,5,
25,1,82,
25,2,1,
25,2,3,
25,2,23,
25,2,176,
25,4,9,
25,5,15,
25,5,85,
25,6,84,
25,7,172,
25,8,2,
25,9,193,
25,11,0,
25,15,0,
25,15,2,
25,15,26,
25,17,0,
25,17,9,
25,17,171,
25,24,7,
25,24,81,
25,29,0,
25,32,4,
25,35,12,
25,36,167,
25,38,39,
25,39,48,
25,41,5,
25,47,8,
25,52,18,
25,55,85,
25,65,42,
25,68,5,
25,70,0,
25,87,12,
25,169,15,
26,0,1,
26,0,32,
26,0,96,
26,0,140,
26,1,1,
26,1,1,
26,1,173,
26,2,1,
26,2,3,
26,2,16,
26,3,24,
26,3,47,
26,5,3,
26,6,1,
26,6,8,
26,7,3,
26,7,78,
26,9,3,
26,10,1,
26,10,15,
26,11,0,
26,11,7,
26,15,58,
26,15,182,
26,21,2,
26,23,3,
26,25,174,
26,26,1,
26,26,4,
26,27,1,
26,30,14,
26,33,10,
26,35,6,
26,38,7,
26,39,98,
26,42,181,
26,44,27,
26,51,37,
26,52,0,
26,53,22,
26,55,127,
26,57,62,
26,58,5,
26,60,27,
26,65,70,
26,67,14,
26,67,47,
26,73,2,
26,89,17,
26,96,139,
26,130,19,
26,175,11,
27,0,0,
27,0,1,
27,0,17,
27,0,28,
27,0,45,
27,0,46,
27,0,46,
27,0,53,
27,0,79,
27,1,0,
27,1,0,
27,1,0,
27,1,13,
27,2,66,
27,2,132,
27,3,14,
27,3,70,
27,4,1,
27,4,4,
27,4,7,
27,5,11,
27,8,14,
27,8,35,
27,9,3,
27,15,82,
27,16,70,
27,20,1,
27,20,12,
27,23,7,
27,24,188,
27,38,136,
27,40,8,
27,47,0,
27,47,39,
27,50,1,
27,57,0,
27,59,4,
27,61,29,
27,78,58,
27,94,106,
27,103,21,
27,112,29,
27,149,8,
27,171,40,
28,0,1,
28,0,2,
28,0,2,
28,0,24,
28,0,29,
28,0,59,
28,1,0,
28,1,2,
28,1,5,
28,1,63,
28,2,1,
28,2,14,
28,2,22,
28,2,196,
28,3,23,
28,3,46,
28,3,111,
28,4,18,
28,4,82,
28,6,0,
28,7,0,
28,7,11,
28,8,1,
28,8,88,
28,9,1,
28,14,0,
28,15,70,
28,16,25,
28,17,7,
28,18,12,
28,18,25,
28,20,2,
28,21,0,
28,21,3,
28,22,9,
28,28,144,
28,29,20,
28,29,147,
28,32,5,
28,34,1,
28,35,37,
28,38,3,
28,40,10,
28,43,100,
28,47,99,
28,49,114,
28,55,0,
28,60,62,
28,72,160,
28,74,1,
28,74,29,
28,83,9,
28,95,19,
28,96,2,
28,99,25,
28,105,9,
28,140,43,
28,142,14,
28,158,153,
29,0,0,
29,0,0,
29,0,0,
29,0,0,
29,0,0,
29,0,3,
29,0,5,
29,0,5,
29,0,27,
29,0,35,
29,0,194,
29,1,0,
29,1,2,
29,1,3,
29,1,3,
29,1,66,
29,1,123,
29,2,2,
29,2,4,
29,2,60,
29,2,164,
29,5,2,
29,5,18,
29,5,20,
29,5,33,
29,5,155,
29,6,32,
29,7,3,
29,8,9,
29,10,5,
29,13,2,
29,13,34,
29,14,40,
29,17,1,
29,18,1,
29,18,11,
29,20,13,
29,21,0,
29,22,4,
29,37,7,
29,45,41,
29,49,3,
29,53,26,
29,57,3,
29,97,0,
29,113,2,
29,114,102,
29,165,17,
29,173,53,
29,183,75,
30,0,0,
30,0,2,
30,0,3,
30,0,4,
30,0,11,
30,0,19,
30,0,46,
30,0,51,
30,1,2,
30,2,118,
30,3,9,
30,3,20,
30,3,139,
30,4,40,
30,5,4,
30,6,1,
30,6,8,
30,7,155,
30,8,7,
30,10,1,
30,10,1,
30,10,80,
30,11,65,
30,12,154,
30,13,82,
30,17,0,
30,17,101,
30,22,3,
30,24,119,
30,25,0,
30,28,2,
30,29,14,
30,31,0,
30,31,7,
30,32,1,
30,34,0,
30,34,7,
30,34,12,
30,36,30,
30,38,100,
30,45,27,
30,47,0,
30,49,7,
30,50,1,
30,50,1,
30,52,119,
30,55,1,
30,84,3,
30,102,33,
30,103,1,
30,114,2,
30,116,105,
30,127,1,
30,134,5,
30,139,13,
30,190,16,
31,0,1,
31,0,29,
31,0,42,
31,0,151,
31,1,0,
31,1,14,
31,1,30,
31,1,55,
31,1,126,
31,2,8,
31,2,43,
31,2,100,
31,4,11,
31,4,35,
31,5,5,
31,5,15,
31,5,159,
31,6,1,
31,11,10,
31,13,49,
31,13,91,
31,16,2,
31,22,158,
31,27,1,
31,32,83,
31,33,0,
31,33,141,
31,36,147,
31,37,0,
31,37,34,
31,38,58,
31,41,39,
31,42,142,
31,53,0,
31,63,31,
31,63,46,
31,75,89,
31,83,8,
31,88,154,
31,120,98,
31,121,8,
31,142,7,
31,144,0,
31,164,1,
31,182,4,
32,0,0,
32,0,3,
32,0,7,
32,0,30,
32,0,57,
32,1,0,
32,1,1,
32,1,1,
32,1,22,
32,2,0,
32,2,45,
32,3,0,
32,3,2,
32,5,0,
32,6,22,
32,10,0,
32,10,2,
32,11,33,
32,13,156,
32,14,3,
32,16,28,
32,18,0,
32,18,22,
32,20,75,
32,24,150,
32,25,1,
32,31,24,
32,35,39,
32,46,167,
32,51,50,
32,63,12,
32,75,133,
32,81,12,
32,84,10,
32,86,2,
32,108,117,
32,120,106,
32,125,94,
32,129,0,
32,137,0,
32,145,1,
32,183,18,
32,185,14,
33,0,1,
33,0,8,
33,0,11,
33,0,13,
33,0,20,
33,0,72,
33,0,91,
33,1,3,
33,1,30,
33,1,36,
33,1,133,
33,2,2,
33,2,2,
33,2,7,
33,2,13,
33,2,28,
33,2,68,
33,2,178,
33,4,0,
33,5,64,
33,6,3,
33,6,42,
33,6,100,
33,8,1,
33,9,45,
33,13,18,
33,15,10,
33,29,14,
33,31,68,
33,38,27,
33,48,5,
33,62,2,
33,64,1,
33,64,47,
33,67,0,
33,69,15,
33,73,40,
33,80,15,
33,88,4,
33,104,10,
33,107,1,
33,157,55,
34,0,1,
34,0,4,
34,0,10,
34,0,12,
34,0,21,
34,0,54,
34,0,128,
34,0,163,
34,1,1,
34,2,49,
34,2,112,
34,3,11,
34,3,22,
34,5,0,
34,5,1,
34,5,5,
34,7,5,
34,7,68,
34,14,0,
34,15,33,
34,20,52,
34,21,27,
34,29,26,
34,31,5,
34,33,51,
34,41,2,
34,43,0,
34,43,89,
34,57,34,
34,60,86,
34,61,28,
34,63,1,
34,70,66,
34,74,1,
34,96,149,
34,103,76,
34,107,23,
34,115,61,
34,119,3,
34,148,7,
34,162,74,
34,171,2,
34,197,19,
35,0,0,
35,0,10,
35,0,14,
35,0,35,
35,0,80,
35,0,179,
35,1,1,
35,1,15,
35,1,37,
35,1,64,
35,1,184,
35,2,18,
35,3,78,
35,5,0,
35,5,3,
35,5,85,
35,6,8,
35,6,22,
35,6,34,
35,8,57,
35,11,0,
35,11,38,
35,14,166,
35,15,153,
35,15,182,
35,20,8,
35,29,6,
35,34,37,
35,34,56,
35,35,4,
35,42,67,
35,43,13,
35,45,73,
35,52,72,
35,74,37,
35,76,3,
35,103,102,
35,106,2,
35,112,1,
35,125,0,
35,127,3,
36,0,2,
36,0,3,
36,0,17,
36,0,18,
36,0,161,
36,1,12,
36,1,146,
36,2,32,
36,2,78,
36,3,42,
36,3,113,
36,4,1,
36,4,7,
36,4,10,
36,4,54,
36,5,0,
36,5,26,
36,5,34,
36,6,5,
36,7,1,
36,9,3,
36,11,78,
36,13,0,
36,16,13,
36,16,70,
36,17,7,
36,23,3,
36,29,5,
36,33,17,
36,35,0,
36,38,1,
36,45,3,
36,51,10,
36,53,2,
36,54,18,
36,69,4,
36,76,0,
36,93,2,
36,180,12,
37,0,0,
37,0,0,
37,0,6,
37,0,11,
37,0,55,
37,0,68,
37,1,1,
37,1,3,
37,1,16,
37,1,88,
37,3,1,
37,3,5,
37,3,18,
37,3,19,
37,3,27,
37,4,2,
37,4,21,
37,5,44,
37,10,1,
37,12,0,
37,13,8,
37,29,148,
37,34,3,
37,40,110,
37,45,14,
37,46,54,
37,49,3,
37,57,7,
37,90,0,
37,91,0,
37,94,184,
37,102,3,
37,133,0,
37,182,9,
37,190,34,
38,0,4,
38,0,38,
38,0,46,
38,0,59,
38,3,2,
38,4,1,
38,4,3,
38,4,6,
38,4,34,
38,4,85,
38,5,194,
38,6,4,
38,6,16,
38,6,114,
38,7,19,
38,8,10,
38,9,6,
38,11,182,
38,14,4,
38,15,19,
38,21,5,
38,21,52,
38,22,29,
38,26,0,
38,27,15,
38,33,30,
38,35,28,
38,36,159,
38,48,0,
38,50,0,
38,73,1,
38,86,0,
38,125,40,
38,133,2,
38,134,1,
38,167,0,
39,0,0,
39,0,0,
39,0,1,
39,0,2,
39,0,3,
39,0,5,
39,0,8,
39,0,24,
39,0,75,
39,0,100,
39,0,114,
39,1,2,
39,1,14,
39,1,28,
39,1,155,
39,2,0,
39,2,0,
39,3,1,
39,3,17,
39,3,85,
39,3,169,
39,5,4,
39,5,137,
39,13,52,
39,15,60,
39,16,4,
39,17,8,
39,20,8,
39,20,65,
39,23,10,
39,32,25,
39,37,29,
39,52,0,
39,62,145,
39,70,1,
39,73,0,
39,77,0,
39,139,35,
39,171,0,
40,0,3,
40,0,4,
40,0,6,
40,0,88,
40,1,0,
40,1,3,
40,1,11,
40,1,14,
40,1,23,
40,1,29,
40,1,29,
40,2,5,
40,2,98,
40,4,38,
40,5,2,
40,7,6,
40,10,49,
40,12,11,
40,12,22,
40,21,5,
40,22,49,
40,27,176,
40,33,144,
40,35,8,
40,38,20,
40,45,5,
40,47,18,
40,61,0,
40,68,1,
40,88,21,
40,123,0,
40,128,93,
40,155,5,
40,181,31,
41,0,8,
41,0,33,
41,0,89,
41,0,150,
41,1,0,
41,1,3,
41,1,5,
41,1,13,
41,1,54,
41,3,0,
41,3,2,
41,3,104,
41,4,11,
41,6,166,
41,7,1,
41,9,1,
41,9,73,
41,13,149,
41,17,79,
41,25,10,
41,30,0,
41,33,7,
41,38,42,
41,39,3,
41,39,189,
41,74,0,
41,93,2,
41,127,43,
41,191,0,
42,0,14,
42,0,108,
42,1,0,
42,1,3,
42,1,6,
42,1,33,
42,2,2,
42,5,30,
42,5,38,
42,5,114,
42,6,45,
42,7,2,
42,8,0,
42,8,147,
42,9,3,
42,10,141,
42,13,8,
42,16,3,
42,16,176,
42,18,2,
42,19,9,
42,21,54,
42,22,36,
42,27,76,
42,32,0,
42,35,4,
42,51,10,
42,64,102,
42,67,1,
42,73,3,
42,79,1,
42,79,1,
42,79,32,
42,97,6,
42,152,80,
42,154,0,
42,161,14,
42,162,1,
43,0,3,
43,0,7,
43,1,7,
43,1,12,
43,1,47,
43,1,63,
43,4,153,
43,5,79,
43,6,27,
43,7,2,
43,7,14,
43,7,69,
43,8,13,
43,8,33,
43,10,178,
43,14,8,
43,19,113,
43,20,56,
43,24,71,
43,26,102,
43,30,190,
43,32,0,
43,33,2,
43,36,0,
43,44,14,
43,55,120,
43,58,0,
43,79,0,
43,81,131,
43,82,7,
43,91,7,
43,127,78,
43,135,11,
43,144,4,
43,151,3,
43,194,55,
44,0,2,
44,0,92,
44,0,190,
44,1,9,
44,1,21,
44,4,33,
44,4,46,
44,5,21,
44,6,8,
44,6,12,
44,8,84,
44,10,2,
44,10,10,
44,10,16,
44,11,0,
44,12,40,
44,13,0,
44,14,12,
44,15,0,
44,15,0,
44,16,4,
44,19,46,
44,21,0,
44,21,46,
44,21,99,
44,23,3,
44,32,1,
44,37,16,
44,44,5,
44,45,2,
44,66,15,
44,74,2,
44,98,30,
44,115,4,
44,167,1,
45,0,1,
45,0,7,
45,1,4,
45,1,7,
45,2,13,
45,5,0,
45,5,90,
45,6,5,
45,8,6,
45,8,14,
45,8,37,
45,12,18,
45,13,0,
45,15,3,
45,18,3,
45,19,42,
45,20,49,
45,23,157,
45,24,0,
45,61,100,
45,95,2,
45,118,55,
45,153,48,
46,0,13,
46,0,23,
46,0,49,
46,0,52,
46,0,93,
46,0,146,
46,1,0,
46,1,61,
46,2,1,
46,2,4,
46,2,160,
46,3,8,
46,4,47,
46,5,19,
46,5,42,
46,6,40,
46,6,73,
46,7,37,
46,7,71,
46,14,162,
46,15,98,
46,19,146,
46,33,1,
46,33,2,
46,37,0,
46,43,1,
46,69,0,
46,87,0,
46,103,49,
46,144,0,
46,159,188,
47,0,48,
47,0,50,
47,1,1,
47,1,2,
47,1,9,
47,2,0,
47,2,13,
47,2,14,
47,2,149,
47,4,0,
47,4,173,
47,4,193,
47,6,185,
47,9,155,
47,12,2,
47,12,2,
47,12,8,
47,16,147,
47,16,190,
47,17,0,
47,17,87,
47,25,51,
47,29,0,
47,36,24,
47,61,23,
47,86,1,
47,106,10,
47,123,1,
47,132,63,
47,146,1,
47,188,19,
48,0,0,
48,0,0,
48,0,0,
48,0,2,
48,1,3,
48,1,4,
48,1,7,
48,1,18,
48,2,5,
48,2,188,
48,3,0,
48,4,40,
48,5,8,
48,5,29,
48,8,9,
48,11,12,
48,15,65,
48,17,0,
48,17,107,
48,22,24,
48,36,1,
48,55,112,
48,58,49,
48,61,15,
48,63,6,
48,64,0,
48,71,0,
48,85,136,
48,120,4,
48,123,35,
48,144,92,
48,154,13,
48,170,17,
49,0,4,
49,0,11,
49,0,18,
49,0,44,
49,0,73,
49,1,3,
49,1,15,
49,2,5,
49,2,15,
49,2,116,
49,2,123,
49,3,0,
49,3,38,
49,3,104,
49,4,28,
49,5,138,
49,6,10,
49,6,51,
49,7,34,
49,8,14,
49,9,2,
49,9,18,
49,10,30,
49,12,47,
49,13,2,
49,14,30,
49,17,1,
49,19,39,
49,20,5,
49,25,0,
49,31,153,
49,58,124,
49,59,72,
49,66,103,
49,142,27,
49,159,139,
49,188,1,
50,0,0,
50,1,0,
50,1,1,
50,2,34,
50,3,0,
50,3,4,
50,3,147,
50,4,10,
50,5,3,
50,8,1,
50,8,3,
50,9,14,
50,10,10,
50,21,6,
50,24,23,
50,25,93,
50,26,7,
50,27,8,
50,27,16,
50,50,0,
50,55,53,
50,72,34,
50,75,17,
50,78,3,
50,118,10,
50,119,4,
50,125,1,
50,173,136,
51,0,2,
51,0,6,
51,0,35,
51,0,55,
51,0,60,
51,0,103,
51,1,34,
51,2,42,
51,3,3,
51,4,11,
51,6,8,
51,7,9,
51,7,85,
51,8,42,
51,11,94,
51,13,13,
51,15,0,
51,17,0,
51,22,0,
51,26,5,
51,26,153,
51,30,2,
51,33,18,
51,42,2,
51,43,9,
51,47,182,
51,53,0,
51,65,7,
51,71,193,
51,107,0,
51,127,30,
51,142,0,
51,195,0,
52,0,0,
52,0,7,
52,1,0,
52,3,57,
52,3,102,
52,4,0,
52,4,8,
52,4,29,
52,5,109,
52,10,64,
52,12,11,
52,12,17,
52,13,5,
52,17,26,
52,18,102,
52,19,28,
52,22,54,
52,23,79,
52,26,57,
52,27,46,
52,34,17,
52,36,11,
52,43,0,
52,48,153,
52,65,16,
52,74,30,
52,88,0,
52,95,0,
52,96,5,
52,101,1,
52,126,0,
52,145,3,
52,195,10,
52,196,19,
53,0,0,
53,0,10,
53,0,155,
53,2,2,
53,2,29,
53,2,30,
53,2,33,
53,2,150,
53,3,8,
53,3,26,
53,4,3,
53,4,7,
53,4,25,
53,5,16,
53,6,17,
53,9,1,
53,9,5,
53,10,0,
53,15,16,
53,15,73,
53,17,3,
53,24,73,
53,28,23,
53,38,8,
53,48,1,
53,52,1,
53,55,62,
53,76,24,
53,92,29,
53,99,88,
53,102,120,
53,106,7,
53,124,0,
53,166,74,
53,168,46,
53,184,41,
54,0,22,
54,0,25,
54,0,96,
54,1,3,
54,1,50,
54,1,65,
54,2,0,
54,2,10,
54,3,11,
54,5,33,
54,5,63,
54,9,8,
54,12,9,
54,17,9,
54,19,65,
54,28,36,
54,35,122,
54,45,0,
54,46,0,
54,51,115,
54,62,1,
54,69,2,
54,85,129,
54,116,0,
54,118,146,
54,126,2,
54,160,5,
54,166,7,
55,0,0,
55,0,4,
55,1,0,
55,1,25,
55,2,1,
55,2,42,
55,2,119,
55,3,7,
55,3,10,
55,3,17,
55,9,5,
55,10,40,
55,13,4,
55,15,58,
55,16,4,
55,18,3,
55,18,4,
55,19,185,
55,26,8,
55,73,0,
55,82,79,
55,88,51,
55,133,166,
55,148,3,
55,157,33,
56,0,4,
56,0,8,
56,0,15,
56,0,61,
56,1,146,
56,3,26,
56,4,5,
56,4,65,
56,17,0,
56,20,9,
56,22,0,
56,26,1,
56,56,1,
56,73,196,
56,85,5,
56,92,31,
56,114,6,
56,120,0,
56,154,15,
56,165,95,
57,0,1,
57,0,3,
57,0,7,
57,0,11,
57,0,28,
57,0,32,
57,0,66,
57,1,3,
57,2,0,
57,2,0,
57,2,20,
57,2,28,
57,3,3,
57,4,5,
57,7,20,
57,9,1,
57,9,3,
57,12,153,
57,13,1,
57,21,6,
57,23,0,
57,29,101,
57,36,2,
57,87,149,
57,138,46,
57,164,6,
58,0,0,
58,0,0,
58,0,0,
58,0,28,
58,0,92,
58,1,18,
58,1,23,
58,2,2,
58,2,6,
58,2,73,
58,3,24,
58,4,8,
58,6,34,
58,8,0,
58,10,103,
58,12,3,
58,15,45,
58,18,9,
58,20,4,
58,28,3,
58,59,0,
58,63,158,
58,89,0,
58,126,14,
58,134,22,
58,159,1,
59,0,3,
59,2,31,
59,3,1,
59,3,6,
59,3,20,
59,4,25,
59,5,9,
59,5,110,
59,6,8,
59,35,23,
59,39,5,
59,54,37,
59,76,139,
59,79,86,
59,80,1,
59,132,81,
59,167,12,
59,172,4,
60,0,159,
60,1,179,
60,2,0,
60,3,1,
60,3,104,
60,4,1,
60,5,5,
60,5,42,
60,6,0,
60,8,2,
60,9,0,
60,16,183,
60,17,0,
60,18,2,
60,20,138,
60,46,3,
60,52,92,
60,59,0,
60,94,8,
60,179,1,
60,184,45,
61,0,4,
61,0,41,
61,0,130,
61,0,155,
61,1,1,
61,1,2,
61,1,6,
61,1,79,
61,1,180,
61,4,15,
61,5,3,
61,5,6,
61,8,2,
61,9,166,
61,11,0,
61,12,93,
61,19,146,
61,31,0,
61,31,5,
61,34,106,
61,36,198,
61,47,20,
61,51,0,
61,108,1,
61,113,1,
61,114,0,
61,142,190,
61,166,18,
62,0,3,
62,1,0,
62,1,1,
62,1,1,
62,1,6,
62,1,53,
62,2,54,
62,2,82,
62,2,85,
62,2,161,
62,3,2,
62,3,5,
62,11,5,
62,11,59,
62,18,167,
62,36,69,
62,42,6,
62,48,180,
62,62,83,
62,63,12,
62,73,0,
62,75,3,
62,81,3,
62,106,0,
63,0,2,
63,0,3,
63,0,5,
63,0,177,
63,1,0,
63,1,4,
63,2,1,
63,2,17,
63,3,148,
63,4,66,
63,5,85,
63,6,15,
63,12,21,
63,51,18,
63,62,6,
63,122,0,
63,132,0,
63,139,0,
63,141,4,
63,154,34,
64,1,9,
64,1,13,
64,1,23,
64,1,48,
64,2,9,
64,2,31,
64,2,118,
64,2,153,
64,3,21,
64,3,62,
64,3,115,
64,4,3,
64,5,6,
64,7,0,
64,7,20,
64,9,2,
64,9,30,
64,10,20,
64,12,7,
64,23,9,
64,26,6,
64,34,5,
64,82,93,
64,111,17,
64,118,151,
64,126,36,
64,126,85,
64,144,24,
64,157,7,
64,173,30,
64,190,1,
65,0,3,
65,0,7,
65,0,15,
65,1,4,
65,2,1,
65,2,2,
65,2,15,
65,2,63,
65,3,15,
65,3,144,
65,4,0,
65,4,0,
65,7,1,
65,7,175,
65,9,83,
65,11,95,
65,12,148,
65,21,16,
65,28,8,
65,29,0,
65,43,1,
65,57,33,
65,66,51,
65,68,5,
65,113,12,
65,138,25,
65,182,8,
66,0,1,
66,0,6,
66,1,29,
66,1,131,
66,2,18,
66,4,13,
66,22,41,
66,28,57,
66,50,127,
66,89,1,
66,102,12,
66,108,101,
66,130,22,
66,135,88,
66,154,10,
66,197,29,
67,0,2,
67,0,24,
67,0,197,
67,1,1,
67,1,19,
67,1,106,
67,2,2,
67,2,42,
67,2,95,
67,7,13,
67,21,5,
67,22,0,
67,29,0,
67,32,17,
67,49,37,
67,59,28,
67,64,1,
67,83,1,
67,98,158,
67,168,20,
68,0,0,
68,0,174,
68,2,2,
68,2,21,
68,3,12,
68,3,12,
68,4,7,
68,6,15,
68,6,177,
68,8,16,
68,8,118,
68,15,26,
68,23,115,
68,24,6,
68,25,0,
68,28,18,
68,66,70,
68,122,2,
68,137,3,
68,142,9,
69,0,1,
69,1,0,
69,1,6,
69,1,101,
69,1,137,
69,2,12,
69,3,127,
69,4,6,
69,7,57,
69,12,11,
69,19,77,
69,22,14,
69,34,2,
69,49,9,
69,51,119,
69,57,82,
69,59,168,
69,87,40,
69,96,12,
69,190,185,
69,199,0,
70,0,31,
70,1,2,
70,1,40,
70,1,105,
70,2,157,
70,3,13,
70,4,3,
70,5,0,
70,6,13,
70,6,118,
70,7,6,
70,7,12,
70,13,12,
70,14,21,
70,14,165,
70,28,5,
70,32,5,
70,36,3,
70,54,0,
70,55,54,
70,91,78,
70,92,55,
70,117,14,
70,159,156,
71,0,0,
71,1,89,
71,2,0,
71,2,37,
71,5,1,
71,6,0,
71,7,142,
71,14,1,
71,14,40,
71,17,136,
71,24,0,
71,38,3,
71,46,2,
71,57,66,
71,59,35,
71,62,15,
71,135,5,
71,151,112,
72,0,151,
72,1,0,
72,1,32,
72,3,128,
72,5,87,
72,6,181,
72,7,17,
72,12,66,
72,17,3,
72,19,5,
72,22,1,
72,30,1,
72,40,1,
72,60,32,
72,73,7,
72,77,2,
72,103,3,
73,0,4,
73,0,7,
73,1,95,
73,2,2,
73,6,42,
73,13,24,
73,15,149,
73,16,54,
73,26,0,
73,32,9,
73,41,50,
73,44,145,
73,99,1,
73,147,0,
73,147,89,
73,155,78,
74,0,1,
74,0,5,
74,1,7,
74,1,155,
74,2,0,
74,3,17,
74,7,57,
74,11,1,
74,11,4,
74,11,90,
74,24,27,
74,28,147,
74,41,13,
74,59,12,
74,59,68,
74,81,100,
75,0,0,
75,0,6,
75,1,12,
75,2,0,
75,3,148,
75,5,2,
75,6,5,
75,7,1,
75,8,0,
75,8,61,
75,14,0,
75,21,1,
75,25,65,
75,26,9,
75,28,28,
75,30,0,
75,63,10,
75,70,61,
75,73,114,
75,120,72,
75,131,56,
75,137,20,
75,140,38,
75,161,53,
75,167,8,
76,0,0,
76,1,0,
76,1,0,
76,1,0,
76,1,0,
76,1,3,
76,1,4,
76,1,7,
76,1,23,
76,3,2,
76,3,9,
76,5,3,
76,5,66,
76,6,2,
76,7,120,
76,8,0,
76,8,31,
76,12,21,
76,17,25,
76,26,10,
76,36,7,
76,41,0,
76,44,61,
76,55,0,
76,56,195,
76,63,27,
76,82,99,
76,94,32,
76,111,19,
76,124,0,
76,153,30,
77,0,23,
77,2,124,
77,5,152,
77,8,6,
77,18,1,
77,18,15,
77,20,83,
77,21,7,
77,22,2,
77,31,12,
77,40,8,
77,60,113,
77,66,1,
77,136,154,
78,0,26,
78,1,15,
78,1,17,
78,1,22,
78,2,0,
78,2,2,
78,2,42,
78,2,74,
78,4,1,
78,6,2,
78,6,7,
78,10,112,
78,12,26,
78,19,134,
78,24,7,
78,29,2,
78,30,0,
78,38,86,
78,50,175,
78,61,24,
78,86,1,
78,88,8,
78,139,46,
79,0,0,
79,0,3,
79,0,39,
79,1,26,
79,2,12,
79,2,13,
79,3,3,
79,8,91,
79,12,11,
79,12,180,
79,18,15,
79,25,178,
79,27,24,
79,31,6,
79,40,108,
79,70,189,
79,71,0,
79,78,24,
79,147,110,
79,154,4,
80,0,0,
80,0,11,
80,0,13,
80,0,28,
80,0,45,
80,0,83,
80,0,84,
80,1,10,
80,4,16,
80,5,80,
80,8,45,
80,9,109,
80,10,62,
80,10,169,
80,11,2,
80,11,16,
80,18,1,
80,18,46,
80,21,184,
80,24,4,
80,37,0,
80,38,137,
80,76,173,
80,107,19,
81,0,37,
81,1,0,
81,1,6,
81,3,4,
81,4,73,
81,6,49,
81,10,61,
81,13,91,
81,23,17,
81,31,99,
81,64,3,
81,65,31,
81,132,109,
81,162,1,
81,165,1,
82,0,1,
82,0,5,
82,1,22,
82,2,36,
82,3,45,
82,16,1,
82,18,5,
82,49,7,
82,73,2,
82,82,27,
82,92,27,
82,100,6,
83,0,19,
83,0,22,
83,0,67,
83,1,5,
83,1,27,
83,1,122,
83,2,0,
83,5,10,
83,14,4,
83,15,143,
83,22,50,
83,23,170,
83,25,5,
83,31,160,
83,32,86,
83,34,21,
83,36,3,
83,46,5,
83,50,29,
83,61,143,
83,66,1,
83,73,0,
83,78,5,
83,144,161,
83,167,86,
83,181,2,
84,0,0,
84,0,17,
84,0,62,
84,0,121,
84,1,17,
84,26,1,
84,30,2,
84,30,177,
84,35,11,
84,47,62,
84,56,4,
84,128,179,
84,191,6,
85,0,1,
85,0,51,
85,1,4,
85,1,146,
85,2,141,
85,6,71,
85,10,16,
85,13,34,
85,14,15,
85,24,146,
85,38,2,
85,166,5,
85,176,1,
86,1,2,
86,1,20,
86,1,22,
86,3,0,
86,3,63,
86,5,60,
86,5,124,
86,7,98,
86,9,112,
86,10,42,
86,13,20,
86,15,1,
86,16,15,
86,18,6,
86,36,0,
86,46,53,
86,72,12,
86,75,0,
86,83,76,
86,114,91,
86,129,2,
86,171,120,
87,0,0,
87,0,1,
87,0,45,
87,0,162,
87,1,172,
87,5,61,
87,6,0,
87,7,94,
87,10,3,
87,14,84,
87,15,1,
87,18,0,
87,22,6,
87,25,43,
87,28,32,
87,30,157,
87,32,11,
87,42,12,
87,52,2,
87,55,8,
87,59,0,
87,99,3,
87,121,103,
87,140,0,
87,168,126,
88,0,0,
88,1,47,
88,3,11,
88,3,142,
88,3,144,
88,7,76,
88,9,0,
88,12,0,
88,19,121,
88,58,4,
88,62,101,
88,152,0,
89,0,56,
89,3,2,
89,4,5,
89,8,11,
89,19,0,
89,22,7,
89,23,2,
89,25,43,
89,28,3,
89,59,0,
89,84,6,
89,87,0,
90,0,0,
90,0,5,
90,0,6,
90,0,110,
90,3,17,
90,6,3,
90,6,33,
90,11,38,
90,19,99,
90,20,1,
90,26,10,
90,27,10,
90,28,163,
90,38,7,
90,92,45,
90,101,17,
90,103,92,
90,142,0,
90,143,91,
90,160,0,
91,2,0,
91,2,103,
91,3,1,
91,4,0,
91,8,4,
91,14,45,
91,15,23,
91,20,0,
91,20,33,
91,43,70,
91,49,51,
91,86,7,
91,97,3,
91,115,45,
91,144,9,
91,165,197,
91,173,4,
91,179,9,
92,0,101,
92,0,165,
92,1,0,
92,1,6,
92,1,24,
92,2,101,
92,3,3,
92,5,77,
92,5,89,
92,28,0,
92,32,3,
92,39,0,
92,53,56,
92,103,1,
92,105,2,
92,145,12,
93,0,1,
93,0,21,
93,0,46,
93,1,25,
93,1,72,
93,2,130,
93,9,11,
93,14,76,
93,42,5,
93,45,128,
93,109,10,
94,0,0,
94,0,7,
94,1,0,
94,2,2,
94,6,6,
94,10,3,
94,15,38,
94,15,123,
94,16,33,
94,20,13,
94,22,60,
94,23,0,
94,50,12,
94,63,3,
94,64,2,
94,98,100,
94,123,1,
94,126,0,
94,126,154,
95,0,1,
95,0,5,
95,0,167,
95,1,3,
95,1,3,
95,1,11,
95,2,143,
95,6,62,
95,11,138,
95,13,2,
95,14,190,
95,19,91,
95,34,2,
95,46,0,
95,121,71,
96,0,197,
96,3,0,
96,4,0,
96,5,170,
96,17,2,
96,35,5,
96,36,78,
96,39,45,
96,41,11,
96,88,26,
97,1,29,
97,1,61,
97,1,68,
97,3,67,
97,4,38,
97,6,75,
97,7,1,
97,8,126,
97,10,4,
97,12,5,
97,35,0,
97,38,77,
97,47,43,
97,62,10,
97,81,186,
97,84,0,
97,86,8,
98,0,11,
98,0,69,
98,1,19,
98,1,20,
98,2,115,
98,4,97,
98,7,34,
98,10,1,
98,11,0,
98,41,161,
98,64,0,
98,92,175,
98,105,8,
98,120,20,
99,0,62,
99,0,108,
99,0,125,
99,1,7,
99,2,163,
99,3,1,
99,3,13,
99,10,151,
99,12,17,
99,18,4,
99,18,66,
99,33,109,
99,45,2,
99,76,2,
99,78,0,
99,183,14,
100,2,22,
100,7,2,
100,7,55,
100,13,1,
100,21,1,
100,24,1,
100,24,52,
100,26,46,
100,26,50,
100,30,49,
100,34,4,
100,48,7,
100,61,7,
100,66,28,
100,82,26,
100,85,29,
100,125,1,
100,154,2,
101,0,5,
101,1,2,
101,2,27,
101,3,31,
101,4,20,
101,22,29,
101,27,10,
101,35,97,
101,52,113,
101,81,14,
101,88,50,
102,0,74,
102,3,41,
102,3,59,
102,5,61,
102,6,183,
102,8,124,
102,11,68,
102,12,143,
102,13,1,
102,14,187,
102,25,4,
102,27,0,
102,33,13,
102,63,4,
102,113,1,
102,148,23,
103,2,0,
103,3,0,
103,4,6,
103,12,156,
103,14,34,
103,24,2,
103,25,29,
103,34,6,
103,57,67,
103,97,0,
103,102,11,
103,123,159,
104,0,75,
104,0,105,
104,1,3,
104,1,9,
104,1,34,
104,1,169,
104,5,85,
104,5,160,
104,13,0,
104,14,43,
104,32,0,
104,40,62,
104,156,120,
105,3,31,
105,5,0,
105,6,6,
105,9,7,
105,9,9,
105,15,27,
105,20,2,
105,24,14,
105,57,70,
105,79,61,
105,93,53,
105,112,0,
105,147,11,
105,177,4,
106,0,0,
106,0,0,
106,0,3,
106,0,4,
106,0,45,
106,1,66,
106,4,0,
106,4,29,
106,6,4,
106,9,72,
106,15,63,
106,22,19,
106,35,103,
106,49,24,
106,131,20,
106,149,1,
106,198,92,
107,0,20,
107,0,22,
107,0,143,
107,1,0,
107,2,2,
107,4,96,
107,14,0,
107,15,147,
107,24,11,
107,28,8,
107,31,33,
107,50,45,
107,70,11,
107,75,4,
107,107,81,
107,125,0,
107,133,10,
107,143,1,
107,151,0,
107,179,65,
108,0,3,
108,0,11,
108,1,0,
108,1,11,
108,1,26,
108,2,0,
108,2,34,
108,2,82,
108,4,113,
108,5,4,
108,8,3,
108,15,0,
108,20,1,
108,28,118,
108,30,145,
108,34,23,
108,35,128,
108,84,37,
108,85,63,
108,89,20,
108,172,58,
108,197,4,
109,0,42,
109,3,18,
109,15,5,
109,19,19,
109,57,174,
109,59,116,
109,174,90,
110,0,30,
110,1,22,
110,1,25,
110,1,34,
110,4,2,
110,5,11,
110,15,9,
110,17,10,
110,17,164,
110,26,123,
110,37,25,
110,45,12,
110,49,5,
110,51,22,
110,58,132,
110,97,37,
110,99,141,
110,110,1,
110,116,35,
110,118,35,
110,187,1,
111,0,19,
111,0,78,
111,0,179,
111,2,9,
111,7,149,
111,9,170,
111,22,3,
111,79,38,
111,83,173,
111,85,0,
111,86,0,
112,0,0,
112,0,2,
112,0,4,
112,0,90,
112,2,1,
112,6,5,
112,24,3,
112,34,22,
112,40,14,
112,126,66,
113,1,184,
113,4,174,
113,5,14,
113,14,51,
113,15,0,
113,16,0,
113,47,27,
113,52,13,
113,80,5,
113,121,19,
114,0,7,
114,0,173,
114,1,3,
114,1,7,
114,2,90,
114,3,0,
114,10,117,
114,11,7,
114,19,109,
114,38,1,
114,47,3,
114,49,49,
114,56,0,
114,56,7,
114,59,0,
114,61,82,
114,169,15,
115,0,10,
115,1,0,
115,1,4,
115,5,15,
115,7,1,
115,8,42,
115,25,125,
115,33,12,
115,42,1,
115,43,0,
115,85,4,
115,137,6,
115,196,0,
116,0,10,
116,0,17,
116,2,11,
116,2,88,
116,4,3,
116,4,16,
116,6,1,
116,6,38,
116,8,68,
116,9,191,
116,17,42,
116,20,7,
116,26,4,
116,28,68,
116,32,56,
116,67,70,
117,0,0,
117,0,4,
117,0,4,
117,0,22,
117,2,2,
117,3,5,
117,3,173,
117,5,18,
117,5,35,
117,23,0,
117,51,1,
117,53,50,
117,95,6,
117,136,8,
118,0,1,
118,0,30,
118,1,2,
118,1,35,
118,2,4,
118,2,8,
118,4,37,
118,6,130,
118,6,162,
118,7,27,
118,10,1,
118,14,2,
118,17,9,
118,19,110,
118,27,103,
118,75,2,
118,150,116,
119,0,1,
119,1,101,
119,28,22,
119,106,23,
119,129,8,
119,130,1,
119,140,112,
119,149,4,
119,182,25,
120,0,8,
120,0,33,
120,0,146,
120,1,32,
120,1,116,
120,11,6,
120,17,7,
120,18,5,
120,30,74,
120,87,14,
121,0,27,
121,1,22,
121,1,40,
121,3,7,
121,3,13,
121,4,1,
121,11,1,
121,11,3,
121,11,58,
121,23,149,
121,29,2,
121,29,8,
121,32,5,
121,71,2,
121,83,0,
121,102,9,
122,1,8,
122,2,6,
122,4,4,
122,5,129,
122,6,138,
122,7,2,
122,12,39,
122,19,0,
122,19,7,
122,22,14,
122,27,163,
122,42,1,
122,46,19,
122,50,54,
122,125,2,
122,167,13,
123,4,168,
123,5,1,
123,6,9,
123,7,0,
123,19,22,
123,23,1,
123,115,9,
123,148,5,
124,0,21,
124,0,26,
124,1,8,
124,3,191,
124,4,163,
124,6,56,
124,9,139,
124,13,3,
124,45,25,
124,148,90,
124,182,131,
125,0,2,
125,0,4,
125,0,17,
125,3,6,
125,3,7,
125,4,12,
125,6,175,
125,11,1,
125,68,20,
125,98,89,
125,101,0,
125,135,1,
126,0,0,
126,0,1,
126,0,13,
126,1,5,
126,1,48,
126,3,63,
126,10,35,
126,12,20,
126,14,6,
126,17,59,
126,30,18,
126,78,0,
126,98,45,
126,109,9,
126,185,5,
127,0,2,
127,1,3,
127,3,71,
127,8,5,
127,21,22,
127,34,3,
127,63,49,
127,93,80,
127,128,18,
128,0,0,
128,3,1,
128,13,152,
128,18,0,
128,19,1,
128,21,6,
128,126,0,
128,161,0,
129,0,51,
129,0,91,
129,0,124,
129,1,0,
129,1,1,
129,1,97,
129,6,2,
129,6,8,
129,6,58,
129,8,1,
129,11,22,
129,26,144,
129,50,5,
129,52,5,
129,58,170,
129,149,184,
129,160,168,
129,161,4,
130,3,32,
130,5,53,
130,7,9,
130,10,67,
130,19,2,
130,79,93,
130,194,17,
131,1,5,
131,1,104,
131,5,35,
131,12,0,
131,50,79,
131,66,3,
131,130,48,
132,0,81,
132,5,0,
132,5,3,
132,10,1,
132,17,9,
132,18,0,
132,26,2,
132,42,113,
132,65,8,
132,121,94,
133,0,30,
133,0,155,
133,1,2,
133,4,35,
133,7,186,
133,32,31,
133,34,15,
133,38,98,
133,39,167,
133,47,6,
133,52,57,
133,58,85,
133,60,165,
133,76,109,
133,89,6,
133,194,7,
134,0,2,
134,1,127,
134,5,1,
134,9,4,
134,11,36,
134,14,9,
134,21,157,
134,26,33,
134,46,5,
134,71,8,
134,78,8,
134,84,2,
134,114,32,
134,159,153,
134,188,18,
135,0,32,
135,3,188,
135,4,25,
135,5,85,
135,17,168,
135,18,159,
135,20,12,
135,52,192,
135,54,174,
136,0,0,
136,0,0,
136,1,23,
136,1,147,
136,4,5,
136,10,42,
136,18,25,
136,22,152,
136,24,25,
136,40,78,
136,120,121,
136,182,8,
137,1,1,
137,3,34,
137,3,161,
137,18,2,
137,45,0,
137,48,0,
137,66,1,
137,161,4,
137,163,1,
138,0,31,
138,3,50,
138,8,2,
138,14,6,
138,62,170,
138,112,1,
138,121,138,
139,0,4,
139,0,28,
139,1,11,
139,1,21,
139,1,37,
139,3,13,
139,3,180,
139,4,176,
139,10,53,
139,65,123,
139,135,52,
140,0,20,
140,1,0,
140,2,46,
140,3,10,
140,15,0,
140,19,10,
140,20,37,
140,23,2,
140,27,0,
140,43,93,
140,168,0,
141,3,2,
141,4,2,
141,4,7,
141,14,49,
141,30,9,
141,37,73,
141,52,122,
141,62,32,
141,92,86,
141,108,0,
141,148,0,
141,185,5,
141,194,189,
142,0,4,
142,0,167,
142,1,42,
142,3,0,
142,5,11,
142,8,24,
142,15,13,
142,16,0,
142,17,30,
142,24,38,
142,30,4,
142,43,4,
142,44,196,
142,49,153,
142,85,22,
142,117,71,
142,118,3,
142,179,31,
143,0,1,
143,0,1,
143,0,44,
143,6,0,
143,16,27,
143,22,42,
143,29,6,
143,38,0,
143,50,1,
143,119,22,
143,139,44,
143,155,0,
143,168,72,
144,0,28,
144,2,0,
144,2,8,
144,3,192,
144,5,1,
144,11,69,
144,52,17,
145,0,31,
145,3,4,
145,14,33,
145,22,30,
145,29,53,
145,31,134,
145,90,23,
145,121,148,
146,1,12,
146,7,1,
146,10,155,
146,43,2,
146,84,0,
146,143,7,
147,0,0,
147,0,0,
147,0,5,
147,0,35,
147,2,9,
147,2,53,
147,6,0,
147,19,14,
147,24,19,
147,174,0,
148,0,3,
148,0,5,
148,0,65,
148,1,0,
148,1,2,
148,1,9,
148,2,6,
148,9,124,
148,12,7,
148,13,2,
148,19,3,
148,92,166,
149,1,34,
149,3,9,
149,7,193,
149,16,7,
149,104,4,
150,0,13,
150,1,14,
150,2,2,
150,6,8,
150,10,1,
150,13,0,
150,14,5,
150,22,24,
150,103,31,
151,1,99,
151,2,13,
151,4,47,
151,5,2,
151,16,2,
151,25,0,
151,41,1,
151,67,149,
151,69,0,
152,2,51,
152,4,0,
152,9,20,
152,11,47,
152,22,8,
152,27,0,
152,38,7,
152,42,0,
152,58,12,
153,0,3,
153,0,5,
153,0,29,
153,1,141,
153,3,37,
153,10,99,
154,1,5,
154,1,19,
154,1,32,
154,2,2,
154,6,114,
154,92,61,
154,180,13,
155,0,6,
155,2,1,
155,3,34,
155,7,0,
155,7,27,
155,8,6,
155,11,10,
155,96,40,
155,134,0,
155,135,17,
155,149,18,
156,1,12,
156,1,31,
156,1,71,
156,4,1,
156,5,0,
156,5,0,
156,7,0,
156,9,129,
156,11,22,
156,17,31,
156,41,22,
157,0,95,
157,1,0,
157,2,3,
157,2,94,
157,4,22,
157,4,23,
157,8,18,
157,14,37,
157,21,187,
157,25,27,
157,28,118,
157,44,8,
157,57,1,
157,85,9,
157,113,41,
157,172,4,
157,191,2,
158,1,0,
158,4,49,
158,4,80,
158,13,5,
158,26,1,
158,79,193,
158,115,7,
159,0,3,
159,0,92,
159,0,192,
159,5,3,
159,5,130,
159,11,93,
159,13,1,
159,13,199,
159,31,24,
159,50,103,
159,76,1,
159,107,8,
160,0,49,
160,0,141,
160,0,177,
160,2,2,
160,6,3,
160,10,3,
160,13,90,
160,66,4,
160,79,1,
160,152,142,
161,0,7,
161,0,150,
161,1,4,
161,2,1,
161,8,91,
161,13,0,
161,15,1,
161,23,2,
161,25,124,
161,26,102,
161,32,192,
161,51,93,
161,74,28,
161,114,2,
161,149,1,
161,172,0,
162,4,20,
162,9,130,
162,13,0,
163,2,48,
163,4,0,
163,5,19,
163,6,1,
163,10,41,
163,14,90,
163,46,36,
164,1,90,
164,25,20,
164,31,8,
164,36,9,
164,56,18,
164,67,0,
164,109,20,
165,2,0,
165,2,8,
165,3,0,
165,3,0,
165,6,37,
165,23,46,
165,54,0,
165,93,40,
165,147,6,
166,2,159,
166,5,22,
166,8,119,
166,23,1,
167,0,13,
167,0,74,
167,0,156,
167,2,0,
167,3,20,
167,6,69,
167,7,60,
167,16,65,
167,27,20,
167,56,25,
167,57,146,
167,64,6,
167,68,1,
167,140,1,
167,151,0,
167,169,59,
168,0,1,
168,0,2,
168,0,4,
168,0,4,
168,0,6,
168,5,20,
168,9,43,
168,10,109,
168,11,1,
168,27,147,
169,1,150,
169,2,162,
169,5,4,
169,35,109,
169,138,37,
170,1,1,
170,7,13,
170,10,2,
170,18,19,
170,63,3,
170,95,165,
171,2,2,
171,2,34,
171,5,36,
171,6,4,
171,6,7,
171,9,38,
171,14,6,
171,16,57,
171,22,56,
171,23,5,
171,45,23,
171,115,25,
171,118,1,
171,118,103,
172,1,1,
172,1,39,
172,3,0,
172,9,0,
172,126,1,
172,128,119,
173,0,20,
173,3,11,
173,9,21,
173,21,6,
173,44,83,
173,64,26,
173,65,7,
173,174,3,
174,0,12,
174,0,72,
174,0,124,
174,1,2,
174,6,0,
174,7,50,
174,25,68,
174,81,43,
174,171,103,
175,2,107,
175,7,11,
175,7,34,
175,14,40,
175,15,47,
175,28,28,
175,30,4,
175,51,6,
175,65,0,
175,152,88,
176,0,132,
176,1,1,
176,1,9,
176,2,0,
176,8,6,
176,10,0,
176,23,36,
176,52,2,
176,56,0,
177,0,0,
177,0,129,
177,2,0,
177,3,2,
177,6,1,
177,12,16,
177,29,18,
177,64,8,
177,109,0,
177,169,0,
177,170,8,
178,0,89,
178,1,83,
178,1,112,
178,5,154,
178,11,6,
178,66,144,
178,103,2,
178,130,9,
179,0,103,
179,2,5,
179,2,73,
179,10,5,
179,19,2,
179,32,9,
179,36,35,
179,105,1,
179,118,7,
180,0,0,
180,0,9,
180,0,14,
180,1,0,
180,1,7,
180,1,47,
180,5,10,
180,22,0,
180,67,173,
180,99,5,
180,99,12,
180,138,2,
180,139,5,
181,1,0,
181,1,6,
181,6,10,
181,9,83,
181,16,5,
181,38,3,
181,46,143,
181,61,181,
181,85,19,
181,101,9,
182,1,1,
182,1,189,
182,6,37,
182,8,8,
182,33,46,
182,70,15,
182,85,0,
182,119,0,
183,0,0,
183,0,0,
183,0,13,
183,0,42,
183,0,78,
183,45,32,
183,79,70,
183,96,14,
183,97,12,
183,122,10,
184,0,13,
184,0,95,
184,1,13,
184,2,3,
184,3,6,
184,3,67,
184,8,0,
184,15,178,
184,21,16,
184,43,13,
184,48,2,
185,0,2,
185,0,4,
185,1,18,
185,10,0,
185,21,5,
186,0,19,
186,4,13,
186,17,56,
186,21,60,
186,21,151,
186,43,124,
186,173,74,
186,176,3,
186,188,0,
187,15,16,
187,26,0,
187,107,87,
187,123,1,
188,0,1,
188,5,3,
188,13,1,
188,15,30,
188,44,20,
188,109,12,
188,155,0,
189,0,90,
189,1,0,
189,2,0,
189,2,38,
189,4,36,
189,6,5,
189,9,0,
189,10,1,
189,18,13,
189,30,45,
189,56,0,
189,89,74,
189,90,115,
190,0,45,
190,0,93,
190,0,98,
190,27,2,
190,45,0,
190,49,10,
190,95,24,
190,117,84,
190,147,16,
190,195,32,
191,1,1,
191,5,2,
191,8,35,
191,12,111,
191,19,33,
191,44,1,
191,52,63,
192,0,1,
192,0,2,
192,0,112,
192,1,85,
192,3,31,
192,4,3,
192,9,0,
192,15,96,
192,39,83,
193,2,21,
193,29,23,
193,44,1,
193,141,43,
194,0,75,
194,3,45,
194,11,0,
194,15,0,
195,0,0,
195,0,2,
195,1,46,
195,2,105,
195,6,4,
195,7,0,
195,8,21,
195,12,143,
195,43,6,
195,50,142,
195,178,12,
196,1,1,
196,1,8,
196,1,105,
196,6,4,
196,73,13,
196,112,1,
197,1,44,
197,2,17,
197,3,1,
197,13,2,
197,27,3,
197,83,154,
197,99,1,
197,119,10,
197,180,53,
198,0,2,
198,3,124,
198,5,0,
198,8,170,
198,15,9,
198,15,88,
198,88,12,
198,123,126,
198,177,0,
199,1,37,
199,1,80,
199,7,61,
199,13,153,
199,14,4,
199,25,0,
199,115,182,
199,165,54,
