0,0,0,
0,0,0,
0,0,0,
0,0,0,
0,0,0,
0,0,0,
0,0,0,
0,0,0,
0,0,0,
0,0,0,
0,0,0,
0,0,0,
0,0,0,
0,0,0,
0,0,0,
0,0,0,
0,0,0,
0,0,0,
0,0,1,
0,0,1,
0,0,1,
0,0,1,
0,0,1,
0,0,1,
0,0,1,
0,0,1,
0,0,1,
0,0,1,
0,0,1,
0,0,2,
0,0,2,
0,0,2,
0,0,2,
0,0,2,
0,0,2,
0,0,2,
0,0,2,
0,0,2,
0,0,3,
0,0,3,
0,0,3,
0,0,4,
0,0,4,
0,0,4,
0,0,5,
0,0,5,
0,0,5,
0,0,5,
0,0,6,
0,0,6,
0,0,6,
0,0,7,
0,0,7,
0,0,7,
0,0,8,
0,0,8,
0,0,9,
0,0,9,
0,0,12,
0,0,12,
0,0,12,
0,0,14,
0,0,15,
0,0,16,
0,0,16,
0,0,16,
0,0,16,
0,0,16,
0,0,17,
0,0,17,
0,0,18,
0,0,18,
0,0,19,
0,0,19,
0,0,20,
0,0,20,
0,0,20,
0,0,21,
0,0,21,
0,0,22,
0,0,23,
0,0,23,
0,0,23,
0,0,24,
0,0,25,
0,0,25,
0,0,26,
0,0,26,
0,0,26,
0,0,26,
0,0,28,
0,0,28,
0,0,28,
0,0,28,
0,0,29,
0,0,30,
0,0,32,
0,0,36,
0,0,37,
0,0,41,
0,0,42,
0,0,44,
0,0,45,
0,0,45,
0,0,46,
0,0,47,
0,0,50,
0,0,52,
0,0,53,
0,0,53,
0,0,56,
0,0,59,
0,0,61,
0,0,63,
0,0,63,
0,0,63,
0,0,67,
0,0,68,
0,0,71,
0,0,71,
0,0,75,
0,0,76,
0,0,79,
0,0,80,
0,0,83,
0,0,83,
0,0,89,
0,0,91,
0,0,93,
0,0,95,
0,0,102,
0,0,105,
0,0,107,
0,0,113,
0,0,114,
0,0,127,
0,0,134,
0,0,139,
0,0,142,
0,0,155,
0,0,156,
0,0,157,
0,0,161,
0,0,164,
0,0,172,
0,0,179,
0,0,179,
0,0,181,
0,1,0,
0,1,0,
0,1,0,
0,1,0,
0,1,0,
0,1,0,
0,1,0,
0,1,0,
0,1,0,
0,1,0,
0,1,1,
0,1,1,
0,1,1,
0,1,1,
0,1,1,
0,1,2,
0,1,2,
0,1,3,
0,1,3,
0,1,4,
0,1,4,
0,1,4,
0,1,5,
0,1,6,
0,1,6,
0,1,7,
0,1,7,
0,1,8,
0,1,8,
0,1,8,
0,1,9,
0,1,9,
0,1,9,
0,1,9,
0,1,10,
0,1,12,
0,1,13,
0,1,13,
0,1,14,
0,1,15,
0,1,16,
0,1,16,
0,1,16,
0,1,18,
0,1,19,
0,1,22,
0,1,26,
0,1,26,
0,1,26,
0,1,26,
0,1,27,
0,1,30,
0,1,30,
0,1,32,
0,1,34,
0,1,37,
0,1,40,
0,1,41,
0,1,47,
0,1,48,
0,1,49,
0,1,55,
0,1,59,
0,1,63,
0,1,64,
0,1,71,
0,1,72,
0,1,72,
0,1,73,
0,1,81,
0,1,84,
0,1,90,
0,1,90,
0,1,96,
0,1,103,
0,1,113,
0,1,121,
0,1,124,
0,1,147,
0,1,148,
0,1,177,
0,1,182,
0,1,184,
0,1,189,
0,1,190,
0,1,191,
0,1,193,
0,2,0,
0,2,0,
0,2,0,
0,2,0,
0,2,0,
0,2,0,
0,2,0,
0,2,0,
0,2,0,
0,2,0,
0,2,0,
0,2,0,
0,2,0,
0,2,1,
0,2,1,
0,2,1,
0,2,1,
0,2,1,
0,2,1,
0,2,2,
0,2,2,
0,2,3,
0,2,3,
0,2,4,
0,2,5,
0,2,5,
0,2,6,
0,2,7,
0,2,7,
0,2,10,
0,2,13,
0,2,15,
0,2,16,
0,2,18,
0,2,19,
0,2,20,
0,2,20,
0,2,23,
0,2,24,
0,2,25,
0,2,25,
0,2,25,
0,2,27,
0,2,28,
0,2,29,
0,2,34,
0,2,35,
0,2,36,
0,2,39,
0,2,41,
0,2,42,
0,2,42,
0,2,43,
0,2,61,
0,2,64,
0,2,66,
0,2,82,
0,2,84,
0,2,87,
0,2,93,
0,2,105,
0,2,111,
0,2,120,
0,2,124,
0,2,126,
0,2,149,
0,2,175,
0,3,0,
0,3,0,
0,3,0,
0,3,0,
0,3,0,
0,3,0,
0,3,0,
0,3,0,
0,3,1,
0,3,1,
0,3,1,
0,3,1,
0,3,1,
0,3,1,
0,3,2,
0,3,2,
0,3,3,
0,3,3,
0,3,4,
0,3,5,
0,3,5,
0,3,7,
0,3,9,
0,3,10,
0,3,12,
0,3,13,
0,3,14,
0,3,14,
0,3,16,
0,3,18,
0,3,20,
0,3,24,
0,3,28,
0,3,32,
0,3,33,
0,3,47,
0,3,47,
0,3,56,
0,3,56,
0,3,57,
0,3,76,
0,3,97,
0,3,111,
0,3,123,
0,3,128,
0,3,143,
0,3,175,
0,3,178,
0,3,180,
0,3,198,
0,4,0,
0,4,0,
0,4,0,
0,4,0,
0,4,1,
0,4,1,
0,4,1,
0,4,1,
0,4,1,
0,4,2,
0,4,2,
0,4,3,
0,4,3,
0,4,4,
0,4,4,
0,4,4,
0,4,7,
0,4,10,
0,4,12,
0,4,15,
0,4,22,
0,4,25,
0,4,37,
0,4,41,
0,4,44,
0,4,105,
0,4,119,
0,4,139,
0,4,157,
0,4,167,
0,5,0,
0,5,0,
0,5,1,
0,5,1,
0,5,2,
0,5,2,
0,5,3,
0,5,3,
0,5,5,
0,5,5,
0,5,5,
0,5,9,
0,5,16,
0,5,19,
0,5,23,
0,5,28,
0,5,37,
0,5,76,
0,5,79,
0,5,83,
0,5,88,
0,5,116,
0,5,187,
0,5,192,
0,6,0,
0,6,0,
0,6,2,
0,6,3,
0,6,3,
0,6,3,
0,6,4,
0,6,4,
0,6,5,
0,6,6,
0,6,10,
0,6,10,
0,6,11,
0,6,12,
0,6,14,
0,6,40,
0,6,42,
0,6,43,
0,6,82,
0,6,93,
0,6,108,
0,6,139,
0,6,139,
0,7,0,
0,7,0,
0,7,0,
0,7,0,
0,7,1,
0,7,1,
0,7,2,
0,7,4,
0,7,4,
0,7,7,
0,7,9,
0,7,12,
0,7,15,
0,7,41,
0,7,53,
0,7,65,
0,7,93,
0,7,114,
0,7,172,
0,8,0,
0,8,0,
0,8,0,
0,8,1,
0,8,3,
0,8,5,
0,8,9,
0,8,11,
0,8,11,
0,8,14,
0,8,29,
0,8,30,
0,8,33,
0,8,37,
0,8,71,
0,8,74,
0,8,78,
0,8,80,
0,8,101,
0,8,142,
0,8,177,
0,9,0,
0,9,0,
0,9,0,
0,9,2,
0,9,4,
0,9,11,
0,9,14,
0,9,16,
0,9,45,
0,9,155,
0,10,0,
0,10,0,
0,10,0,
0,10,1,
0,10,3,
0,10,3,
0,10,4,
0,10,4,
0,10,8,
0,10,44,
0,10,47,
0,10,49,
0,10,51,
0,10,83,
0,10,123,
0,11,0,
0,11,0,
0,11,5,
0,11,6,
0,11,6,
0,11,8,
0,11,9,
0,11,11,
0,11,15,
0,11,19,
0,11,19,
0,11,59,
0,11,83,
0,11,114,
0,11,190,
0,11,196,
0,12,0,
0,12,1,
0,12,1,
0,12,1,
0,12,1,
0,12,1,
0,12,3,
0,12,5,
0,12,7,
0,12,9,
0,12,9,
0,12,20,
0,12,31,
0,12,43,
0,12,53,
0,12,79,
0,12,93,
0,12,95,
0,13,0,
0,13,0,
0,13,1,
0,13,4,
0,13,6,
0,13,7,
0,13,8,
0,13,9,
0,13,9,
0,13,16,
0,13,19,
0,13,25,
0,13,25,
0,13,35,
0,13,64,
0,13,73,
0,13,99,
0,13,121,
0,14,0,
0,14,0,
0,14,1,
0,14,1,
0,14,8,
0,14,19,
0,14,28,
0,14,40,
0,14,43,
0,14,118,
0,14,120,
0,14,136,
0,14,176,
0,15,1,
0,15,1,
0,15,2,
0,15,3,
0,15,3,
0,15,4,
0,15,7,
0,15,7,
0,15,18,
0,15,28,
0,15,49,
0,15,91,
0,15,158,
0,16,0,
0,16,0,
0,16,0,
0,16,1,
0,16,2,
0,16,3,
0,16,3,
0,16,35,
0,16,58,
0,16,94,
0,16,122,
0,16,184,
0,17,1,
0,17,1,
0,17,3,
0,17,5,
0,17,6,
0,17,8,
0,17,11,
0,17,21,
0,17,65,
0,17,142,
0,17,192,
0,18,0,
0,18,0,
0,18,1,
0,18,3,
0,18,4,
0,18,4,
0,18,7,
0,18,8,
0,18,8,
0,18,9,
0,18,32,
0,18,43,
0,18,50,
0,18,51,
0,18,86,
0,18,179,
0,19,0,
0,19,0,
0,19,0,
0,19,1,
0,19,1,
0,19,4,
0,19,5,
0,19,6,
0,19,6,
0,19,23,
0,19,29,
0,19,48,
0,19,49,
0,19,53,
0,19,91,
0,19,110,
0,19,160,
0,20,13,
0,20,22,
0,20,36,
0,20,109,
0,20,145,
0,21,0,
0,21,1,
0,21,2,
0,21,3,
0,21,4,
0,21,6,
0,21,21,
0,21,62,
0,21,68,
0,21,79,
0,21,154,
0,22,0,
0,22,0,
0,22,2,
0,22,3,
0,22,5,
0,22,6,
0,22,27,
0,22,35,
0,22,69,
0,22,108,
0,23,0,
0,23,0,
0,23,2,
0,23,2,
0,23,4,
0,23,18,
0,23,40,
0,23,46,
0,23,87,
0,23,91,
0,24,0,
0,24,2,
0,24,11,
0,24,100,
0,25,0,
0,25,7,
0,25,8,
0,25,12,
0,25,31,
0,25,46,
0,25,153,
0,26,11,
0,26,13,
0,26,46,
0,26,48,
0,26,69,
0,26,113,
0,27,0,
0,27,0,
0,27,1,
0,27,2,
0,27,4,
0,27,37,
0,27,50,
0,27,61,
0,27,62,
0,28,0,
0,28,1,
0,28,2,
0,28,15,
0,28,17,
0,28,31,
0,28,70,
0,28,111,
0,29,0,
0,29,19,
0,29,108,
0,30,0,
0,30,1,
0,30,10,
0,30,18,
0,31,0,
0,31,1,
0,31,1,
0,31,3,
0,31,4,
0,31,14,
0,31,18,
0,31,71,
0,31,111,
0,32,0,
0,32,6,
0,33,0,
0,33,4,
0,33,5,
0,33,9,
0,33,37,
0,34,1,
0,34,16,
0,34,18,
0,34,96,
0,35,0,
0,35,0,
0,35,0,
0,35,22,
0,35,47,
0,35,111,
0,35,118,
0,35,151,
0,36,0,
0,36,26,
0,36,184,
0,36,195,
0,37,0,
0,37,1,
0,37,23,
0,37,83,
0,37,93,
0,37,113,
0,37,140,
0,38,0,
0,38,6,
0,39,1,
0,39,6,
0,40,1,
0,40,1,
0,40,2,
0,40,33,
0,40,37,
0,40,62,
0,41,0,
0,41,4,
0,41,5,
0,41,22,
0,41,26,
0,41,33,
0,41,140,
0,41,185,
0,42,0,
0,42,4,
0,42,23,
0,43,28,
0,43,42,
0,43,124,
0,43,134,
0,43,177,
0,44,1,
0,44,7,
0,44,16,
0,44,41,
0,44,91,
0,45,4,
0,45,28,
0,45,132,
0,46,1,
0,46,15,
0,47,22,
0,47,55,
0,48,0,
0,48,15,
0,48,124,
0,49,0,
0,49,3,
0,49,20,
0,50,1,
0,50,9,
0,50,20,
0,50,35,
0,50,42,
0,50,92,
0,51,12,
0,51,61,
0,51,154,
0,51,158,
0,52,0,
0,52,2,
0,53,6,
0,53,46,
0,53,79,
0,53,180,
0,54,1,
0,54,10,
0,55,0,
0,55,3,
0,55,4,
0,55,7,
0,55,9,
0,55,99,
0,55,192,
0,56,1,
0,56,2,
0,56,6,
0,56,11,
0,56,13,
0,56,56,
0,57,0,
0,57,90,
0,58,26,
0,58,42,
0,59,1,
0,59,6,
0,59,6,
0,59,24,
0,60,0,
0,61,1,
0,62,0,
0,62,1,
0,63,1,
0,63,3,
0,63,71,
0,63,108,
0,64,0,
0,64,142,
0,65,0,
0,66,0,
0,66,1,
0,66,21,
0,66,78,
0,67,5,
0,67,65,
0,68,0,
0,68,4,
0,68,141,
0,69,39,
0,70,10,
0,70,93,
0,70,163,
0,70,164,
0,71,0,
0,71,8,
0,71,17,
0,71,22,
0,71,24,
0,71,64,
0,72,0,
0,73,12,
0,73,13,
0,73,166,
0,74,1,
0,74,7,
0,75,79,
0,76,49,
0,77,0,
0,77,77,
0,78,11,
0,78,20,
0,79,0,
0,79,0,
0,79,10,
0,79,33,
0,79,192,
0,80,0,
0,80,1,
0,80,1,
0,80,14,
0,81,4,
0,82,71,
0,85,3,
0,85,13,
0,86,1,
0,86,49,
0,86,76,
0,87,0,
0,87,1,
0,87,2,
0,87,7,
0,88,4,
0,88,159,
0,89,1,
0,89,2,
0,89,53,
0,91,34,
0,92,18,
0,93,7,
0,93,18,
0,93,63,
0,94,7,
0,95,2,
0,95,7,
0,95,8,
0,95,106,
0,95,149,
0,96,102,
0,97,46,
0,98,120,
0,99,6,
0,99,98,
0,100,4,
0,101,32,
0,101,34,
0,102,3,
0,102,21,
0,103,83,
0,104,0,
0,104,7,
0,104,25,
0,105,73,
0,106,12,
0,106,66,
0,107,4,
0,110,2,
0,114,8,
0,114,188,
0,115,0,
0,115,118,
0,116,35,
0,116,164,
0,117,1,
0,118,8,
0,118,176,
0,118,184,
0,119,66,
0,120,1,
0,121,31,
0,122,0,
0,122,12,
0,123,14,
0,123,85,
0,123,126,
0,124,107,
0,126,4,
0,126,37,
0,129,0,
0,129,59,
0,129,80,
0,131,1,
0,131,13,
0,132,0,
0,132,6,
0,132,43,
0,133,0,
0,133,2,
0,133,76,
0,134,44,
0,135,0,
0,135,108,
0,136,2,
0,136,3,
0,136,134,
0,137,0,
0,137,129,
0,138,2,
0,141,0,
0,143,3,
0,145,2,
0,145,3,
0,146,1,
0,146,3,
0,147,103,
0,148,0,
0,148,9,
0,148,42,
0,148,77,
0,149,0,
0,149,9,
0,150,0,
0,150,28,
0,150,72,
0,151,4,
0,151,11,
0,152,0,
0,152,4,
0,153,0,
0,155,9,
0,155,26,
0,157,12,
0,159,1,
0,159,3,
0,159,25,
0,159,29,
0,160,0,
0,161,7,
0,161,84,
0,161,165,
0,163,1,
0,164,148,
0,167,20,
0,168,157,
0,169,5,
0,171,77,
0,173,27,
0,174,105,
0,175,137,
0,176,0,
0,176,1,
0,176,100,
0,177,45,
0,178,0,
0,178,33,
0,179,0,
0,180,1,
0,181,97,
0,182,71,
0,182,159,
0,183,10,
0,183,16,
0,183,34,
0,183,43,
0,183,132,
0,185,10,
0,186,5,
0,186,54,
0,187,2,
0,187,13,
0,187,21,
0,188,41,
0,189,0,
0,189,1,
0,190,116,
0,191,106,
0,192,45,
0,193,20,
0,194,41,
0,194,49,
0,195,10,
0,196,87,
0,197,1,
0,197,5,
0,197,69,
0,197,108,
0,198,3,
0,198,3,
0,198,15,
1,0,0,
1,0,0,
1,0,0,
1,0,0,
1,0,0,
1,0,0,
1,0,0,
1,0,0,
1,0,0,
1,0,1,
1,0,1,
1,0,1,
1,0,1,
1,0,1,
1,0,1,
1,0,1,
1,0,1,
1,0,1,
1,0,1,
1,0,1,
1,0,1,
1,0,1,
1,0,1,
1,0,1,
1,0,1,
1,0,2,
1,0,2,
1,0,2,
1,0,2,
1,0,2,
1,0,2,
1,0,2,
1,0,2,
1,0,2,
1,0,2,
1,0,3,
1,0,3,
1,0,4,
1,0,4,
1,0,5,
1,0,5,
1,0,6,
1,0,6,
1,0,7,
1,0,7,
1,0,7,
1,0,9,
1,0,10,
1,0,10,
1,0,10,
1,0,10,
1,0,11,
1,0,11,
1,0,13,
1,0,13,
1,0,13,
1,0,13,
1,0,14,
1,0,17,
1,0,17,
1,0,17,
1,0,19,
1,0,19,
1,0,19,
1,0,22,
1,0,23,
1,0,23,
1,0,27,
1,0,27,
1,0,30,
1,0,33,
1,0,33,
1,0,34,
1,0,37,
1,0,41,
1,0,41,
1,0,50,
1,0,53,
1,0,55,
1,0,56,
1,0,60,
1,0,61,
1,0,63,
1,0,65,
1,0,67,
1,0,69,
1,0,76,
1,0,77,
1,0,85,
1,0,86,
1,0,93,
1,0,95,
1,0,106,
1,0,111,
1,0,112,
1,0,130,
1,0,130,
1,0,132,
1,0,138,
1,0,146,
1,0,149,
1,0,178,
1,0,194,
1,0,195,
1,1,0,
1,1,0,
1,1,0,
1,1,0,
1,1,0,
1,1,0,
1,1,1,
1,1,1,
1,1,1,
1,1,2,
1,1,2,
1,1,3,
1,1,3,
1,1,4,
1,1,4,
1,1,4,
1,1,6,
1,1,6,
1,1,7,
1,1,7,
1,1,8,
1,1,9,
1,1,12,
1,1,13,
1,1,14,
1,1,17,
1,1,18,
1,1,19,
1,1,24,
1,1,26,
1,1,29,
1,1,32,
1,1,32,
1,1,37,
1,1,44,
1,1,65,
1,1,83,
1,1,88,
1,1,112,
1,1,120,
1,1,125,
1,1,164,
1,1,179,
1,2,0,
1,2,0,
1,2,0,
1,2,0,
1,2,1,
1,2,1,
1,2,1,
1,2,1,
1,2,1,
1,2,2,
1,2,3,
1,2,4,
1,2,4,
1,2,5,
1,2,6,
1,2,6,
1,2,10,
1,2,12,
1,2,12,
1,2,15,
1,2,18,
1,2,24,
1,2,24,
1,2,25,
1,2,28,
1,2,29,
1,2,40,
1,2,46,
1,2,56,
1,2,57,
1,2,58,
1,2,65,
1,2,127,
1,2,132,
1,2,138,
1,2,152,
1,2,181,
1,2,184,
1,3,0,
1,3,0,
1,3,5,
1,3,6,
1,3,6,
1,3,7,
1,3,7,
1,3,9,
1,3,9,
1,3,13,
1,3,17,
1,3,20,
1,3,21,
1,3,26,
1,3,87,
1,3,90,
1,3,108,
1,3,116,
1,3,169,
1,3,181,
1,4,0,
1,4,0,
1,4,0,
1,4,1,
1,4,1,
1,4,1,
1,4,2,
1,4,4,
1,4,11,
1,4,13,
1,4,14,
1,4,16,
1,4,16,
1,4,19,
1,4,29,
1,4,53,
1,4,54,
1,4,65,
1,4,88,
1,4,89,
1,4,104,
1,4,112,
1,4,129,
1,4,147,
1,4,188,
1,5,0,
1,5,0,
1,5,1,
1,5,2,
1,5,3,
1,5,4,
1,5,7,
1,5,7,
1,5,10,
1,5,11,
1,5,12,
1,5,12,
1,5,18,
1,5,23,
1,5,28,
1,5,36,
1,5,45,
1,5,46,
1,5,51,
1,5,61,
1,5,68,
1,5,74,
1,5,93,
1,5,100,
1,5,107,
1,5,160,
1,6,0,
1,6,0,
1,6,1,
1,6,1,
1,6,1,
1,6,2,
1,6,2,
1,6,13,
1,6,17,
1,6,26,
1,6,37,
1,6,70,
1,6,160,
1,6,171,
1,7,0,
1,7,0,
1,7,1,
1,7,2,
1,7,3,
1,7,4,
1,7,5,
1,7,11,
1,7,29,
1,7,45,
1,7,59,
1,7,66,
1,8,0,
1,8,0,
1,8,1,
1,8,1,
1,8,2,
1,8,5,
1,8,9,
1,8,11,
1,8,14,
1,8,28,
1,8,75,
1,8,82,
1,8,123,
1,9,0,
1,9,3,
1,9,4,
1,9,11,
1,9,12,
1,9,18,
1,9,19,
1,9,20,
1,9,31,
1,9,120,
1,10,0,
1,10,0,
1,10,0,
1,10,2,
1,10,3,
1,10,9,
1,10,23,
1,10,29,
1,10,51,
1,10,109,
1,10,118,
1,10,122,
1,10,159,
1,11,2,
1,11,6,
1,11,24,
1,11,33,
1,11,37,
1,11,48,
1,11,86,
1,12,0,
1,12,1,
1,12,5,
1,12,9,
1,12,9,
1,12,10,
1,12,12,
1,12,14,
1,12,23,
1,12,33,
1,12,127,
1,12,179,
1,12,191,
1,13,0,
1,13,2,
1,13,2,
1,13,4,
1,13,37,
1,13,140,
1,13,178,
1,14,3,
1,14,4,
1,14,25,
1,14,35,
1,14,160,
1,15,0,
1,15,0,
1,15,1,
1,15,9,
1,15,10,
1,15,23,
1,15,43,
1,15,84,
1,15,110,
1,15,140,
1,16,0,
1,16,0,
1,16,2,
1,16,13,
1,16,61,
1,16,141,
1,17,1,
1,17,12,
1,17,89,
1,18,0,
1,18,1,
1,18,3,
1,18,7,
1,18,7,
1,18,23,
1,18,189,
1,19,12,
1,19,65,
1,19,158,
1,20,4,
1,20,81,
1,21,0,
1,21,69,
1,21,174,
1,22,0,
1,22,4,
1,22,18,
1,23,0,
1,23,0,
1,23,46,
1,24,2,
1,24,5,
1,24,16,
1,24,98,
1,25,0,
1,25,1,
1,25,30,
1,25,48,
1,26,0,
1,26,1,
1,26,4,
1,26,20,
1,28,0,
1,28,1,
1,28,17,
1,28,32,
1,28,91,
1,29,0,
1,29,6,
1,29,8,
1,29,8,
1,29,125,
1,30,52,
1,30,68,
1,31,5,
1,32,3,
1,32,5,
1,32,19,
1,32,35,
1,32,37,
1,32,99,
1,33,3,
1,34,3,
1,35,42,
1,36,0,
1,36,12,
1,36,25,
1,37,25,
1,37,28,
1,37,30,
1,37,56,
1,37,62,
1,37,177,
1,38,0,
1,38,4,
1,38,10,
1,38,34,
1,38,64,
1,39,0,
1,39,19,
1,39,21,
1,39,35,
1,39,75,
1,39,196,
1,40,41,
1,41,0,
1,41,0,
1,41,2,
1,42,30,
1,42,34,
1,43,2,
1,43,98,
1,43,187,
1,45,102,
1,45,111,
1,46,0,
1,46,1,
1,46,2,
1,46,155,
1,47,2,
1,47,2,
1,48,28,
1,48,72,
1,48,72,
1,48,73,
1,49,19,
1,49,44,
1,50,29,
1,51,1,
1,51,149,
1,52,12,
1,53,24,
1,54,1,
1,54,6,
1,54,9,
1,54,93,
1,55,11,
1,56,19,
1,56,76,
1,57,1,
1,57,25,
1,57,103,
1,57,134,
1,60,1,
1,60,2,
1,60,3,
1,60,23,
1,62,0,
1,62,11,
1,63,3,
1,64,1,
1,64,3,
1,65,4,
1,65,5,
1,65,5,
1,66,21,
1,67,1,
1,69,1,
1,69,13,
1,69,16,
1,69,23,
1,69,132,
1,69,155,
1,69,192,
1,70,51,
1,71,0,
1,71,3,
1,71,16,
1,74,5,
1,74,16,
1,75,0,
1,75,9,
1,75,15,
1,75,26,
1,75,67,
1,76,109,
1,77,10,
1,79,5,
1,81,14,
1,82,1,
1,83,7,
1,84,11,
1,84,16,
1,86,10,
1,87,8,
1,88,128,
1,89,0,
1,90,160,
1,93,0,
1,94,3,
1,94,16,
1,94,22,
1,95,122,
1,96,4,
1,96,11,
1,98,0,
1,98,14,
1,99,36,
1,99,56,
1,100,26,
1,100,60,
1,101,5,
1,101,13,
1,104,15,
1,106,105,
1,106,146,
1,107,22,
1,112,7,
1,112,12,
1,112,32,
1,115,2,
1,115,27,
1,116,2,
1,117,22,
1,119,62,
1,123,1,
1,123,7,
1,127,199,
1,128,1,
1,128,40,
1,131,2,
1,132,151,
1,134,34,
1,136,26,
1,136,130,
1,138,47,
1,139,0,
1,141,144,
1,144,25,
1,144,192,
1,147,186,
1,149,1,
1,150,23,
1,151,134,
1,154,1,
1,154,19,
1,158,15,
1,160,24,
1,160,55,
1,162,11,
1,162,12,
1,163,0,
1,164,22,
1,165,7,
1,165,42,
1,166,5,
1,167,4,
1,169,64,
1,174,8,
1,175,86,
1,175,163,
1,176,33,
1,177,0,
1,178,115,
1,180,5,
1,181,3,
1,182,3,
1,182,103,
1,183,40,
1,184,0,
1,190,0,
1,190,175,
1,191,37,
1,192,1,
1,195,106,
1,196,1,
2,0,0,
2,0,0,
2,0,0,
2,0,0,
2,0,0,
2,0,0,
2,0,0,
2,0,1,
2,0,1,
2,0,1,
2,0,1,
2,0,1,
2,0,2,
2,0,2,
2,0,2,
2,0,3,
2,0,3,
2,0,3,
2,0,3,
2,0,4,
2,0,5,
2,0,5,
2,0,7,
2,0,7,
2,0,8,
2,0,10,
2,0,12,
2,0,14,
2,0,17,
2,0,25,
2,0,29,
2,0,29,
2,0,30,
2,0,33,
2,0,34,
2,0,34,
2,0,43,
2,0,45,
2,0,51,
2,0,65,
2,0,65,
2,0,79,
2,0,80,
2,0,87,
2,0,90,
2,0,92,
2,0,92,
2,0,94,
2,0,102,
2,0,127,
2,0,169,
2,0,182,
2,0,193,
2,1,0,
2,1,0,
2,1,0,
2,1,0,
2,1,1,
2,1,2,
2,1,2,
2,1,2,
2,1,3,
2,1,4,
2,1,5,
2,1,5,
2,1,6,
2,1,6,
2,1,7,
2,1,11,
2,1,12,
2,1,12,
2,1,12,
2,1,17,
2,1,24,
2,1,24,
2,1,42,
2,1,47,
2,1,50,
2,1,67,
2,1,68,
2,1,71,
2,1,105,
2,1,108,
2,1,108,
2,1,120,
2,1,172,
2,2,0,
2,2,1,
2,2,4,
2,2,5,
2,2,8,
2,2,9,
2,2,11,
2,2,16,
2,2,17,
2,2,21,
2,2,26,
2,2,27,
2,2,38,
2,2,59,
2,2,60,
2,2,61,
2,2,77,
2,2,109,
2,2,115,
2,2,194,
2,2,196,
2,3,0,
2,3,0,
2,3,0,
2,3,1,
2,3,2,
2,3,4,
2,3,6,
2,3,13,
2,3,14,
2,3,14,
2,3,16,
2,3,22,
2,3,58,
2,3,75,
2,3,76,
2,3,88,
2,3,175,
2,4,0,
2,4,0,
2,4,1,
2,4,3,
2,4,4,
2,4,19,
2,4,20,
2,4,40,
2,4,47,
2,4,107,
2,4,128,
2,4,164,
2,4,183,
2,5,0,
2,5,0,
2,5,6,
2,5,12,
2,5,51,
2,5,58,
2,5,121,
2,6,0,
2,6,0,
2,6,1,
2,6,1,
2,6,5,
2,6,7,
2,6,26,
2,6,57,
2,6,65,
2,6,88,
2,6,99,
2,6,185,
2,6,196,
2,7,0,
2,7,0,
2,7,2,
2,7,8,
2,7,28,
2,7,29,
2,7,31,
2,7,33,
2,7,37,
2,7,67,
2,7,68,
2,7,73,
2,7,82,
2,7,107,
2,8,7,
2,8,7,
2,8,9,
2,8,10,
2,8,46,
2,8,52,
2,9,0,
2,9,0,
2,9,2,
2,9,2,
2,9,2,
2,9,3,
2,9,55,
2,9,117,
2,9,194,
2,10,0,
2,10,0,
2,10,0,
2,10,0,
2,10,6,
2,10,65,
2,10,100,
2,10,112,
2,11,2,
2,11,12,
2,11,19,
2,11,93,
2,11,122,
2,11,139,
2,12,1,
2,12,24,
2,12,32,
2,13,7,
2,13,9,
2,13,10,
2,14,0,
2,14,3,
2,14,5,
2,14,21,
2,14,198,
2,15,1,
2,15,1,
2,15,2,
2,15,9,
2,16,0,
2,16,0,
2,16,1,
2,16,1,
2,16,22,
2,16,88,
2,17,5,
2,17,91,
2,18,0,
2,18,7,
2,18,169,
2,19,0,
2,19,2,
2,19,153,
2,19,173,
2,20,0,
2,20,0,
2,20,12,
2,20,33,
2,21,1,
2,21,6,
2,21,23,
2,22,85,
2,22,169,
2,23,1,
2,23,4,
2,23,6,
2,23,84,
2,24,1,
2,24,6,
2,24,7,
2,24,7,
2,24,11,
2,24,34,
2,25,0,
2,25,1,
2,25,17,
2,25,55,
2,26,0,
2,26,42,
2,26,48,
2,27,0,
2,27,19,
2,27,25,
2,28,2,
2,28,26,
2,29,2,
2,29,30,
2,29,81,
2,30,4,
2,30,4,
2,30,137,
2,31,1,
2,32,33,
2,32,48,
2,33,1,
2,33,11,
2,33,148,
2,34,2,
2,34,191,
2,35,67,
2,36,0,
2,37,87,
2,38,1,
2,39,1,
2,39,10,
2,42,1,
2,42,15,
2,43,2,
2,44,0,
2,44,2,
2,45,1,
2,46,4,
2,46,6,
2,47,32,
2,47,47,
2,48,101,
2,49,0,
2,49,0,
2,49,29,
2,50,4,
2,50,12,
2,51,11,
2,51,67,
2,51,196,
2,52,52,
2,53,15,
2,53,31,
2,53,182,
2,55,37,
2,55,79,
2,56,0,
2,56,70,
2,58,107,
2,59,0,
2,59,8,
2,60,15,
2,61,9,
2,61,28,
2,61,57,
2,62,49,
2,62,76,
2,63,2,
2,63,47,
2,64,0,
2,64,8,
2,64,9,
2,65,6,
2,68,1,
2,69,34,
2,70,28,
2,71,158,
2,73,0,
2,74,11,
2,74,21,
2,75,17,
2,76,15,
2,77,85,
2,78,5,
2,79,104,
2,80,1,
2,80,3,
2,81,34,
2,82,9,
2,84,145,
2,86,3,
2,86,3,
2,87,90,
2,88,0,
2,88,0,
2,88,3,
2,89,0,
2,90,0,
2,90,3,
2,94,18,
2,95,4,
2,95,9,
2,95,12,
2,98,9,
2,98,116,
2,98,120,
2,99,2,
2,99,32,
2,102,1,
2,102,3,
2,103,3,
2,103,4,
2,104,0,
2,104,0,
2,104,14,
2,107,65,
2,110,39,
2,113,5,
2,114,9,
2,114,14,
2,115,164,
2,117,0,
2,117,41,
2,118,29,
2,121,38,
2,122,3,
2,124,30,
2,124,188,
2,127,72,
2,128,0,
2,128,8,
2,133,10,
2,137,0,
2,138,2,
2,139,61,
2,140,46,
2,141,57,
2,142,8,
2,144,136,
2,148,2,
2,148,4,
2,149,5,
2,151,76,
2,154,49,
2,155,0,
2,155,1,
2,160,5,
2,161,5,
2,162,1,
2,163,1,
2,163,17,
2,165,1,
2,170,34,
2,171,49,
2,176,10,
2,177,32,
2,178,59,
2,183,3,
2,185,2,
2,190,3,
2,199,5,
3,0,0,
3,0,0,
3,0,0,
3,0,0,
3,0,0,
3,0,1,
3,0,1,
3,0,1,
3,0,1,
3,0,2,
3,0,2,
3,0,2,
3,0,2,
3,0,3,
3,0,3,
3,0,5,
3,0,5,
3,0,5,
3,0,6,
3,0,7,
3,0,9,
3,0,9,
3,0,9,
3,0,9,
3,0,11,
3,0,16,
3,0,17,
3,0,18,
3,0,20,
3,0,22,
3,0,23,
3,0,26,
3,0,37,
3,0,57,
3,0,79,
3,0,91,
3,0,102,
3,0,109,
3,0,118,
3,0,133,
3,0,168,
3,0,186,
3,1,0,
3,1,0,
3,1,0,
3,1,0,
3,1,0,
3,1,1,
3,1,1,
3,1,1,
3,1,1,
3,1,2,
3,1,2,
3,1,6,
3,1,6,
3,1,11,
3,1,14,
3,1,17,
3,1,23,
3,1,31,
3,1,34,
3,1,45,
3,1,52,
3,1,54,
3,1,73,
3,1,82,
3,1,92,
3,1,107,
3,1,134,
3,1,162,
3,2,0,
3,2,1,
3,2,1,
3,2,1,
3,2,2,
3,2,2,
3,2,3,
3,2,3,
3,2,5,
3,2,6,
3,2,6,
3,2,8,
3,2,8,
3,2,12,
3,2,13,
3,2,14,
3,2,19,
3,2,28,
3,2,38,
3,2,39,
3,2,49,
3,2,50,
3,2,56,
3,2,63,
3,2,83,
3,2,88,
3,2,94,
3,2,129,
3,2,143,
3,2,143,
3,2,169,
3,3,0,
3,3,0,
3,3,0,
3,3,1,
3,3,1,
3,3,1,
3,3,3,
3,3,3,
3,3,4,
3,3,6,
3,3,12,
3,3,23,
3,3,23,
3,3,27,
3,3,42,
3,3,54,
3,3,151,
3,3,153,
3,3,175,
3,4,0,
3,4,1,
3,4,1,
3,4,2,
3,4,2,
3,4,19,
3,4,19,
3,4,28,
3,4,37,
3,4,144,
3,4,178,
3,5,0,
3,5,1,
3,5,1,
3,5,4,
3,5,7,
3,5,15,
3,5,20,
3,5,43,
3,5,74,
3,6,0,
3,6,0,
3,6,1,
3,6,7,
3,6,9,
3,6,13,
3,6,19,
3,6,72,
3,6,99,
3,6,136,
3,7,0,
3,7,2,
3,7,15,
3,7,15,
3,7,110,
3,8,4,
3,8,5,
3,8,55,
3,8,116,
3,9,6,
3,9,7,
3,9,14,
3,9,71,
3,9,89,
3,9,95,
3,10,1,
3,10,2,
3,10,92,
3,11,8,
3,11,13,
3,11,22,
3,11,25,
3,11,30,
3,11,57,
3,11,83,
3,11,175,
3,12,0,
3,12,1,
3,12,2,
3,12,3,
3,12,4,
3,12,9,
3,12,17,
3,12,22,
3,12,198,
3,13,0,
3,13,5,
3,13,8,
3,13,17,
3,13,17,
3,13,30,
3,13,87,
3,14,0,
3,14,4,
3,14,7,
3,14,17,
3,15,0,
3,15,14,
3,15,25,
3,15,84,
3,16,16,
3,16,22,
3,17,30,
3,17,49,
3,18,9,
3,18,22,
3,18,54,
3,18,153,
3,19,3,
3,19,5,
3,19,6,
3,20,1,
3,20,19,
3,20,40,
3,21,1,
3,21,14,
3,22,5,
3,22,17,
3,24,0,
3,24,0,
3,24,25,
3,25,0,
3,25,23,
3,26,43,
3,27,0,
3,27,3,
3,27,6,
3,27,105,
3,28,0,
3,28,8,
3,28,21,
3,28,104,
3,28,167,
3,29,50,
3,31,0,
3,31,5,
3,32,7,
3,32,12,
3,32,56,
3,32,73,
3,34,3,
3,35,4,
3,36,0,
3,37,0,
3,37,2,
3,38,0,
3,38,1,
3,39,0,
3,39,0,
3,39,1,
3,40,10,
3,40,173,
3,41,113,
3,41,154,
3,42,2,
3,42,110,
3,42,157,
3,43,0,
3,43,130,
3,44,50,
3,44,169,
3,45,3,
3,47,94,
3,49,0,
3,49,67,
3,49,194,
3,50,56,
3,51,8,
3,52,49,
3,53,49,
3,54,82,
3,54,160,
3,55,0,
3,56,46,
3,58,13,
3,58,27,
3,62,0,
3,63,3,
3,64,5,
3,67,30,
3,70,1,
3,70,9,
3,71,0,
3,72,7,
3,73,42,
3,74,1,
3,76,31,
3,79,4,
3,79,86,
3,80,20,
3,81,30,
3,81,159,
3,82,1,
3,82,129,
3,83,1,
3,83,26,
3,84,91,
3,86,0,
3,87,0,
3,87,83,
3,88,0,
3,90,12,
3,92,5,
3,93,143,
3,97,58,
3,97,76,
3,97,127,
3,98,0,
3,98,109,
3,101,0,
3,101,2,
3,101,2,
3,102,0,
3,102,142,
3,103,3,
3,108,8,
3,109,12,
3,112,36,
3,112,110,
3,113,64,
3,114,14,
3,114,141,
3,115,3,
3,115,37,
3,117,11,
3,122,98,
3,128,33,
3,128,95,
3,130,0,
3,132,0,
3,132,125,
3,133,41,
3,134,4,
3,138,9,
3,144,21,
3,145,1,
3,145,10,
3,146,2,
3,147,15,
3,147,95,
3,148,47,
3,151,10,
3,153,6,
3,153,126,
3,153,144,
3,155,21,
3,158,31,
3,161,86,
3,165,13,
3,166,2,
3,166,26,
3,169,43,
3,170,13,
3,173,15,
3,179,0,
3,179,0,
3,179,38,
3,182,57,
3,188,1,
3,191,0,
4,0,0,
4,0,0,
4,0,0,
4,0,0,
4,0,0,
4,0,0,
4,0,0,
4,0,1,
4,0,1,
4,0,1,
4,0,1,
4,0,2,
4,0,2,
4,0,2,
4,0,3,
4,0,3,
4,0,4,
4,0,4,
4,0,5,
4,0,6,
4,0,7,
4,0,7,
4,0,8,
4,0,10,
4,0,11,
4,0,14,
4,0,15,
4,0,19,
4,0,22,
4,0,24,
4,0,45,
4,0,50,
4,0,56,
4,0,72,
4,0,118,
4,0,121,
4,0,127,
4,0,133,
4,0,136,
4,0,163,
4,0,170,
4,1,0,
4,1,0,
4,1,1,
4,1,2,
4,1,2,
4,1,4,
4,1,5,
4,1,8,
4,1,10,
4,1,15,
4,1,28,
4,1,30,
4,1,31,
4,1,32,
4,1,34,
4,1,38,
4,1,48,
4,1,72,
4,1,76,
4,1,180,
4,2,0,
4,2,5,
4,2,6,
4,2,8,
4,2,17,
4,2,26,
4,2,30,
4,2,38,
4,2,92,
4,3,1,
4,3,3,
4,3,4,
4,3,10,
4,3,11,
4,3,21,
4,3,74,
4,3,102,
4,3,130,
4,4,0,
4,4,0,
4,4,0,
4,4,3,
4,4,4,
4,4,26,
4,4,70,
4,4,183,
4,4,185,
4,5,0,
4,5,0,
4,5,0,
4,5,3,
4,5,8,
4,5,8,
4,6,0,
4,6,20,
4,6,80,
4,7,0,
4,7,4,
4,7,5,
4,7,7,
4,7,42,
4,7,51,
4,7,56,
4,7,59,
4,7,60,
4,7,62,
4,7,68,
4,7,88,
4,7,98,
4,8,0,
4,8,4,
4,8,12,
4,8,39,
4,8,47,
4,8,153,
4,10,2,
4,10,11,
4,10,164,
4,11,22,
4,11,24,
4,11,174,
4,11,176,
4,12,0,
4,13,1,
4,13,12,
4,13,13,
4,13,14,
4,13,160,
4,14,125,
4,15,0,
4,15,4,
4,15,4,
4,15,28,
4,16,1,
4,16,2,
4,17,0,
4,17,29,
4,18,3,
4,19,5,
4,20,2,
4,20,4,
4,21,1,
4,21,4,
4,21,5,
4,21,9,
4,21,13,
4,21,21,
4,22,4,
4,22,88,
4,23,2,
4,23,24,
4,24,157,
4,25,15,
4,25,162,
4,26,5,
4,26,16,
4,27,0,
4,27,34,
4,28,1,
4,28,12,
4,30,0,
4,30,3,
4,30,27,
4,30,69,
4,30,176,
4,31,2,
4,31,50,
4,32,0,
4,32,1,
4,32,4,
4,32,27,
4,33,8,
4,34,0,
4,34,0,
4,34,14,
4,36,2,
4,36,10,
4,36,12,
4,39,16,
4,41,17,
4,42,78,
4,43,1,
4,45,9,
4,48,0,
4,49,0,
4,53,127,
4,54,30,
4,54,116,
4,56,0,
4,56,4,
4,58,1,
4,59,44,
4,61,0,
4,62,17,
4,64,3,
4,65,29,
4,66,2,
4,67,38,
4,68,5,
4,69,1,
4,69,23,
4,73,2,
4,73,74,
4,74,1,
4,75,56,
4,77,54,
4,81,4,
4,87,0,
4,88,0,
4,88,2,
4,89,0,
4,91,68,
4,98,12,
4,101,1,
4,109,84,
4,110,6,
4,111,16,
4,111,56,
4,112,20,
4,113,16,
4,114,0,
4,120,9,
4,120,150,
4,121,11,
4,122,1,
4,124,60,
4,144,17,
4,146,6,
4,155,0,
4,166,12,
4,170,17,
4,172,49,
4,173,110,
4,174,38,
4,174,47,
4,181,30,
4,182,3,
4,184,2,
4,187,34,
4,190,14,
4,191,8,
4,192,8,
4,196,29,
5,0,0,
5,0,0,
5,0,1,
5,0,1,
5,0,1,
5,0,1,
5,0,1,
5,0,2,
5,0,3,
5,0,4,
5,0,5,
5,0,5,
5,0,6,
5,0,6,
5,0,7,
5,0,8,
5,0,9,
5,0,10,
5,0,11,
5,0,11,
5,0,23,
5,0,24,
5,0,28,
5,0,34,
5,0,36,
5,0,60,
5,0,64,
5,0,65,
5,0,69,
5,0,79,
5,0,88,
5,0,109,
5,0,116,
5,0,148,
5,0,167,
5,0,169,
5,1,0,
5,1,0,
5,1,1,
5,1,2,
5,1,4,
5,1,8,
5,1,10,
5,1,16,
5,1,22,
5,1,32,
5,1,33,
5,1,48,
5,1,51,
5,1,69,
5,1,85,
5,1,168,
5,2,0,
5,2,0,
5,2,1,
5,2,2,
5,2,4,
5,2,4,
5,2,11,
5,2,12,
5,2,14,
5,2,45,
5,2,52,
5,2,58,
5,2,67,
5,2,68,
5,2,152,
5,3,1,
5,3,1,
5,3,1,
5,3,2,
5,3,2,
5,3,9,
5,3,16,
5,3,17,
5,3,26,
5,3,47,
5,3,74,
5,3,90,
5,3,91,
5,3,94,
5,3,98,
5,4,2,
5,4,2,
5,4,5,
5,4,6,
5,4,12,
5,4,22,
5,4,24,
5,4,29,
5,4,60,
5,4,73,
5,4,127,
5,4,139,
5,5,0,
5,5,2,
5,5,6,
5,5,61,
5,5,75,
5,5,91,
5,6,0,
5,6,37,
5,6,62,
5,7,0,
5,7,2,
5,7,3,
5,7,9,
5,7,49,
5,8,1,
5,8,9,
5,8,18,
5,8,22,
5,8,34,
5,8,87,
5,9,1,
5,9,4,
5,10,0,
5,10,3,
5,10,8,
5,10,12,
5,10,16,
5,11,7,
5,11,26,
5,12,1,
5,12,2,
5,12,5,
5,12,8,
5,12,9,
5,12,31,
5,12,119,
5,12,161,
5,13,11,
5,13,101,
5,14,0,
5,14,1,
5,14,18,
5,14,100,
5,15,96,
5,15,113,
5,15,173,
5,16,0,
5,16,5,
5,16,5,
5,16,12,
5,17,1,
5,17,69,
5,18,11,
5,19,0,
5,19,2,
5,19,24,
5,22,15,
5,22,21,
5,22,35,
5,22,118,
5,24,5,
5,24,10,
5,24,21,
5,25,7,
5,27,0,
5,27,73,
5,27,109,
5,27,135,
5,28,1,
5,28,43,
5,28,65,
5,28,78,
5,29,104,
5,29,123,
5,30,0,
5,32,38,
5,34,11,
5,35,21,
5,36,0,
5,36,2,
5,36,23,
5,40,80,
5,40,94,
5,40,96,
5,41,191,
5,43,29,
5,43,98,
5,45,2,
5,46,35,
5,47,67,
5,47,134,
5,49,6,
5,53,0,
5,53,138,
5,55,7,
5,55,44,
5,58,68,
5,60,1,
5,70,8,
5,71,1,
5,73,2,
5,74,0,
5,76,4,
5,76,29,
5,76,39,
5,81,2,
5,81,197,
5,83,0,
5,83,17,
5,83,42,
5,84,25,
5,85,2,
5,87,8,
5,92,8,
5,92,10,
5,95,1,
5,97,1,
5,98,8,
5,100,56,
5,101,7,
5,104,2,
5,104,28,
5,107,11,
5,113,2,
5,113,30,
5,114,21,
5,115,2,
5,115,4,
5,117,0,
5,117,131,
5,120,13,
5,121,176,
5,124,16,
5,124,36,
5,124,59,
5,127,2,
5,139,24,
5,143,1,
5,143,1,
5,145,39,
5,150,1,
5,153,16,
5,154,0,
5,156,2,
5,170,25,
5,177,9,
5,184,63,
5,185,50,
5,187,0,
5,190,0,
5,192,2,
5,194,13,
5,197,0,
6,0,0,
6,0,0,
6,0,1,
6,0,1,
6,0,3,
6,0,3,
6,0,4,
6,0,8,
6,0,10,
6,0,17,
6,0,18,
6,0,18,
6,0,21,
6,0,31,
6,0,33,
6,0,33,
6,0,40,
6,0,42,
6,0,50,
6,0,66,
6,0,91,
6,0,104,
6,0,110,
6,0,179,
6,0,192,
6,1,0,
6,1,0,
6,1,0,
6,1,2,
6,1,2,
6,1,3,
6,1,4,
6,1,23,
6,1,36,
6,1,41,
6,1,73,
6,1,76,
6,1,98,
6,2,0,
6,2,0,
6,2,0,
6,2,1,
6,2,2,
6,2,6,
6,2,6,
6,2,9,
6,2,24,
6,2,38,
6,2,82,
6,2,100,
6,2,143,
6,2,166,
6,3,0,
6,3,0,
6,3,1,
6,3,2,
6,3,7,
6,3,11,
6,3,25,
6,3,39,
6,3,97,
6,3,132,
6,4,0,
6,4,0,
6,4,0,
6,4,0,
6,4,3,
6,4,5,
6,4,12,
6,4,35,
6,4,75,
6,5,1,
6,5,5,
6,5,9,
6,5,36,
6,6,0,
6,6,2,
6,6,33,
6,6,51,
6,6,60,
6,6,192,
6,7,4,
6,7,8,
6,7,37,
6,7,55,
6,7,165,
6,8,3,
6,9,1,
6,9,1,
6,9,19,
6,9,21,
6,11,4,
6,11,190,
6,12,63,
6,12,121,
6,13,2,
6,13,3,
6,13,3,
6,13,34,
6,14,0,
6,15,6,
6,16,27,
6,16,72,
6,17,0,
6,17,16,
6,17,167,
6,21,0,
6,21,43,
6,22,1,
6,22,12,
6,23,2,
6,24,18,
6,25,40,
6,25,65,
6,25,164,
6,26,13,
6,26,27,
6,27,79,
6,27,136,
6,29,0,
6,31,4,
6,31,8,
6,33,20,
6,35,0,
6,35,12,
6,35,14,
6,35,93,
6,37,14,
6,38,3,
6,38,131,
6,45,1,
6,45,51,
6,48,10,
6,49,19,
6,49,58,
6,52,12,
6,55,3,
6,56,16,
6,61,9,
6,62,2,
6,63,14,
6,66,1,
6,66,7,
6,66,16,
6,66,32,
6,67,1,
6,68,18,
6,70,15,
6,71,2,
6,73,47,
6,74,23,
6,75,32,
6,76,1,
6,77,147,
6,82,1,
6,83,167,
6,84,103,
6,87,65,
6,88,132,
6,89,4,
6,95,1,
6,96,63,
6,99,0,
6,99,10,
6,103,9,
6,105,189,
6,106,10,
6,112,1,
6,117,3,
6,121,2,
6,121,59,
6,122,1,
6,131,20,
6,134,12,
6,135,0,
6,136,13,
6,143,22,
6,146,0,
6,167,184,
6,189,94,
6,191,0,
7,0,0,
7,0,0,
7,0,0,
7,0,0,
7,0,0,
7,0,0,
7,0,1,
7,0,2,
7,0,3,
7,0,9,
7,0,9,
7,0,10,
7,0,10,
7,0,15,
7,0,15,
7,0,29,
7,0,37,
7,0,44,
7,0,50,
7,0,85,
7,0,120,
7,0,158,
7,0,183,
7,0,197,
7,1,0,
7,1,0,
7,1,0,
7,1,0,
7,1,1,
7,1,3,
7,1,6,
7,1,8,
7,1,15,
7,1,22,
7,1,34,
7,1,35,
7,1,42,
7,1,73,
7,1,77,
7,1,90,
7,1,153,
7,2,0,
7,2,2,
7,2,9,
7,2,44,
7,2,45,
7,2,148,
7,3,0,
7,3,2,
7,3,47,
7,3,70,
7,3,98,
7,3,127,
7,3,135,
7,4,26,
7,4,73,
7,4,85,
7,4,145,
7,4,194,
7,5,0,
7,5,2,
7,5,4,
7,5,4,
7,5,8,
7,5,8,
7,5,10,
7,5,16,
7,5,106,
7,5,114,
7,6,0,
7,6,0,
7,6,0,
7,6,8,
7,6,41,
7,6,44,
7,7,2,
7,7,2,
7,7,5,
7,7,6,
7,7,11,
7,7,19,
7,7,23,
7,7,55,
7,8,0,
7,8,0,
7,8,83,
7,9,4,
7,9,5,
7,9,35,
7,10,114,
7,10,126,
7,10,187,
7,11,46,
7,11,141,
7,12,3,
7,12,9,
7,12,60,
7,13,7,
7,13,13,
7,13,25,
7,13,38,
7,14,0,
7,14,0,
7,14,0,
7,14,1,
7,15,1,
7,15,103,
7,16,4,
7,16,71,
7,16,95,
7,18,8,
7,21,19,
7,23,0,
7,23,10,
7,23,28,
7,24,5,
7,25,16,
7,26,19,
7,27,5,
7,28,1,
7,28,171,
7,29,1,
7,29,48,
7,29,61,
7,30,5,
7,30,5,
7,30,10,
7,30,11,
7,31,41,
7,31,116,
7,32,7,
7,33,1,
7,35,1,
7,35,8,
7,38,2,
7,38,5,
7,38,79,
7,39,0,
7,39,4,
7,40,59,
7,40,60,
7,41,14,
7,41,87,
7,42,178,
7,48,6,
7,51,184,
7,54,9,
7,58,0,
7,58,11,
7,58,19,
7,64,6,
7,67,25,
7,68,6,
7,69,6,
7,74,47,
7,75,193,
7,76,1,
7,78,3,
7,78,16,
7,80,13,
7,80,55,
7,86,8,
7,86,110,
7,87,8,
7,87,38,
7,87,138,
7,89,0,
7,92,12,
7,96,4,
7,96,13,
7,98,0,
7,98,2,
7,102,125,
7,108,0,
7,110,2,
7,113,0,
7,115,11,
7,117,29,
7,128,4,
7,131,5,
7,150,101,
7,150,110,
7,159,0,
7,162,27,
7,175,1,
7,186,0,
7,188,2,
7,189,0,
7,197,1,
8,0,0,
8,0,0,
8,0,0,
8,0,0,
8,0,1,
8,0,1,
8,0,1,
8,0,2,
8,0,2,
8,0,3,
8,0,6,
8,0,6,
8,0,15,
8,0,21,
8,0,25,
8,0,33,
8,0,33,
8,0,45,
8,0,62,
8,0,126,
8,0,181,
8,1,0,
8,1,12,
8,1,24,
8,1,27,
8,1,34,
8,1,58,
8,1,72,
8,1,144,
8,1,163,
8,2,0,
8,2,3,
8,2,8,
8,2,9,
8,2,13,
8,2,14,
8,2,60,
8,2,62,
8,3,0,
8,3,0,
8,3,0,
8,3,0,
8,3,2,
8,3,3,
8,3,9,
8,3,12,
8,3,31,
8,3,40,
8,3,57,
8,3,85,
8,3,128,
8,4,9,
8,4,10,
8,4,10,
8,4,71,
8,5,14,
8,5,101,
8,6,1,
8,6,3,
8,6,120,
8,7,0,
8,7,3,
8,7,164,
8,7,191,
8,8,6,
8,9,7,
8,9,51,
8,10,1,
8,10,2,
8,10,4,
8,10,12,
8,10,12,
8,10,34,
8,10,67,
8,10,157,
8,11,0,
8,11,0,
8,11,0,
8,11,164,
8,12,1,
8,12,4,
8,12,5,
8,12,14,
8,12,49,
8,13,13,
8,14,5,
8,14,11,
8,14,40,
8,14,109,
8,15,61,
8,16,1,
8,16,4,
8,16,70,
8,19,5,
8,19,10,
8,20,49,
8,20,163,
8,22,0,
8,23,3,
8,24,1,
8,26,11,
8,28,1,
8,29,0,
8,29,25,
8,31,59,
8,32,2,
8,33,4,
8,37,56,
8,38,199,
8,40,17,
8,46,61,
8,48,0,
8,51,8,
8,51,69,
8,55,18,
8,57,0,
8,58,1,
8,59,12,
8,62,45,
8,63,181,
8,65,0,
8,66,20,
8,66,189,
8,67,22,
8,67,135,
8,74,7,
8,76,78,
8,78,73,
8,83,9,
8,83,46,
8,84,1,
8,92,1,
8,92,117,
8,94,98,
8,95,29,
8,101,25,
8,102,4,
8,106,0,
8,109,91,
8,113,159,
8,115,9,
8,119,144,
8,120,177,
8,121,3,
8,124,36,
8,139,5,
8,142,1,
8,144,5,
8,146,2,
8,148,16,
8,151,1,
8,151,3,
8,152,11,
8,160,19,
8,161,12,
8,163,124,
8,166,0,
8,173,2,
8,174,1,
8,185,0,
8,192,4,
8,199,61,
9,0,0,
9,0,0,
9,0,9,
9,0,10,
9,0,11,
9,0,13,
9,0,15,
9,0,16,
9,0,25,
9,0,42,
9,0,65,
9,0,67,
9,0,74,
9,0,75,
9,0,86,
9,0,148,
9,0,188,
9,1,3,
9,1,4,
9,1,41,
9,1,76,
9,1,120,
9,1,180,
9,1,186,
9,2,6,
9,2,7,
9,2,9,
9,2,17,
9,2,26,
9,2,125,
9,3,2,
9,3,7,
9,3,7,
9,3,119,
9,4,0,
9,4,0,
9,4,2,
9,4,21,
9,4,33,
9,4,104,
9,4,189,
9,5,2,
9,5,2,
9,6,0,
9,6,2,
9,6,20,
9,6,36,
9,6,47,
9,6,83,
9,7,2,
9,7,2,
9,7,18,
9,7,75,
9,8,0,
9,8,9,
9,8,10,
9,8,14,
9,8,14,
9,8,28,
9,8,41,
9,9,5,
9,9,79,
9,10,24,
9,10,36,
9,11,0,
9,12,43,
9,13,88,
9,15,1,
9,15,1,
9,15,108,
9,16,1,
9,17,17,
9,18,7,
9,18,63,
9,19,62,
9,20,2,
9,20,162,
9,21,2,
9,21,76,
9,22,2,
9,22,6,
9,22,19,
9,23,0,
9,23,66,
9,25,151,
9,26,6,
9,28,52,
9,29,131,
9,31,1,
9,34,0,
9,34,18,
9,39,36,
9,43,0,
9,43,1,
9,50,28,
9,53,0,
9,53,10,
9,53,20,
9,53,34,
9,55,1,
9,57,0,
9,57,3,
9,66,35,
9,66,181,
9,75,2,
9,78,1,
9,78,6,
9,81,8,
9,84,0,
9,87,1,
9,89,82,
9,94,3,
9,96,2,
9,97,46,
9,98,0,
9,99,13,
9,104,6,
9,105,114,
9,107,9,
9,108,41,
9,118,0,
9,119,24,
9,122,21,
9,125,8,
9,131,149,
9,133,3,
9,140,0,
9,148,5,
9,153,2,
9,156,143,
9,161,22,
9,162,19,
9,166,2,
9,166,108,
9,171,19,
9,179,46,
9,181,3,
9,182,4,
9,194,2,
9,194,67,
9,198,16,
10,0,0,
10,0,0,
10,0,0,
10,0,1,
10,0,5,
10,0,5,
10,0,6,
10,0,20,
10,0,30,
10,0,33,
10,0,37,
10,0,48,
10,0,55,
10,0,67,
10,0,94,
10,0,96,
10,0,100,
10,0,126,
10,1,0,
10,1,2,
10,1,2,
10,1,3,
10,1,3,
10,1,6,
10,1,7,
10,1,11,
10,1,14,
10,1,38,
10,1,44,
10,1,51,
10,1,101,
10,1,108,
10,1,118,
10,2,0,
10,2,0,
10,2,2,
10,2,2,
10,2,3,
10,2,4,
10,2,11,
10,2,23,
10,2,41,
10,2,135,
10,3,0,
10,3,0,
10,3,3,
10,3,7,
10,3,11,
10,3,22,
10,3,79,
10,3,84,
10,3,97,
10,4,0,
10,4,3,
10,4,19,
10,4,39,
10,4,51,
10,4,68,
10,4,85,
10,4,188,
10,5,2,
10,5,15,
10,5,25,
10,5,30,
10,5,107,
10,5,130,
10,5,150,
10,6,0,
10,6,96,
10,6,100,
10,7,7,
10,7,10,
10,7,21,
10,7,32,
10,8,0,
10,9,0,
10,9,4,
10,10,0,
10,10,79,
10,10,150,
10,13,1,
10,14,11,
10,14,56,
10,15,0,
10,16,0,
10,16,9,
10,17,1,
10,17,41,
10,19,1,
10,19,67,
10,21,5,
10,21,15,
10,23,0,
10,23,7,
10,23,13,
10,25,1,
10,25,4,
10,25,155,
10,27,20,
10,27,37,
10,29,177,
10,31,58,
10,35,3,
10,35,20,
10,36,77,
10,37,0,
10,40,13,
10,41,1,
10,49,55,
10,50,27,
10,51,17,
10,55,19,
10,56,0,
10,56,1,
10,59,2,
10,61,140,
10,64,48,
10,67,125,
10,72,10,
10,74,64,
10,78,14,
10,82,35,
10,83,9,
10,94,12,
10,98,0,
10,100,0,
10,101,44,
10,104,1,
10,106,39,
10,106,82,
10,112,0,
10,112,20,
10,116,32,
10,119,24,
10,125,68,
10,139,15,
10,142,1,
10,148,187,
10,149,179,
10,152,19,
10,158,113,
10,160,1,
10,164,4,
10,167,103,
10,173,89,
10,176,0,
10,185,8,
10,186,4,
11,0,0,
11,0,0,
11,0,5,
11,0,10,
11,0,21,
11,0,27,
11,0,31,
11,0,31,
11,0,64,
11,0,113,
11,0,145,
11,0,164,
11,1,1,
11,1,5,
11,1,17,
11,1,18,
11,1,26,
11,1,69,
11,1,147,
11,2,0,
11,2,2,
11,2,6,
11,2,10,
11,2,19,
11,2,96,
11,3,1,
11,3,2,
11,3,24,
11,3,69,
11,3,137,
11,3,165,
11,4,0,
11,4,1,
11,4,4,
11,4,86,
11,5,0,
11,5,58,
11,6,2,
11,6,5,
11,6,8,
11,6,51,
11,6,66,
11,7,2,
11,7,5,
11,7,8,
11,7,13,
11,7,31,
11,8,0,
11,9,0,
11,9,121,
11,9,180,
11,12,111,
11,13,55,
11,14,0,
11,14,9,
11,14,19,
11,15,6,
11,15,92,
11,15,182,
11,16,17,
11,17,157,
11,18,0,
11,19,0,
11,19,0,
11,19,1,
11,20,0,
11,20,1,
11,21,10,
11,21,31,
11,23,4,
11,23,33,
11,24,0,
11,24,28,
11,25,2,
11,26,13,
11,28,60,
11,30,9,
11,30,102,
11,32,7,
11,36,1,
11,36,75,
11,37,3,
11,38,0,
11,39,39,
11,39,57,
11,46,20,
11,51,1,
11,51,1,
11,51,2,
11,51,24,
11,54,1,
11,54,31,
11,56,0,
11,63,0,
11,63,83,
11,74,34,
11,87,81,
11,93,53,
11,119,188,
11,127,51,
11,129,0,
11,131,113,
11,135,16,
11,146,33,
11,154,66,
11,166,28,
11,171,95,
11,194,100,
12,0,0,
12,0,0,
12,0,1,
12,0,4,
12,0,4,
12,0,13,
12,0,16,
12,0,24,
12,0,26,
12,0,37,
12,0,38,
12,0,71,
12,0,93,
12,0,107,
12,1,2,
12,1,3,
12,1,3,
12,1,5,
12,1,6,
12,1,7,
12,1,7,
12,1,9,
12,1,9,
12,1,14,
12,1,52,
12,1,145,
12,1,169,
12,2,0,
12,2,0,
12,2,1,
12,2,5,
12,2,8,
12,2,117,
12,3,5,
12,4,2,
12,4,16,
12,4,23,
12,5,0,
12,5,2,
12,5,2,
12,5,24,
12,5,55,
12,6,0,
12,6,0,
12,6,1,
12,6,3,
12,6,4,
12,6,7,
12,6,123,
12,7,9,
12,7,29,
12,8,8,
12,8,43,
12,8,114,
12,9,2,
12,9,6,
12,9,50,
12,10,2,
12,11,157,
12,12,146,
12,13,20,
12,14,12,
12,15,0,
12,15,0,
12,16,4,
12,16,7,
12,16,23,
12,17,1,
12,17,115,
12,18,15,
12,18,18,
12,18,37,
12,19,11,
12,24,7,
12,24,28,
12,26,33,
12,29,79,
12,29,114,
12,30,1,
12,30,1,
12,30,45,
12,30,49,
12,32,103,
12,32,182,
12,35,45,
12,36,0,
12,37,3,
12,38,0,
12,39,1,
12,40,56,
12,41,4,
12,43,7,
12,45,41,
12,52,43,
12,55,1,
12,56,154,
12,62,60,
12,70,56,
12,72,0,
12,72,115,
12,73,32,
12,81,0,
12,84,21,
12,85,70,
12,90,0,
12,97,1,
12,98,59,
12,102,13,
12,103,0,
12,113,197,
12,125,22,
12,126,40,
12,126,157,
12,129,8,
12,138,14,
12,143,0,
12,156,4,
12,166,2,
12,168,51,
12,185,199,
12,186,15,
12,192,3,
13,0,1,
13,0,2,
13,0,2,
13,0,5,
13,0,6,
13,0,9,
13,0,12,
13,0,15,
13,0,34,
13,0,107,
13,0,114,
13,0,173,
13,0,190,
13,1,0,
13,1,8,
13,1,16,
13,1,25,
13,1,33,
13,1,54,
13,1,82,
13,2,6,
13,2,11,
13,2,15,
13,3,0,
13,3,0,
13,3,0,
13,4,2,
13,4,7,
13,4,18,
13,5,0,
13,5,30,
13,6,41,
13,6,83,
13,7,0,
13,7,2,
13,7,3,
13,7,4,
13,7,24,
13,7,52,
13,7,98,
13,8,1,
13,8,84,
13,9,1,
13,10,13,
13,10,32,
13,11,1,
13,11,8,
13,11,8,
13,11,37,
13,14,9,
13,15,23,
13,16,22,
13,17,0,
13,19,11,
13,20,1,
13,20,6,
13,20,7,
13,20,77,
13,20,85,
13,23,50,
13,26,1,
13,26,1,
13,27,4,
13,31,1,
13,31,18,
13,31,147,
13,32,2,
13,33,62,
13,34,27,
13,38,7,
13,42,33,
13,46,1,
13,49,10,
13,56,46,
13,57,1,
13,63,14,
13,64,45,
13,66,0,
13,67,11,
13,67,16,
13,70,31,
13,70,91,
13,80,2,
13,84,55,
13,89,28,
13,90,19,
13,90,54,
13,112,104,
13,117,0,
13,184,4,
13,193,41,
14,0,0,
14,0,0,
14,0,1,
14,0,2,
14,0,4,
14,0,4,
14,0,6,
14,0,16,
14,0,20,
14,0,20,
14,0,22,
14,0,143,
14,0,160,
14,1,0,
14,1,1,
14,1,2,
14,1,2,
14,1,3,
14,1,6,
14,1,7,
14,1,13,
14,1,16,
14,1,29,
14,1,140,
14,1,148,
14,1,185,
14,2,0,
14,2,5,
14,2,6,
14,2,46,
14,2,85,
14,2,89,
14,2,106,
14,2,181,
14,3,2,
14,3,117,
14,3,119,
14,4,0,
14,4,33,
14,5,0,
14,5,0,
14,5,5,
14,5,111,
14,5,156,
14,5,181,
14,6,4,
14,6,11,
14,6,111,
14,7,0,
14,7,0,
14,7,53,
14,7,160,
14,8,6,
14,8,29,
14,9,3,
14,10,9,
14,11,14,
14,11,131,
14,12,153,
14,13,1,
14,13,6,
14,14,38,
14,15,102,
14,16,4,
14,17,7,
14,18,22,
14,21,0,
14,27,48,
14,28,0,
14,29,70,
14,29,98,
14,30,1,
14,33,1,
14,33,38,
14,35,4,
14,39,13,
14,40,80,
14,41,8,
14,47,2,
14,51,1,
14,54,121,
14,55,0,
14,55,2,
14,55,28,
14,56,110,
14,57,2,
14,64,8,
14,69,72,
14,70,0,
14,73,106,
14,74,47,
14,78,12,
14,80,52,
14,86,6,
14,86,26,
14,86,61,
14,88,2,
14,91,7,
14,91,186,
14,95,9,
14,100,28,
14,119,24,
14,120,11,
14,137,9,
14,138,3,
14,138,170,
14,160,5,
14,160,56,
14,163,0,
14,163,34,
14,164,0,
14,167,125,
14,173,133,
14,176,0,
14,198,5,
15,0,0,
15,0,0,
15,0,0,
15,0,0,
15,0,1,
15,0,3,
15,0,4,
15,0,4,
15,0,5,
15,0,6,
15,0,7,
15,0,8,
15,0,17,
15,0,22,
15,0,51,
15,0,65,
15,1,2,
15,1,7,
15,1,12,
15,1,16,
15,1,47,
15,1,76,
15,2,6,
15,2,6,
15,2,12,
15,2,24,
15,2,76,
15,3,1,
15,3,30,
15,3,57,
15,4,0,
15,4,0,
15,4,1,
15,4,16,
15,5,2,
15,5,5,
15,5,15,
15,7,1,
15,7,7,
15,7,11,
15,7,97,
15,8,3,
15,8,160,
15,9,1,
15,9,65,
15,10,71,
15,11,3,
15,11,140,
15,12,0,
15,12,48,
15,12,66,
15,13,8,
15,13,9,
15,13,66,
15,13,74,
15,13,113,
15,14,113,
15,19,1,
15,19,56,
15,21,3,
15,22,8,
15,23,52,
15,25,84,
15,27,4,
15,27,12,
15,29,0,
15,30,0,
15,30,1,
15,36,0,
15,40,9,
15,42,83,
15,44,5,
15,52,2,
15,54,9,
15,58,83,
15,63,21,
15,66,32,
15,68,13,
15,69,21,
15,69,32,
15,72,148,
15,82,2,
15,86,7,
15,89,1,
15,89,183,
15,94,10,
15,106,5,
15,112,0,
15,114,16,
15,117,29,
15,119,27,
15,124,22,
15,136,0,
15,137,2,
15,138,7,
15,150,10,
15,153,12,
15,164,1,
15,167,0,
15,174,4,
15,174,13,
15,194,28,
15,199,2,
16,0,0,
16,0,1,
16,0,4,
16,0,8,
16,0,17,
16,0,28,
16,0,63,
16,0,74,
16,1,0,
16,1,4,
16,1,20,
16,2,1,
16,2,11,
16,2,75,
16,2,83,
16,3,4,
16,3,5,
16,3,27,
16,3,84,
16,3,165,
16,4,5,
16,4,6,
16,4,23,
16,5,0,
16,5,144,
16,7,0,
16,7,16,
16,7,42,
16,8,10,
16,8,31,
16,8,162,
16,9,143,
16,10,11,
16,11,3,
16,11,92,
16,11,125,
16,12,66,
16,13,0,
16,14,1,
16,14,156,
16,15,3,
16,16,3,
16,17,0,
16,27,0,
16,28,101,
16,29,63,
16,29,85,
16,44,9,
16,45,74,
16,46,41,
16,47,0,
16,49,17,
16,50,4,
16,52,17,
16,52,24,
16,53,1,
16,53,4,
16,61,0,
16,61,12,
16,64,22,
16,66,0,
16,81,17,
16,83,3,
16,87,55,
16,98,0,
16,99,25,
16,100,4,
16,105,63,
16,108,35,
16,111,0,
16,111,180,
16,114,55,
16,117,21,
16,137,88,
16,139,0,
16,162,34,
16,167,2,
16,184,3,
16,184,14,
16,186,1,
17,0,0,
17,0,3,
17,0,3,
17,0,8,
17,0,10,
17,0,24,
17,0,25,
17,0,40,
17,0,40,
17,0,41,
17,0,54,
17,0,57,
17,0,61,
17,0,117,
17,0,127,
17,1,0,
17,1,3,
17,1,174,
17,2,30,
17,2,118,
17,2,195,
17,3,10,
17,3,72,
17,3,86,
17,4,1,
17,4,70,
17,5,0,
17,5,3,
17,5,4,
17,5,151,
17,7,123,
17,7,167,
17,9,24,
17,10,1,
17,11,0,
17,12,0,
17,12,85,
17,14,4,
17,15,1,
17,16,8,
17,16,47,
17,17,68,
17,18,150,
17,20,0,
17,20,3,
17,21,5,
17,21,127,
17,23,0,
17,25,2,
17,25,53,
17,29,60,
17,38,65,
17,39,5,
17,43,15,
17,45,32,
17,47,27,
17,50,7,
17,61,19,
17,62,26,
17,71,5,
17,71,17,
17,77,1,
17,107,46,
17,120,2,
17,126,29,
17,195,1,
18,0,0,
18,0,1,
18,0,1,
18,0,1,
18,0,9,
18,0,10,
18,0,15,
18,1,1,
18,1,3,
18,1,9,
18,1,9,
18,1,16,
18,1,31,
18,1,33,
18,1,45,
18,1,170,
18,2,1,
18,2,22,
18,2,27,
18,2,33,
18,2,47,
18,3,0,
18,3,2,
18,4,0,
18,4,2,
18,4,37,
18,6,1,
18,6,149,
18,7,72,
18,7,116,
18,8,11,
18,9,14,
18,9,94,
18,9,106,
18,9,167,
18,10,29,
18,10,41,
18,11,12,
18,13,0,
18,13,13,
18,14,29,
18,15,3,
18,18,13,
18,21,0,
18,21,1,
18,21,124,
18,22,21,
18,23,47,
18,24,13,
18,29,4,
18,30,0,
18,35,78,
18,38,0,
18,38,3,
18,41,38,
18,51,24,
18,62,107,
18,63,2,
18,80,12,
18,86,10,
18,98,0,
18,105,0,
18,108,51,
18,122,17,
18,123,86,
18,127,59,
18,156,2,
18,172,2,
18,177,3,
18,180,21,
19,0,0,
19,0,3,
19,0,4,
19,0,6,
19,0,102,
19,0,156,
19,1,0,
19,1,1,
19,1,12,
19,1,15,
19,1,35,
19,1,48,
19,1,144,
19,2,2,
19,2,3,
19,2,4,
19,2,7,
19,3,2,
19,3,2,
19,3,15,
19,4,47,
19,5,0,
19,6,0,
19,6,2,
19,6,15,
19,8,39,
19,10,2,
19,10,4,
19,12,194,
19,13,6,
19,14,0,
19,16,1,
19,22,0,
19,23,46,
19,23,99,
19,24,7,
19,26,130,
19,27,7,
19,28,47,
19,29,167,
19,32,1,
19,36,13,
19,40,26,
19,43,1,
19,43,5,
19,47,1,
19,49,98,
19,62,30,
19,69,18,
19,83,14,
19,85,130,
19,86,69,
19,87,4,
19,99,3,
19,106,75,
19,115,158,
19,119,3,
19,144,48,
19,149,4,
19,171,144,
19,182,9,
20,0,1,
20,0,5,
20,0,6,
20,0,7,
20,0,9,
20,0,10,
20,0,48,
20,0,59,
20,0,84,
20,0,115,
20,1,9,
20,1,29,
20,1,181,
20,2,44,
20,2,46,
20,3,7,
20,3,45,
20,4,18,
20,5,0,
20,5,1,
20,5,27,
20,6,4,
20,6,7,
20,6,29,
20,6,64,
20,7,1,
20,7,3,
20,7,5,
20,7,65,
20,8,2,
20,8,3,
20,9,0,
20,11,3,
20,14,21,
20,15,2,
20,15,101,
20,16,16,
20,16,47,
20,19,43,
20,25,3,
20,30,11,
20,30,140,
20,33,0,
20,42,64,
20,52,1,
20,58,1,
20,60,1,
20,78,3,
20,83,3,
20,91,5,
20,94,24,
20,94,175,
20,97,9,
20,111,18,
20,111,18,
20,153,113,
20,191,124,
21,0,0,
21,0,0,
21,0,0,
21,0,5,
21,0,6,
21,0,9,
21,0,12,
21,0,17,
21,0,51,
21,0,78,
21,0,81,
21,0,119,
21,1,0,
21,1,1,
21,1,3,
21,1,36,
21,1,44,
21,1,84,
21,2,0,
21,2,3,
21,2,3,
21,2,12,
21,2,66,
21,2,148,
21,3,0,
21,3,67,
21,4,0,
21,4,149,
21,5,0,
21,5,65,
21,5,126,
21,6,2,
21,6,141,
21,7,4,
21,7,4,
21,7,72,
21,8,18,
21,10,2,
21,11,187,
21,12,101,
21,13,57,
21,14,0,
21,14,154,
21,16,2,
21,16,108,
21,17,0,
21,17,1,
21,17,4,
21,18,67,
21,19,94,
21,20,1,
21,20,71,
21,22,19,
21,25,12,
21,27,45,
21,31,98,
21,33,0,
21,39,4,
21,41,105,
21,48,3,
21,63,32,
21,65,0,
21,73,44,
21,77,25,
21,79,0,
21,82,32,
21,90,4,
21,91,3,
21,105,5,
21,123,0,
21,123,0,
21,125,0,
21,127,0,
21,159,0,
21,160,13,
21,166,9,
21,167,4,
22,0,0,
22,0,1,
22,0,1,
22,0,2,
22,0,3,
22,0,3,
22,0,4,
22,0,7,
22,0,10,
22,0,25,
22,0,25,
22,0,111,
22,0,184,
22,1,1,
22,1,143,
22,1,176,
22,2,4,
22,2,29,
22,2,87,
22,3,22,
22,4,88,
22,5,0,
22,6,0,
22,6,1,
22,6,187,
22,7,8,
22,7,16,
22,7,46,
22,8,1,
22,8,27,
22,8,133,
22,10,0,
22,10,31,
22,14,0,
22,14,1,
22,14,1,
22,14,9,
22,14,97,
22,15,44,
22,19,6,
22,19,30,
22,21,76,
22,24,0,
22,28,3,
22,28,28,
22,30,1,
22,32,196,
22,38,24,
22,42,126,
22,42,162,
22,43,55,
22,46,16,
22,47,0,
22,53,47,
22,54,1,
22,58,12,
22,75,1,
22,78,0,
22,82,81,
22,115,106,
22,121,10,
22,126,1,
22,128,18,
22,149,15,
22,168,156,
22,169,1,
22,179,2,
23,0,3,
23,0,3,
23,0,5,
23,0,12,
23,0,89,
23,1,6,
23,1,38,
23,2,35,
23,2,196,
23,3,152,
23,3,161,
23,5,7,
23,6,9,
23,7,0,
23,7,2,
23,7,16,
23,9,102,
23,10,6,
23,10,163,
23,11,64,
23,15,4,
23,15,65,
23,16,3,
23,17,3,
23,17,4,
23,17,73,
23,19,1,
23,20,66,
23,22,3,
23,23,16,
23,24,0,
23,24,0,
23,24,0,
23,24,11,
23,28,17,
23,31,21,
23,31,31,
23,35,7,
23,40,4,
23,42,150,
23,48,24,
23,51,2,
23,53,64,
23,56,0,
23,57,19,
23,60,22,
23,65,1,
23,70,4,
23,71,78,
23,78,6,
23,83,9,
23,84,31,
23,85,79,
23,90,20,
23,104,2,
23,105,5,
23,115,56,
23,130,2,
23,130,93,
23,137,0,
23,142,168,
23,142,174,
23,180,36,
23,186,152,
23,198,1,
23,199,7,
24,0,0,
24,0,0,
24,0,0,
24,0,4,
24,0,10,
24,0,124,
24,1,0,
24,1,1,
24,1,2,
24,1,7,
24,1,7,
24,1,11,
24,1,36,
24,2,6,
24,2,16,
24,2,40,
24,3,0,
24,3,7,
24,3,66,
24,4,5,
24,4,38,
24,4,53,
24,5,0,
24,5,135,
24,6,0,
24,6,0,
24,6,1,
24,8,0,
24,8,1,
24,9,1,
24,9,1,
24,10,25,
24,11,18,
24,11,69,
24,13,12,
24,14,1,
24,14,57,
24,20,1,
24,20,10,
24,21,0,
24,21,3,
24,23,175,
24,26,185,
24,29,1,
24,30,3,
24,32,32,
24,35,124,
24,43,27,
24,45,0,
24,50,129,
24,53,29,
24,63,62,
24,72,0,
24,82,75,
24,101,12,
24,135,2,
24,149,5,
24,152,6,
24,159,0,
25,0,2,
25,0,5,
25,0,7,
25,0,7,
25,0,67,
25,0,121,
25,1,0,
25,1,1,
25,1,3,
25,1,4,
25,1,6,
25,1,6,
25,1,30,
25,1,46,
25,2,17,
25,2,35,
25,3,0,
25,3,9,
25,3,19,
25,4,0,
25,4,121,
25,5,4,
25,6,8,
25,6,46,
25,7,126,
25,8,2,
25,9,11,
25,9,128,
25,11,88,
25,11,118,
25,12,3,
25,14,0,
25,19,19,
25,20,70,
25,20,185,
25,23,48,
25,24,1,
25,24,3,
25,25,8,
25,26,49,
25,35,46,
25,36,0,
25,38,0,
25,38,57,
25,40,28,
25,47,11,
25,48,1,
25,48,5,
25,49,77,
25,53,4,
25,57,5,
25,58,2,
25,71,2,
25,81,169,
25,82,6,
25,88,2,
25,89,1,
25,89,3,
25,113,0,
25,114,3,
25,140,0,
25,177,132,
25,178,14,
25,181,26,
25,190,80,
26,0,0,
26,0,0,
26,0,2,
26,0,4,
26,0,4,
26,0,5,
26,0,17,
26,0,28,
26,1,0,
26,1,4,
26,1,44,
26,1,80,
26,1,163,
26,2,14,
26,2,15,
26,2,197,
26,4,7,
26,4,16,
26,5,16,
26,5,93,
26,6,156,
26,7,48,
26,8,0,
26,8,1,
26,8,7,
26,10,33,
26,10,73,
26,10,148,
26,14,4,
26,15,23,
26,17,4,
26,17,49,
26,18,3,
26,19,3,
26,25,55,
26,26,14,
26,27,2,
26,30,85,
26,36,59,
26,40,20,
26,41,0,
26,49,46,
26,50,61,
26,54,1,
26,57,102,
26,58,119,
26,61,3,
26,78,161,
26,92,58,
26,125,42,
26,127,36,
26,130,15,
26,141,9,
26,150,15,
26,189,169,
27,0,0,
27,0,2,
27,0,3,
27,0,10,
27,1,66,
27,1,168,
27,2,6,
27,2,67,
27,2,180,
27,3,1,
27,3,6,
27,3,125,
27,4,1,
27,5,4,
27,5,23,
27,7,5,
27,7,129,
27,8,0,
27,18,1,
27,18,7,
27,21,25,
27,21,52,
27,22,12,
27,26,11,
27,34,65,
27,43,1,
27,58,189,
27,63,1,
27,87,0,
27,92,0,
27,98,23,
27,109,2,
27,118,5,
27,130,9,
27,130,75,
27,137,4,
27,149,128,
27,154,19,
27,155,23,
27,169,1,
28,0,0,
28,0,0,
28,0,1,
28,0,4,
28,0,4,
28,0,5,
28,0,8,
28,0,25,
28,0,27,
28,0,33,
28,0,34,
28,0,39,
28,0,93,
28,0,101,
28,2,1,
28,2,1,
28,2,10,
28,3,0,
28,4,4,
28,4,20,
28,4,27,
28,5,19,
28,5,20,
28,5,90,
28,6,1,
28,8,2,
28,8,33,
28,8,55,
28,11,71,
28,13,16,
28,14,2,
28,14,16,
28,15,33,
28,16,1,
28,16,61,
28,19,4,
28,20,3,
28,21,1,
28,24,11,
28,25,22,
28,29,121,
28,41,191,
28,52,16,
28,54,5,
28,56,186,
28,59,9,
28,65,44,
28,71,4,
28,73,27,
28,75,8,
28,85,178,
28,91,0,
28,95,9,
28,101,17,
28,107,13,
28,132,0,
28,191,8,
29,0,0,
29,0,0,
29,0,1,
29,0,9,
29,0,35,
29,0,44,
29,0,128,
29,1,0,
29,1,21,
29,1,24,
29,1,124,
29,1,172,
29,1,184,
29,2,10,
29,2,128,
29,3,7,
29,3,9,
29,3,16,
29,3,25,
29,4,12,
29,4,85,
29,5,29,
29,5,39,
29,6,5,
29,6,6,
29,6,45,
29,7,7,
29,7,23,
29,9,85,
29,10,159,
29,12,4,
29,16,2,
29,17,6,
29,23,0,
29,23,148,
29,25,133,
29,30,35,
29,31,57,
29,35,7,
29,36,2,
29,38,15,
29,38,42,
29,39,4,
29,39,4,
29,40,52,
29,44,7,
29,44,20,
29,48,22,
29,48,36,
29,55,0,
29,57,1,
29,63,11,
29,67,9,
29,72,15,
29,75,10,
29,76,0,
29,100,16,
29,106,89,
29,108,34,
29,131,45,
29,140,23,
29,193,45,
30,0,0,
30,0,3,
30,0,6,
30,0,9,
30,0,12,
30,0,14,
30,0,17,
30,0,64,
30,0,66,
30,0,86,
30,0,162,
30,1,5,
30,2,55,
30,3,4,
30,4,0,
30,4,79,
30,4,102,
30,5,17,
30,5,43,
30,6,159,
30,8,6,
30,12,3,
30,14,2,
30,15,71,
30,18,6,
30,19,5,
30,19,41,
30,20,22,
30,23,0,
30,25,112,
30,26,0,
30,31,1,
30,31,85,
30,34,1,
30,38,0,
30,45,1,
30,45,5,
30,46,174,
30,52,102,
30,53,0,
30,60,12,
30,62,125,
30,65,1,
30,83,2,
30,91,7,
30,120,4,
30,149,14,
30,188,27,
31,0,1,
31,0,10,
31,0,11,
31,0,119,
31,1,0,
31,1,1,
31,1,6,
31,1,36,
31,2,1,
31,2,1,
31,2,6,
31,2,105,
31,3,7,
31,3,119,
31,4,0,
31,9,23,
31,11,16,
31,12,0,
31,14,21,
31,15,1,
31,16,8,
31,22,1,
31,27,0,
31,27,0,
31,27,1,
31,29,1,
31,30,70,
31,35,0,
31,36,13,
31,38,30,
31,39,73,
31,41,0,
31,41,3,
31,45,33,
31,55,1,
31,60,1,
31,74,100,
31,93,0,
31,100,1,
31,138,6,
31,149,2,
31,162,60,
31,196,1,
32,0,1,
32,0,7,
32,0,12,
32,0,39,
32,0,40,
32,0,92,
32,0,94,
32,0,116,
32,0,165,
32,1,3,
32,1,145,
32,2,1,
32,3,3,
32,3,4,
32,3,6,
32,3,35,
32,4,27,
32,4,73,
32,6,1,
32,6,1,
32,7,33,
32,8,0,
32,8,4,
32,8,14,
32,9,6,
32,10,65,
32,12,151,
32,14,16,
32,14,24,
32,15,81,
32,17,66,
32,19,70,
32,23,1,
32,43,25,
32,45,7,
32,48,24,
32,50,152,
32,51,11,
32,56,18,
32,65,1,
32,66,52,
32,77,0,
32,87,20,
32,115,2,
32,135,112,
32,137,23,
32,139,81,
32,157,3,
33,0,1,
33,0,2,
33,0,2,
33,0,3,
33,0,5,
33,0,14,
33,0,18,
33,0,25,
33,0,31,
33,0,44,
33,0,57,
33,0,158,
33,0,175,
33,1,1,
33,1,5,
33,1,118,
33,2,4,
33,2,6,
33,2,91,
33,4,3,
33,5,0,
33,5,10,
33,5,25,
33,6,4,
33,7,2,
33,8,56,
33,10,94,
33,12,44,
33,15,92,
33,18,22,
33,21,68,
33,24,44,
33,39,0,
33,50,51,
33,53,2,
33,67,26,
33,71,12,
33,73,7,
33,76,22,
33,78,11,
33,84,5,
33,84,89,
33,127,9,
33,142,21,
33,159,0,
34,0,77,
34,1,2,
34,1,3,
34,1,17,
34,2,1,
34,2,8,
34,2,140,
34,3,3,
34,5,74,
34,6,11,
34,7,0,
34,7,19,
34,8,1,
34,8,14,
34,8,25,
34,9,10,
34,9,12,
34,9,86,
34,9,194,
34,10,17,
34,11,6,
34,18,28,
34,19,8,
34,21,26,
34,23,3,
34,25,41,
34,48,22,
34,49,8,
34,50,33,
34,61,137,
34,68,1,
34,80,18,
34,86,80,
34,104,2,
34,105,55,
34,116,73,
34,139,108,
34,150,17,
34,182,22,
35,0,3,
35,0,3,
35,0,55,
35,0,57,
35,1,0,
35,1,1,
35,1,2,
35,1,2,
35,1,38,
35,1,190,
35,2,17,
35,3,2,
35,3,123,
35,4,0,
35,6,16,
35,6,28,
35,6,173,
35,7,0,
35,7,13,
35,8,0,
35,10,0,
35,10,22,
35,10,38,
35,11,9,
35,11,11,
35,14,0,
35,23,3,
35,28,20,
35,29,0,
35,31,3,
35,31,144,
35,39,7,
35,42,32,
35,44,2,
35,44,168,
35,50,4,
35,58,121,
35,59,0,
35,60,6,
35,62,15,
35,83,82,
35,109,4,
35,109,50,
35,121,8,
35,122,0,
35,150,83,
35,164,1,
35,182,36,
35,191,0,
36,0,0,
36,0,0,
36,0,3,
36,0,12,
36,0,32,
36,0,55,
36,1,1,
36,1,4,
36,1,30,
36,2,0,
36,2,22,
36,2,43,
36,3,120,
36,5,0,
36,5,80,
36,6,54,
36,7,4,
36,8,10,
36,9,36,
36,10,1,
36,14,129,
36,15,36,
36,15,168,
36,16,1,
36,18,22,
36,20,12,
36,20,19,
36,22,44,
36,30,9,
36,31,66,
36,33,12,
36,37,0,
36,39,80,
36,41,9,
36,42,0,
36,44,7,
36,44,44,
36,46,102,
36,71,199,
36,72,24,
36,85,9,
36,95,19,
36,110,120,
36,113,80,
36,115,2,
36,124,5,
36,146,102,
36,156,2,
37,0,21,
37,1,1,
37,1,13,
37,2,0,
37,2,49,
37,3,0,
37,3,3,
37,3,28,
37,3,128,
37,4,181,
37,5,2,
37,5,14,
37,6,7,
37,6,23,
37,7,0,
37,7,99,
37,8,1,
37,11,8,
37,12,61,
37,13,33,
37,14,0,
37,14,104,
37,18,33,
37,20,12,
37,20,169,
37,21,2,
37,22,2,
37,22,14,
37,22,191,
37,23,6,
37,41,0,
37,50,183,
37,51,134,
37,52,41,
37,73,4,
37,92,32,
37,143,0,
37,152,0,
37,174,1,
37,188,70,
37,196,64,
38,0,0,
38,0,42,
38,0,57,
38,0,83,
38,1,161,
38,2,1,
38,2,7,
38,2,10,
38,4,10,
38,4,22,
38,4,25,
38,4,169,
38,7,143,
38,8,1,
38,9,13,
38,10,0,
38,11,0,
38,12,17,
38,13,0,
38,13,32,
38,13,116,
38,18,163,
38,19,12,
38,22,8,
38,22,97,
38,25,164,
38,27,62,
38,36,0,
38,39,2,
38,55,6,
38,74,1,
38,76,1,
38,108,4,
38,109,120,
38,144,1,
38,156,46,
38,196,39,
39,0,4,
39,0,11,
39,0,14,
39,0,34,
39,0,121,
39,1,107,
39,2,126,
39,2,135,
39,2,152,
39,3,46,
39,4,0,
39,4,13,
39,5,25,
39,6,0,
39,6,2,
39,7,1,
39,8,10,
39,8,18,
39,8,113,
39,9,13,
39,10,14,
39,11,46,
39,11,119,
39,13,3,
39,20,186,
39,23,2,
39,29,101,
39,37,4,
39,44,3,
39,46,51,
39,50,1,
39,51,0,
39,74,2,
39,77,1,
39,84,6,
39,85,0,
39,102,66,
39,123,82,
39,148,32,
40,0,2,
40,0,4,
40,0,9,
40,1,47,
40,3,6,
40,3,34,
40,3,118,
40,9,0,
40,16,20,
40,17,16,
40,17,39,
40,30,1,
40,31,16,
40,32,1,
40,40,8,
40,72,0,
40,75,10,
40,82,2,
40,92,17,
40,95,28,
40,98,22,
40,98,90,
40,102,0,
40,147,2,
40,155,23,
40,155,65,
40,171,0,
41,0,45,
41,1,0,
41,1,1,
41,1,7,
41,1,96,
41,2,6,
41,2,160,
41,3,5,
41,3,12,
41,3,17,
41,4,56,
41,4,148,
41,5,3,
41,5,11,
41,6,17,
41,6,155,
41,9,25,
41,11,2,
41,11,31,
41,13,0,
41,13,51,
41,16,7,
41,29,146,
41,40,0,
41,59,0,
41,59,117,
41,96,31,
41,103,85,
41,112,1,
41,183,4,
42,0,0,
42,0,101,
42,1,0,
42,1,20,
42,2,0,
42,2,1,
42,2,15,
42,2,103,
42,3,3,
42,3,95,
42,4,2,
42,4,6,
42,6,13,
42,6,21,
42,6,53,
42,7,15,
42,12,5,
42,15,0,
42,16,56,
42,19,180,
42,26,0,
42,28,3,
42,39,103,
42,47,2,
42,50,16,
42,52,1,
42,54,14,
42,55,55,
42,60,22,
42,65,36,
42,81,65,
42,123,3,
42,150,2,
42,158,12,
43,0,0,
43,0,12,
43,0,153,
43,0,181,
43,1,0,
43,1,3,
43,1,11,
43,1,71,
43,1,87,
43,2,2,
43,2,24,
43,4,1,
43,4,81,
43,5,5,
43,7,4,
43,8,35,
43,8,198,
43,9,2,
43,11,72,
43,12,6,
43,12,176,
43,15,0,
43,18,0,
43,54,44,
43,59,180,
43,72,1,
43,86,13,
43,89,21,
43,102,137,
43,105,1,
44,0,3,
44,0,5,
44,0,7,
44,0,10,
44,0,21,
44,0,28,
44,0,76,
44,1,5,
44,1,10,
44,1,76,
44,1,92,
44,2,12,
44,2,44,
44,3,5,
44,3,11,
44,4,154,
44,5,8,
44,7,5,
44,11,26,
44,12,1,
44,12,13,
44,16,87,
44,17,4,
44,24,44,
44,31,31,
44,32,14,
44,55,27,
44,66,20,
44,70,3,
44,72,4,
44,85,41,
44,89,3,
44,113,21,
44,113,131,
44,118,1,
44,144,7,
44,164,151,
45,0,5,
45,2,0,
45,2,0,
45,2,10,
45,6,0,
45,6,19,
45,7,25,
45,8,7,
45,8,25,
45,9,2,
45,11,0,
45,15,41,
45,17,1,
45,21,2,
45,21,91,
45,26,178,
45,34,24,
45,39,22,
45,46,4,
45,46,8,
45,68,52,
45,70,0,
45,71,10,
45,71,15,
45,80,2,
45,83,34,
45,98,0,
45,104,0,
45,121,1,
45,123,138,
45,146,52,
45,166,42,
46,0,1,
46,0,2,
46,0,9,
46,0,17,
46,0,26,
46,1,16,
46,1,54,
46,2,16,
46,2,18,
46,2,85,
46,3,1,
46,3,76,
46,3,185,
46,4,2,
46,6,0,
46,8,0,
46,8,31,
46,10,1,
46,10,6,
46,14,14,
46,18,3,
46,23,162,
46,29,42,
46,34,67,
46,36,16,
46,40,193,
46,43,150,
46,53,3,
46,71,106,
46,74,74,
46,112,63,
46,115,190,
46,164,27,
46,199,133,
47,0,0,
47,0,9,
47,0,25,
47,0,89,
47,1,1,
47,2,0,
47,2,97,
47,3,7,
47,4,0,
47,4,4,
47,8,6,
47,8,13,
47,10,1,
47,10,61,
47,12,5,
47,16,70,
47,19,0,
47,23,26,
47,23,131,
47,25,35,
47,41,2,
47,55,46,
47,63,59,
47,83,10,
47,88,161,
47,100,0,
47,100,94,
47,101,53,
47,106,44,
47,115,13,
47,117,5,
47,118,20,
47,152,15,
48,0,1,
48,0,1,
48,0,3,
48,0,3,
48,0,111,
48,0,136,
48,1,21,
48,1,46,
48,2,2,
48,3,7,
48,4,174,
48,5,105,
48,9,0,
48,13,30,
48,18,5,
48,27,16,
48,29,2,
48,32,6,
48,38,15,
48,40,5,
48,49,53,
48,68,2,
48,82,11,
48,102,128,
48,111,8,
48,118,19,
48,124,20,
48,129,57,
48,153,149,
48,179,27,
49,0,4,
49,0,37,
49,1,0,
49,1,1,
49,1,4,
49,1,16,
49,1,73,
49,2,0,
49,2,37,
49,4,4,
49,6,76,
49,8,3,
49,9,0,
49,9,11,
49,13,18,
49,20,26,
49,22,24,
49,31,30,
49,37,64,
49,42,0,
49,42,10,
49,77,80,
49,83,1,
49,84,3,
49,85,34,
49,107,53,
49,110,6,
49,176,71,
49,186,4,
50,0,67,
50,1,3,
50,1,63,
50,1,172,
50,2,0,
50,3,0,
50,3,13,
50,4,3,
50,4,8,
50,7,136,
50,9,6,
50,10,0,
50,10,4,
50,10,17,
50,19,0,
50,26,17,
50,29,2,
50,29,6,
50,33,53,
50,39,130,
50,39,194,
50,48,10,
50,72,62,
50,76,2,
50,97,4,
50,101,112,
50,101,187,
50,107,2,
50,116,4,
50,148,22,
50,166,140,
51,0,0,
51,0,2,
51,0,12,
51,0,15,
51,0,36,
51,0,87,
51,1,2,
51,2,1,
51,2,10,
51,3,25,
51,4,0,
51,5,0,
51,5,0,
51,7,91,
51,9,64,
51,10,0,
51,12,1,
51,12,4,
51,13,44,
51,14,0,
51,14,23,
51,16,11,
51,20,0,
51,28,3,
51,31,179,
51,34,27,
51,42,7,
51,47,1,
51,59,7,
51,64,22,
51,71,57,
51,74,0,
51,76,11,
51,79,68,
51,93,94,
51,161,42,
51,184,0,
52,0,0,
52,0,8,
52,0,11,
52,1,78,
52,2,1,
52,2,3,
52,2,81,
52,4,1,
52,4,12,
52,4,14,
52,5,4,
52,7,44,
52,11,2,
52,18,24,
52,23,2,
52,26,40,
52,32,3,
52,43,17,
52,49,0,
52,73,19,
52,79,77,
52,116,22,
52,145,12,
52,180,1,
53,0,1,
53,0,2,
53,0,7,
53,0,11,
53,0,97,
53,0,112,
53,1,4,
53,1,49,
53,1,144,
53,4,0,
53,4,15,
53,5,20,
53,6,1,
53,6,45,
53,7,103,
53,9,24,
53,10,4,
53,10,18,
53,11,123,
53,14,0,
53,14,122,
53,24,9,
53,26,25,
53,34,101,
53,35,0,
53,35,14,
53,36,23,
53,38,0,
53,38,7,
53,43,0,
53,49,51,
53,90,0,
53,111,33,
53,118,0,
53,133,67,
53,138,17,
53,148,4,
53,153,45,
53,166,1,
53,167,11,
53,178,31,
54,0,2,
54,1,18,
54,1,175,
54,1,198,
54,2,5,
54,2,183,
54,3,2,
54,3,7,
54,4,11,
54,24,4,
54,25,3,
54,27,7,
54,28,35,
54,31,1,
54,59,146,
54,66,3,
54,67,0,
54,89,119,
54,102,44,
54,118,0,
54,189,63,
55,0,8,
55,0,9,
55,0,10,
55,0,14,
55,0,163,
55,1,0,
55,1,3,
55,1,74,
55,1,127,
55,2,4,
55,4,2,
55,4,12,
55,4,26,
55,5,0,
55,6,7,
55,6,76,
55,7,0,
55,8,0,
55,9,72,
55,14,1,
55,18,15,
55,43,0,
55,47,122,
55,59,38,
55,66,26,
55,83,16,
55,112,173,
55,126,9,
55,150,36,
55,153,159,
55,155,2,
55,169,4,
55,185,2,
56,0,7,
56,0,12,
56,1,26,
56,3,7,
56,3,55,
56,3,95,
56,3,144,
56,5,4,
56,11,6,
56,11,8,
56,11,30,
56,13,0,
56,20,0,
56,21,75,
56,24,1,
56,24,2,
56,27,2,
56,28,5,
56,34,0,
56,35,0,
56,36,41,
56,59,53,
56,63,60,
56,68,7,
56,78,23,
56,79,2,
56,106,3,
56,165,0,
57,0,0,
57,0,16,
57,1,1,
57,2,5,
57,6,19,
57,7,16,
57,9,118,
57,10,10,
57,11,9,
57,12,19,
57,14,2,
57,24,15,
57,31,2,
57,35,13,
57,40,114,
57,55,62,
57,69,1,
57,73,38,
57,88,18,
57,94,6,
57,116,6,
58,0,102,
58,0,122,
58,1,15,
58,1,34,
58,3,174,
58,4,18,
58,5,3,
58,5,57,
58,6,2,
58,6,4,
58,8,5,
58,9,0,
58,11,3,
58,13,88,
58,28,4,
58,28,25,
58,48,59,
58,50,45,
58,59,0,
58,74,70,
58,91,61,
58,149,52,
58,152,143,
59,0,1,
59,0,9,
59,0,40,
59,1,23,
59,3,8,
59,3,45,
59,5,4,
59,8,157,
59,9,49,
59,11,25,
59,13,1,
59,22,3,
59,25,100,
59,34,0,
59,38,4,
59,39,7,
59,48,0,
59,56,0,
59,69,16,
59,72,6,
59,99,30,
59,115,67,
60,0,1,
60,0,14,
60,0,26,
60,0,75,
60,1,0,
60,1,1,
60,1,12,
60,2,0,
60,2,10,
60,12,76,
60,12,81,
60,13,165,
60,21,0,
60,28,101,
60,34,9,
60,42,3,
60,53,5,
60,96,6,
60,105,78,
60,131,0,
60,146,57,
61,0,7,
61,1,0,
61,1,2,
61,2,0,
61,2,70,
61,3,105,
61,6,4,
61,7,0,
61,7,4,
61,7,110,
61,8,50,
61,9,0,
61,11,0,
61,13,6,
61,16,83,
61,20,46,
61,22,1,
61,40,145,
61,47,29,
61,62,1,
61,62,3,
61,64,25,
61,83,80,
61,97,80,
61,114,88,
61,143,90,
61,155,54,
61,177,72,
62,0,2,
62,0,20,
62,1,0,
62,1,7,
62,2,30,
62,3,20,
62,4,192,
62,5,8,
62,6,1,
62,12,2,
62,29,147,
62,37,198,
62,67,1,
62,67,50,
62,81,17,
62,94,91,
62,168,1,
63,0,2,
63,0,6,
63,0,27,
63,2,86,
63,4,18,
63,6,17,
63,8,38,
63,11,2,
63,11,5,
63,12,0,
63,13,0,
63,15,3,
63,17,0,
63,22,0,
63,28,0,
63,38,100,
63,51,8,
63,59,25,
63,61,10,
63,70,77,
63,77,71,
63,78,35,
63,78,127,
63,103,4,
63,103,129,
63,126,3,
63,171,11,
63,174,0,
63,186,5,
63,199,1,
64,0,0,
64,0,2,
64,0,11,
64,0,49,
64,0,60,
64,0,157,
64,3,0,
64,3,5,
64,3,17,
64,3,71,
64,4,67,
64,6,4,
64,6,11,
64,8,59,
64,13,14,
64,14,11,
64,28,16,
64,29,9,
64,30,23,
64,36,0,
64,42,5,
64,44,45,
64,61,1,
64,94,8,
64,100,36,
64,107,181,
64,109,1,
64,111,1,
64,146,3,
64,159,57,
64,162,0,
65,0,0,
65,0,23,
65,1,0,
65,1,0,
65,1,27,
65,3,0,
65,4,107,
65,6,13,
65,12,14,
65,12,21,
65,13,0,
65,13,1,
65,14,17,
65,14,154,
65,15,68,
65,21,5,
65,32,40,
65,37,14,
65,37,46,
65,54,28,
65,86,4,
65,134,2,
65,175,20,
65,176,191,
65,182,9,
65,194,14,
66,0,1,
66,0,40,
66,1,4,
66,1,28,
66,1,99,
66,2,1,
66,2,43,
66,2,118,
66,3,55,
66,5,6,
66,8,1,
66,9,115,
66,15,1,
66,15,140,
66,23,147,
66,24,4,
66,25,36,
66,41,0,
66,54,122,
66,146,31,
66,171,23,
67,0,0,
67,1,0,
67,1,4,
67,1,7,
67,1,36,
67,2,1,
67,2,111,
67,3,4,
67,5,4,
67,5,58,
67,8,0,
67,13,1,
67,13,142,
67,26,27,
67,46,92,
67,84,0,
67,89,0,
67,147,10,
67,169,2,
67,192,0,
68,0,1,
68,0,2,
68,1,4,
68,3,35,
68,9,7,
68,16,3,
68,19,0,
68,26,14,
68,26,46,
68,35,18,
68,40,5,
68,51,25,
68,55,0,
68,80,3,
68,91,47,
68,93,3,
68,94,137,
68,127,17,
68,133,55,
69,1,1,
69,1,9,
69,1,98,
69,1,170,
69,2,1,
69,2,18,
69,3,22,
69,4,3,
69,5,173,
69,7,0,
69,10,5,
69,11,1,
69,12,20,
69,15,111,
69,25,11,
69,27,0,
69,41,119,
69,141,14,
70,0,0,
70,0,7,
70,0,57,
70,1,0,
70,1,1,
70,1,54,
70,1,180,
70,2,0,
70,3,1,
70,13,133,
70,43,72,
70,48,61,
70,59,6,
70,108,112,
70,195,162,
71,0,8,
71,0,12,
71,1,0,
71,1,10,
71,1,130,
71,2,18,
71,3,7,
71,6,69,
71,7,50,
71,11,0,
71,13,15,
71,14,18,
71,17,23,
71,58,10,
71,63,30,
71,65,62,
71,102,2,
71,150,2,
72,0,11,
72,0,23,
72,0,43,
72,0,61,
72,1,129,
72,2,24,
72,2,193,
72,3,6,
72,3,11,
72,3,31,
72,4,4,
72,4,106,
72,5,0,
72,5,1,
72,6,0,
72,7,0,
72,9,9,
72,11,2,
72,11,115,
72,12,2,
72,12,48,
72,24,74,
72,28,32,
72,28,88,
72,36,23,
72,45,2,
72,63,144,
72,65,131,
72,80,7,
72,83,169,
72,131,42,
72,178,5,
72,191,43,
73,0,9,
73,0,45,
73,0,47,
73,0,55,
73,1,68,
73,4,2,
73,6,5,
73,7,101,
73,9,15,
73,13,9,
73,98,6,
73,105,6,
73,131,134,
73,136,30,
73,191,9,
73,198,11,
74,0,12,
74,0,49,
74,0,58,
74,1,36,
74,2,0,
74,2,1,
74,2,32,
74,2,71,
74,4,2,
74,6,56,
74,7,54,
74,16,59,
74,25,0,
74,25,14,
74,36,0,
74,54,0,
74,67,54,
74,71,9,
74,90,20,
74,143,55,
74,159,34,
75,0,0,
75,0,0,
75,0,0,
75,0,16,
75,0,60,
75,1,1,
75,1,7,
75,1,50,
75,2,21,
75,2,23,
75,5,127,
75,9,0,
75,10,144,
75,12,140,
75,13,28,
75,17,10,
75,30,59,
75,38,85,
75,40,110,
75,56,6,
75,64,9,
75,79,0,
75,84,0,
75,92,28,
75,138,25,
76,1,35,
76,1,97,
76,3,1,
76,4,8,
76,8,1,
76,10,0,
76,20,8,
76,32,8,
76,40,22,
76,46,2,
76,52,0,
76,62,66,
76,77,12,
76,94,187,
76,161,118,
77,0,4,
77,0,6,
77,0,25,
77,0,137,
77,0,143,
77,1,0,
77,1,8,
77,2,1,
77,2,2,
77,2,3,
77,2,49,
77,3,1,
77,3,3,
77,4,22,
77,5,20,
77,6,93,
77,11,8,
77,13,14,
77,19,112,
77,20,8,
77,26,39,
77,29,95,
77,34,9,
77,37,6,
77,39,67,
77,45,1,
77,48,3,
77,51,3,
77,54,16,
77,101,2,
77,182,150,
78,0,3,
78,0,41,
78,2,94,
78,4,120,
78,4,193,
78,7,14,
78,8,11,
78,14,0,
78,15,196,
78,16,58,
78,20,14,
78,26,78,
78,41,41,
78,55,142,
78,121,4,
78,122,13,
78,147,32,
78,150,4,
78,163,121,
79,0,26,
79,0,45,
79,1,0,
79,1,40,
79,2,52,
79,3,19,
79,4,32,
79,4,182,
79,7,8,
79,23,0,
79,32,51,
79,36,0,
79,43,29,
79,66,191,
79,90,25,
79,173,136,
80,1,0,
80,1,4,
80,4,49,
80,5,2,
80,5,6,
80,7,3,
80,7,137,
80,8,79,
80,9,2,
80,10,9,
80,13,197,
80,44,0,
80,45,3,
80,49,6,
80,59,20,
80,63,50,
80,185,0,
81,0,0,
81,0,4,
81,0,6,
81,1,3,
81,2,0,
81,2,3,
81,5,45,
81,6,131,
81,8,10,
81,16,0,
81,23,12,
81,33,14,
81,37,6,
81,51,14,
81,52,1,
81,63,8,
81,69,16,
81,81,139,
81,85,3,
81,118,7,
81,120,9,
81,139,65,
82,0,0,
82,2,31,
82,3,4,
82,6,9,
82,6,11,
82,9,5,
82,17,95,
82,29,15,
82,36,114,
82,37,41,
82,72,4,
82,122,117,
82,163,21,
83,0,2,
83,0,7,
83,0,15,
83,0,74,
83,0,85,
83,2,0,
83,2,8,
83,2,35,
83,3,38,
83,3,40,
83,4,9,
83,5,0,
83,9,1,
83,9,7,
83,13,10,
83,17,16,
83,18,2,
83,31,15,
83,74,3,
83,80,2,
83,169,5,
84,0,85,
84,0,110,
84,7,0,
84,7,11,
84,24,5,
84,25,54,
84,28,3,
84,43,0,
84,43,54,
84,48,0,
84,52,96,
84,129,116,
84,158,6,
84,185,0,
85,0,4,
85,0,38,
85,0,186,
85,0,198,
85,1,4,
85,1,11,
85,1,77,
85,2,21,
85,5,29,
85,6,2,
85,7,36,
85,10,1,
85,15,144,
85,23,12,
85,33,3,
85,33,4,
85,35,80,
85,44,0,
85,54,52,
85,59,13,
85,63,143,
85,67,56,
85,129,0,
85,147,50,
86,0,3,
86,0,22,
86,0,77,
86,1,1,
86,1,194,
86,5,0,
86,23,2,
86,33,39,
86,39,7,
86,74,0,
86,99,33,
86,125,24,
86,151,1,
86,179,0,
86,185,34,
87,0,71,
87,0,90,
87,1,9,
87,1,24,
87,2,37,
87,2,80,
87,3,1,
87,3,95,
87,5,0,
87,5,160,
87,7,27,
87,9,1,
87,9,2,
87,10,1,
87,12,7,
87,15,46,
87,36,12,
87,49,193,
87,72,9,
87,119,100,
87,123,4,
87,150,40,
88,0,0,
88,0,1,
88,0,5,
88,0,8,
88,0,17,
88,1,10,
88,2,4,
88,3,0,
88,4,41,
88,5,152,
88,7,167,
88,19,15,
88,21,0,
88,60,6,
88,78,17,
88,122,68,
88,157,17,
89,0,10,
89,0,63,
89,2,12,
89,3,0,
89,3,2,
89,3,19,
89,3,87,
89,12,2,
89,165,0,
89,178,1,
90,2,7,
90,2,10,
90,2,11,
90,3,34,
90,3,89,
90,6,17,
90,6,28,
90,21,22,
90,23,1,
90,40,9,
90,55,68,
90,57,147,
90,71,1,
90,178,12,
91,0,1,
91,1,2,
91,2,14,
91,3,4,
91,3,81,
91,9,1,
91,12,13,
91,24,1,
91,25,2,
91,29,33,
91,32,3,
92,0,73,
92,1,2,
92,1,27,
92,1,71,
92,4,14,
92,4,49,
92,5,1,
92,17,27,
92,31,37,
92,35,1,
92,73,0,
92,73,3,
92,81,82,
92,101,0,
92,186,1,
93,0,37,
93,1,0,
93,1,20,
93,1,69,
93,2,2,
93,2,15,
93,2,131,
93,3,92,
93,4,15,
93,6,22,
93,10,176,
93,11,178,
93,12,1,
93,15,28,
93,17,23,
93,44,10,
93,193,18,
94,0,3,
94,1,4,
94,3,10,
94,4,49,
94,6,84,
94,14,8,
94,15,1,
94,16,37,
94,17,4,
94,24,28,
94,27,100,
94,61,0,
94,61,6,
94,72,2,
94,87,22,
95,0,31,
95,1,18,
95,3,40,
95,6,71,
95,8,47,
95,16,0,
95,18,7,
95,33,1,
95,46,84,
95,50,0,
95,50,2,
95,50,192,
95,56,101,
95,71,4,
95,80,8,
95,85,81,
96,0,0,
96,0,7,
96,0,11,
96,1,64,
96,1,83,
96,1,104,
96,2,75,
96,3,0,
96,3,10,
96,4,25,
96,11,0,
96,13,17,
96,26,11,
96,101,86,
96,109,70,
96,115,8,
96,118,128,
96,155,34,
96,187,152,
97,1,40,
97,6,0,
97,6,31,
97,6,32,
97,7,18,
97,14,9,
97,18,35,
97,21,1,
97,22,0,
97,45,7,
97,51,25,
97,64,11,
97,83,10,
97,89,0,
97,137,53,
97,163,2,
98,0,32,
98,0,116,
98,0,198,
98,2,26,
98,6,4,
98,8,5,
98,9,8,
98,15,36,
98,25,13,
98,44,146,
98,88,8,
98,97,9,
98,132,45,
98,145,0,
98,145,4,
98,146,2,
99,0,13,
99,0,138,
99,1,5,
99,1,123,
99,3,0,
99,4,24,
99,4,157,
99,17,2,
99,22,0,
99,30,81,
99,34,2,
99,43,11,
99,47,6,
99,54,126,
99,55,62,
99,70,99,
99,86,35,
99,105,9,
99,116,0,
99,143,16,
99,145,7,
100,0,23,
100,0,45,
100,1,3,
100,6,32,
100,11,51,
100,18,5,
100,36,23,
100,107,109,
100,118,0,
100,124,10,
100,165,0,
101,0,0,
101,0,2,
101,0,10,
101,0,24,
101,1,45,
101,2,46,
101,3,2,
101,4,80,
101,10,34,
101,11,3,
101,14,3,
101,18,10,
101,25,79,
101,27,5,
101,136,78,
102,0,29,
102,0,77,
102,11,0,
102,11,11,
102,14,4,
102,17,0,
102,17,86,
102,58,15,
102,71,91,
102,96,0,
102,123,62,
103,0,0,
103,1,0,
103,1,3,
103,3,0,
103,5,8,
103,5,110,
103,20,127,
103,42,129,
103,47,0,
103,65,47,
103,99,89,
104,0,17,
104,0,21,
104,1,83,
104,2,9,
104,2,84,
104,9,1,
104,9,13,
104,26,33,
104,30,16,
104,36,5,
104,36,39,
104,37,20,
104,53,31,
104,61,10,
105,0,20,
105,0,51,
105,4,0,
105,5,10,
105,5,132,
105,10,6,
105,22,21,
105,50,0,
105,90,12,
105,170,54,
106,0,44,
106,0,74,
106,1,19,
106,1,37,
106,1,152,
106,2,5,
106,3,5,
106,10,20,
106,11,2,
106,47,2,
106,62,25,
106,119,3,
107,0,2,
107,0,23,
107,0,113,
107,1,11,
107,1,13,
107,2,52,
107,3,36,
107,11,53,
107,17,14,
107,26,106,
107,46,3,
107,83,15,
108,1,2,
108,6,7,
108,9,19,
108,9,187,
108,15,12,
108,32,64,
108,35,9,
108,39,5,
108,83,2,
108,114,16,
108,149,20,
108,163,38,
109,1,6,
109,3,22,
109,4,78,
109,20,1,
109,32,67,
109,35,83,
109,41,7,
109,43,29,
109,91,99,
109,98,83,
109,129,23,
110,0,0,
110,0,2,
110,1,1,
110,2,116,
110,6,104,
110,9,0,
110,10,0,
110,13,0,
110,42,1,
110,80,41,
110,91,58,
110,105,30,
111,0,155,
111,3,2,
111,3,26,
111,9,40,
111,10,39,
111,16,0,
111,21,29,
111,87,0,
112,0,28,
112,4,0,
112,4,8,
112,10,7,
112,12,85,
112,17,14,
112,18,0,
112,21,94,
112,40,42,
112,102,120,
112,125,19,
113,0,39,
113,1,0,
113,1,1,
113,1,10,
113,2,73,
113,3,4,
113,4,4,
113,5,10,
113,6,6,
113,6,14,
113,17,0,
113,83,163,
113,114,0,
114,0,0,
114,0,0,
114,0,53,
114,1,93,
114,2,0,
114,2,7,
114,3,0,
114,4,0,
114,4,2,
114,7,1,
114,7,1,
114,7,100,
114,10,1,
114,14,27,
114,15,6,
114,15,170,
114,25,183,
114,26,1,
114,27,0,
114,34,82,
114,73,25,
115,0,52,
115,0,75,
115,1,2,
115,2,32,
115,2,74,
115,4,139,
115,13,14,
115,23,106,
115,28,5,
115,39,10,
115,47,54,
115,49,70,
115,69,30,
115,104,43,
115,110,10,
115,150,187,
115,161,0,
115,168,13,
116,9,0,
116,10,1,
116,12,0,
116,14,3,
116,15,112,
116,25,0,
116,25,56,
116,27,2,
116,78,1,
117,0,1,
117,0,55,
117,1,5,
117,5,133,
117,7,6,
117,11,33,
117,18,1,
117,23,5,
117,28,12,
117,41,10,
117,41,73,
117,45,61,
117,51,41,
117,69,79,
117,82,2,
117,120,94,
118,0,46,
118,1,0,
118,4,140,
118,7,189,
118,8,3,
118,9,9,
118,13,1,
118,25,23,
118,101,21,
119,0,10,
119,1,0,
119,16,103,
119,30,5,
119,118,6,
119,120,9,
120,0,6,
120,0,63,
120,2,1,
120,2,5,
120,3,9,
120,5,8,
120,26,79,
120,28,3,
120,73,41,
121,0,5,
121,1,2,
121,2,17,
121,4,2,
121,7,27,
121,26,11,
121,32,2,
121,44,0,
121,66,3,
121,130,81,
122,0,3,
122,1,3,
122,1,40,
122,2,25,
122,2,32,
122,2,33,
122,6,2,
122,9,24,
122,9,69,
122,13,57,
122,15,78,
122,22,3,
122,30,0,
122,76,20,
122,154,4,
122,162,5,
122,181,0,
123,1,0,
123,4,1,
123,15,2,
123,43,2,
123,45,187,
123,54,3,
123,59,7,
123,190,1,
124,0,90,
124,2,2,
124,5,83,
124,7,21,
124,9,72,
124,11,110,
124,13,88,
124,15,2,
124,21,59,
124,26,51,
124,28,190,
124,40,6,
124,46,18,
124,63,55,
124,144,5,
125,0,10,
125,0,77,
125,1,1,
125,3,69,
125,6,3,
125,9,3,
125,9,5,
125,10,0,
125,10,3,
125,10,4,
125,14,0,
125,28,11,
125,37,84,
125,77,15,
125,80,0,
125,102,0,
126,1,6,
126,1,8,
126,3,5,
126,3,99,
126,28,25,
126,34,1,
126,44,3,
126,46,9,
126,47,79,
126,50,98,
126,79,87,
126,95,8,
126,134,11,
126,199,0,
127,0,6,
127,0,33,
127,0,56,
127,3,84,
127,4,1,
127,5,10,
127,7,20,
127,12,0,
127,24,106,
127,26,10,
127,73,1,
127,127,8,
127,134,80,
127,143,58,
127,151,196,
127,152,65,
128,0,19,
128,2,44,
128,4,23,
128,8,23,
128,14,6,
128,30,3,
128,32,3,
128,66,20,
128,103,1,
129,0,30,
129,2,0,
129,4,9,
129,11,6,
129,13,137,
129,15,8,
129,36,0,
129,138,48,
130,0,0,
130,0,1,
130,0,33,
130,0,107,
130,1,41,
130,1,88,
130,14,33,
130,22,2,
130,30,0,
130,48,20,
130,54,94,
130,174,30,
131,0,17,
131,0,171,
131,2,0,
131,2,152,
131,12,75,
131,12,100,
131,12,121,
131,16,4,
131,20,3,
131,29,43,
131,33,10,
131,34,50,
131,43,4,
131,80,22,
131,97,54,
131,119,1,
131,137,82,
131,163,0,
132,0,91,
132,1,40,
132,2,0,
132,10,129,
132,36,5,
132,55,2,
132,71,0,
133,0,3,
133,4,22,
133,8,12,
133,9,5,
133,9,14,
133,12,21,
133,14,42,
133,15,1,
133,16,2,
133,17,34,
133,64,4,
134,0,0,
134,1,7,
134,4,1,
134,7,166,
134,19,23,
134,28,3,
134,28,4,
134,80,118,
134,136,25,
134,143,2,
134,162,0,
135,0,19,
135,0,150,
135,1,48,
135,2,36,
135,3,143,
135,11,1,
135,39,25,
135,39,191,
135,116,4,
136,0,1,
136,1,10,
136,1,29,
136,4,95,
136,5,67,
136,26,0,
136,69,23,
136,96,119,
136,106,123,
137,0,0,
137,13,26,
137,15,0,
137,28,0,
137,41,4,
137,68,9,
137,85,2,
137,158,2,
137,166,1,
138,3,2,
138,4,2,
138,6,0,
138,7,92,
138,11,0,
138,75,16,
138,92,0,
138,118,45,
138,179,16,
139,1,3,
139,1,20,
139,2,1,
139,4,18,
139,4,36,
139,9,10,
139,23,94,
139,26,109,
139,47,141,
139,51,60,
139,64,5,
139,75,51,
139,84,0,
139,172,2,
140,4,36,
140,5,13,
140,30,119,
140,141,17,
141,0,5,
141,3,1,
141,3,61,
141,14,4,
141,25,123,
141,43,13,
141,58,0,
141,125,23,
141,159,0,
141,161,9,
142,0,3,
142,1,34,
142,1,57,
142,1,64,
142,2,28,
142,5,3,
142,16,31,
142,26,1,
142,30,0,
142,109,30,
142,138,187,
142,144,0,
143,0,5,
143,1,52,
143,6,0,
143,9,0,
143,12,8,
143,17,13,
143,25,3,
143,79,62,
143,87,1,
143,105,5,
144,0,0,
144,0,5,
144,4,17,
144,11,30,
145,0,2,
145,0,11,
145,0,43,
145,2,0,
145,2,38,
145,5,14,
145,5,18,
145,6,30,
145,7,65,
145,13,12,
145,13,123,
145,107,111,
145,194,8,
146,2,3,
146,4,7,
146,6,11,
146,14,1,
146,28,98,
146,54,16,
146,75,28,
146,115,10,
146,125,3,
147,0,184,
147,1,0,
147,3,136,
147,4,139,
147,18,2,
147,27,1,
147,94,1,
147,130,14,
147,156,32,
147,157,23,
147,166,0,
147,175,3,
147,199,2,
148,0,3,
148,0,10,
148,1,13,
148,1,31,
148,2,27,
148,3,15,
148,4,1,
148,4,7,
148,6,76,
148,6,93,
148,7,4,
148,11,1,
148,14,15,
148,50,186,
148,62,8,
148,97,153,
149,0,1,
149,0,113,
149,2,5,
149,2,10,
149,3,6,
149,3,30,
149,3,32,
149,4,3,
149,7,44,
149,11,2,
149,49,17,
149,55,95,
149,96,0,
149,105,77,
149,116,31,
149,122,0,
150,3,17,
150,6,90,
150,16,0,
150,22,19,
150,45,0,
150,78,1,
151,0,1,
151,0,19,
151,0,176,
151,3,179,
151,18,71,
151,19,84,
151,30,17,
151,40,34,
151,48,94,
151,123,1,
151,142,69,
152,3,3,
152,3,124,
152,5,1,
152,11,16,
152,98,12,
153,0,80,
153,0,140,
153,2,14,
153,6,14,
153,7,0,
153,10,2,
153,11,24,
153,16,0,
153,37,2,
154,0,0,
154,0,8,
154,3,2,
154,12,8,
154,29,148,
154,41,164,
154,45,44,
154,90,22,
154,128,19,
154,158,68,
155,0,2,
155,0,6,
155,0,43,
155,0,78,
155,1,84,
155,2,1,
155,2,116,
155,4,5,
155,15,0,
155,31,8,
155,35,75,
155,45,37,
155,64,49,
155,67,124,
156,0,2,
156,0,90,
156,1,0,
156,5,8,
156,8,181,
156,9,13,
156,26,41,
156,49,8,
156,58,0,
156,108,10,
157,2,3,
157,3,36,
157,14,4,
157,23,1,
157,32,0,
157,40,4,
157,65,1,
157,123,0,
157,169,25,
158,1,9,
158,2,1,
158,3,0,
158,4,57,
158,11,4,
158,33,0,
158,41,2,
158,44,8,
158,67,51,
158,121,8,
159,0,28,
159,1,52,
159,3,0,
159,4,17,
159,10,0,
159,14,23,
159,15,20,
159,18,46,
159,36,29,
159,78,69,
160,2,1,
160,39,172,
160,103,2,
160,110,67,
160,197,4,
161,0,0,
161,2,35,
161,2,60,
161,3,192,
161,8,59,
161,11,9,
161,20,115,
161,73,8,
161,156,4,
162,0,1,
162,0,72,
162,1,7,
162,1,13,
162,1,42,
162,1,102,
162,1,193,
162,2,19,
162,4,104,
162,6,27,
162,22,124,
162,25,163,
162,29,133,
162,44,117,
162,45,13,
162,125,63,
162,144,109,
162,160,68,
163,0,88,
163,0,173,
163,2,75,
163,4,97,
163,14,3,
163,16,6,
163,37,0,
163,38,8,
163,59,7,
163,75,0,
163,90,39,
163,140,101,
164,21,5,
164,25,138,
164,36,23,
164,42,2,
164,170,27,
164,176,53,
164,193,185,
164,199,168,
165,1,5,
165,1,6,
165,1,7,
165,2,0,
165,2,41,
165,6,183,
165,16,174,
165,24,3,
165,24,108,
165,89,0,
165,134,0,
165,162,6,
166,0,6,
166,0,14,
166,0,36,
166,1,3,
166,4,55,
166,14,1,
166,29,18,
166,35,65,
166,64,0,
166,110,2,
166,127,39,
166,163,11,
167,0,78,
167,2,2,
167,2,11,
167,6,4,
167,7,26,
167,16,37,
167,17,2,
167,66,41,
167,67,182,
167,91,0,
167,110,28,
167,121,157,
168,1,0,
168,1,26,
168,1,49,
168,5,22,
168,10,1,
168,17,15,
168,56,0,
168,63,0,
168,94,14,
168,144,5,
169,0,133,
169,2,0,
169,3,170,
169,5,4,
169,9,93,
169,11,0,
169,16,76,
169,16,80,
169,19,0,
169,21,0,
169,23,14,
169,30,8,
169,33,14,
169,39,4,
169,55,5,
170,0,99,
170,2,2,
170,3,0,
170,6,106,
170,26,120,
170,60,4,
170,75,38,
171,0,2,
171,1,72,
171,2,128,
171,3,64,
171,5,0,
171,8,43,
171,13,13,
171,14,67,
171,25,4,
171,75,95,
172,0,153,
172,1,44,
172,2,3,
172,17,13,
172,19,106,
172,126,191,
172,139,10,
172,182,0,
172,188,38,
173,0,1,
173,0,8,
173,2,0,
173,7,17,
173,45,3,
173,48,65,
173,74,112,
174,2,1,
174,3,23,
174,4,140,
174,23,123,
174,24,13,
174,28,5,
174,41,198,
174,49,16,
174,65,7,
175,3,56,
175,8,22,
175,10,9,
175,36,150,
175,75,8,
176,0,2,
176,7,37,
176,9,37,
176,64,25,
176,94,34,
176,119,1,
177,2,20,
177,7,61,
177,197,61,
178,0,1,
178,0,77,
178,1,0,
178,4,74,
178,15,8,
178,18,31,
178,21,0,
178,22,46,
178,24,1,
178,68,49,
178,103,35,
179,0,0,
179,6,2,
179,9,56,
179,17,178,
179,23,3,
179,40,56,
179,44,15,
179,51,13,
179,97,7,
179,104,1,
179,155,41,
180,3,4,
180,3,100,
180,5,0,
180,30,17,
180,57,2,
180,110,150,
180,178,37,
181,0,26,
181,4,2,
181,8,27,
181,16,34,
182,0,40,
182,0,43,
182,1,77,
182,2,109,
182,5,0,
182,5,2,
182,7,1,
182,22,3,
182,22,6,
182,37,72,
182,38,164,
182,60,64,
182,79,4,
183,0,1,
183,2,69,
183,5,100,
183,6,4,
183,12,18,
183,14,93,
183,18,14,
183,44,25,
183,54,5,
183,56,8,
184,0,0,
184,2,99,
184,3,5,
184,6,6,
184,16,10,
184,21,3,
184,28,2,
184,32,1,
184,60,25,
184,78,0,
184,127,6,
184,188,5,
185,0,3,
185,0,39,
185,0,166,
185,1,0,
185,1,20,
185,1,29,
185,3,8,
185,3,36,
185,4,2,
185,5,147,
185,6,2,
185,12,5,
185,44,41,
185,99,25,
185,115,0,
186,0,4,
186,4,14,
186,4,16,
186,6,28,
186,14,5,
186,32,1,
186,52,8,
186,110,150,
186,122,1,
186,165,2,
187,0,28,
187,1,8,
187,2,4,
187,2,35,
187,9,1,
187,18,0,
187,22,0,
187,27,0,
187,61,1,
188,0,21,
188,1,38,
188,9,1,
188,18,90,
188,19,0,
188,80,8,
188,118,0,
189,2,0,
189,9,1,
189,23,0,
189,66,113,
189,71,71,
190,0,43,
190,5,4,
190,10,4,
190,13,57,
190,21,2,
190,25,3,
190,93,79,
191,5,3,
191,6,84,
191,10,46,
191,16,1,
191,23,79,
191,34,2,
191,54,7,
191,131,47,
191,138,7,
192,0,19,
192,3,22,
192,5,6,
192,9,3,
192,22,0,
192,23,0,
192,83,62,
192,116,15,
192,135,13,
193,0,13,
193,9,19,
193,36,18,
193,129,1,
193,197,1,
194,0,2,
194,3,42,
194,4,11,
194,10,0,
194,21,26,
194,91,1,
194,135,18,
195,0,56,
195,1,0,
195,1,17,
195,2,14,
195,3,116,
195,3,139,
195,71,60,
195,147,0,
196,13,3,
196,15,0,
196,16,0,
196,20,6,
196,45,6,
196,56,3,
196,72,0,
196,115,168,
197,2,78,
197,2,105,
197,9,1,
197,9,16,
197,13,1,
197,17,12,
197,20,126,
197,85,136,
197,171,3,
197,198,106,
198,0,18,
198,2,51,
198,5,7,
198,60,5,
198,168,111,
199,1,0,
199,1,1,
199,1,126,
199,3,0,
199,3,0,
199,10,5,
199,17,18,
199,108,3,
199,198,3,
