0,0,0,
0,0,0,
0,0,0,
0,0,0,
0,0,0,
0,0,0,
0,0,0,
0,0,0,
0,0,0,
0,0,0,
0,0,0,
0,0,0,
0,0,0,
0,0,0,
0,0,0,
0,0,0,
0,0,0,
0,0,0,
0,0,1,
0,0,1,
0,0,1,
0,0,1,
0,0,1,
0,0,1,
0,0,1,
0,0,1,
0,0,1,
0,0,1,
0,0,1,
0,0,1,
0,0,1,
0,0,1,
0,0,2,
0,0,2,
0,0,2,
0,0,2,
0,0,2,
0,0,2,
0,0,2,
0,0,2,
0,0,2,
0,0,2,
0,0,2,
0,0,3,
0,0,3,
0,0,3,
0,0,3,
0,0,3,
0,0,3,
0,0,3,
0,0,3,
0,0,3,
0,0,3,
0,0,3,
0,0,4,
0,0,4,
0,0,4,
0,0,5,
0,0,5,
0,0,5,
0,0,6,
0,0,6,
0,0,6,
0,0,7,
0,0,7,
0,0,7,
0,0,7,
0,0,8,
0,0,8,
0,0,8,
0,0,8,
0,0,11,
0,0,11,
0,0,12,
0,0,14,
0,0,14,
0,0,14,
0,0,16,
0,0,17,
0,0,18,
0,0,18,
0,0,19,
0,0,20,
0,0,20,
0,0,20,
0,0,23,
0,0,24,
0,0,26,
0,0,28,
0,0,28,
0,0,30,
0,0,33,
0,0,35,
0,0,36,
0,0,40,
0,0,42,
0,0,42,
0,0,43,
0,0,45,
0,0,51,
0,0,54,
0,0,57,
0,0,59,
0,0,60,
0,0,61,
0,0,61,
0,0,66,
0,0,66,
0,0,69,
0,0,73,
0,0,74,
0,0,75,
0,0,80,
0,0,81,
0,0,87,
0,0,87,
0,0,90,
0,0,93,
0,0,98,
0,0,98,
0,0,99,
0,0,106,
0,0,106,
0,0,108,
0,0,119,
0,0,120,
0,0,122,
0,0,140,
0,0,142,
0,0,167,
0,0,173,
0,0,178,
0,0,185,
0,0,186,
0,0,189,
0,1,0,
0,1,0,
0,1,0,
0,1,0,
0,1,0,
0,1,0,
0,1,0,
0,1,0,
0,1,0,
0,1,1,
0,1,1,
0,1,1,
0,1,1,
0,1,1,
0,1,1,
0,1,1,
0,1,1,
0,1,2,
0,1,2,
0,1,2,
0,1,2,
0,1,2,
0,1,3,
0,1,3,
0,1,4,
0,1,4,
0,1,4,
0,1,4,
0,1,4,
0,1,5,
0,1,5,
0,1,5,
0,1,5,
0,1,6,
0,1,6,
0,1,7,
0,1,7,
0,1,8,
0,1,8,
0,1,9,
0,1,10,
0,1,11,
0,1,11,
0,1,12,
0,1,12,
0,1,12,
0,1,15,
0,1,16,
0,1,18,
0,1,19,
0,1,20,
0,1,20,
0,1,20,
0,1,21,
0,1,24,
0,1,25,
0,1,28,
0,1,30,
0,1,31,
0,1,31,
0,1,34,
0,1,37,
0,1,38,
0,1,48,
0,1,49,
0,1,53,
0,1,53,
0,1,54,
0,1,61,
0,1,69,
0,1,74,
0,1,79,
0,1,85,
0,1,86,
0,1,112,
0,1,118,
0,1,118,
0,1,122,
0,1,141,
0,1,148,
0,1,182,
0,2,0,
0,2,0,
0,2,0,
0,2,0,
0,2,0,
0,2,0,
0,2,0,
0,2,0,
0,2,1,
0,2,1,
0,2,1,
0,2,1,
0,2,1,
0,2,1,
0,2,1,
0,2,2,
0,2,3,
0,2,3,
0,2,3,
0,2,3,
0,2,3,
0,2,3,
0,2,4,
0,2,4,
0,2,4,
0,2,6,
0,2,6,
0,2,9,
0,2,10,
0,2,11,
0,2,14,
0,2,14,
0,2,15,
0,2,15,
0,2,17,
0,2,20,
0,2,20,
0,2,24,
0,2,25,
0,2,25,
0,2,29,
0,2,29,
0,2,29,
0,2,30,
0,2,30,
0,2,31,
0,2,31,
0,2,33,
0,2,33,
0,2,33,
0,2,38,
0,2,39,
0,2,39,
0,2,48,
0,2,48,
0,2,53,
0,2,58,
0,2,61,
0,2,64,
0,2,73,
0,2,92,
0,2,101,
0,2,104,
0,2,113,
0,2,126,
0,2,127,
0,2,131,
0,2,132,
0,2,134,
0,2,151,
0,2,168,
0,2,198,
0,3,0,
0,3,0,
0,3,0,
0,3,0,
0,3,0,
0,3,1,
0,3,1,
0,3,1,
0,3,2,
0,3,2,
0,3,2,
0,3,3,
0,3,3,
0,3,4,
0,3,4,
0,3,5,
0,3,5,
0,3,6,
0,3,7,
0,3,7,
0,3,10,
0,3,11,
0,3,14,
0,3,14,
0,3,16,
0,3,17,
0,3,17,
0,3,18,
0,3,20,
0,3,21,
0,3,25,
0,3,27,
0,3,30,
0,3,31,
0,3,35,
0,3,36,
0,3,43,
0,3,55,
0,3,56,
0,3,56,
0,3,60,
0,3,77,
0,3,96,
0,3,99,
0,3,112,
0,3,114,
0,3,120,
0,3,121,
0,3,132,
0,3,158,
0,3,180,
0,4,0,
0,4,0,
0,4,0,
0,4,0,
0,4,0,
0,4,1,
0,4,1,
0,4,1,
0,4,2,
0,4,2,
0,4,4,
0,4,4,
0,4,6,
0,4,11,
0,4,13,
0,4,15,
0,4,16,
0,4,33,
0,4,57,
0,4,66,
0,4,72,
0,4,73,
0,4,97,
0,4,108,
0,4,140,
0,4,144,
0,4,148,
0,4,153,
0,4,154,
0,4,159,
0,4,162,
0,4,166,
0,4,181,
0,4,188,
0,5,0,
0,5,0,
0,5,0,
0,5,1,
0,5,1,
0,5,2,
0,5,2,
0,5,4,
0,5,5,
0,5,10,
0,5,11,
0,5,15,
0,5,18,
0,5,18,
0,5,18,
0,5,20,
0,5,21,
0,5,25,
0,5,29,
0,5,43,
0,5,44,
0,5,46,
0,5,56,
0,5,59,
0,5,63,
0,5,100,
0,5,103,
0,5,116,
0,5,152,
0,5,174,
0,6,0,
0,6,0,
0,6,0,
0,6,1,
0,6,3,
0,6,4,
0,6,5,
0,6,5,
0,6,6,
0,6,14,
0,6,15,
0,6,15,
0,6,16,
0,6,22,
0,6,25,
0,6,44,
0,6,53,
0,6,60,
0,6,64,
0,6,77,
0,6,100,
0,6,134,
0,6,143,
0,7,0,
0,7,0,
0,7,0,
0,7,0,
0,7,0,
0,7,1,
0,7,1,
0,7,1,
0,7,1,
0,7,2,
0,7,2,
0,7,3,
0,7,4,
0,7,4,
0,7,7,
0,7,12,
0,7,14,
0,7,16,
0,7,23,
0,7,24,
0,7,25,
0,7,25,
0,7,48,
0,7,113,
0,7,163,
0,8,0,
0,8,0,
0,8,1,
0,8,1,
0,8,1,
0,8,1,
0,8,2,
0,8,3,
0,8,3,
0,8,4,
0,8,7,
0,8,10,
0,8,11,
0,8,12,
0,8,16,
0,8,18,
0,8,19,
0,8,21,
0,8,21,
0,8,22,
0,8,24,
0,8,24,
0,8,26,
0,8,30,
0,8,37,
0,8,57,
0,8,72,
0,8,72,
0,8,98,
0,8,106,
0,8,120,
0,8,122,
0,8,167,
0,9,0,
0,9,0,
0,9,0,
0,9,7,
0,9,7,
0,9,11,
0,9,14,
0,9,14,
0,9,14,
0,9,64,
0,9,66,
0,9,136,
0,9,170,
0,10,0,
0,10,0,
0,10,0,
0,10,0,
0,10,1,
0,10,1,
0,10,1,
0,10,2,
0,10,2,
0,10,2,
0,10,6,
0,10,8,
0,10,10,
0,10,11,
0,10,19,
0,10,26,
0,10,47,
0,10,49,
0,10,52,
0,10,58,
0,10,80,
0,10,185,
0,10,187,
0,11,0,
0,11,0,
0,11,0,
0,11,0,
0,11,1,
0,11,2,
0,11,2,
0,11,3,
0,11,3,
0,11,3,
0,11,5,
0,11,6,
0,11,7,
0,11,9,
0,11,18,
0,11,22,
0,11,22,
0,11,29,
0,11,33,
0,11,68,
0,11,146,
0,11,180,
0,12,0,
0,12,0,
0,12,0,
0,12,3,
0,12,3,
0,12,3,
0,12,5,
0,12,8,
0,12,48,
0,12,75,
0,12,105,
0,12,129,
0,13,0,
0,13,0,
0,13,0,
0,13,2,
0,13,2,
0,13,2,
0,13,3,
0,13,7,
0,13,17,
0,13,20,
0,13,28,
0,13,28,
0,13,30,
0,13,30,
0,13,67,
0,13,81,
0,13,84,
0,13,183,
0,14,0,
0,14,1,
0,14,1,
0,14,1,
0,14,5,
0,14,17,
0,14,18,
0,14,19,
0,14,23,
0,14,25,
0,14,26,
0,14,42,
0,14,58,
0,15,0,
0,15,3,
0,15,5,
0,15,6,
0,15,6,
0,15,11,
0,15,12,
0,15,24,
0,15,29,
0,15,51,
0,15,56,
0,15,56,
0,15,113,
0,15,123,
0,16,1,
0,16,1,
0,16,15,
0,16,18,
0,16,42,
0,16,69,
0,16,168,
0,17,1,
0,17,37,
0,17,82,
0,17,117,
0,18,0,
0,18,0,
0,18,2,
0,18,2,
0,18,5,
0,18,18,
0,18,28,
0,18,40,
0,18,79,
0,18,95,
0,18,135,
0,18,141,
0,18,199,
0,19,1,
0,19,3,
0,19,6,
0,19,17,
0,19,35,
0,19,43,
0,19,56,
0,19,110,
0,19,119,
0,19,125,
0,19,162,
0,20,1,
0,20,3,
0,20,18,
0,20,30,
0,21,0,
0,21,0,
0,21,1,
0,21,1,
0,21,1,
0,21,6,
0,21,32,
0,21,59,
0,22,9,
0,22,46,
0,22,50,
0,22,191,
0,23,1,
0,23,1,
0,23,3,
0,23,6,
0,23,14,
0,23,23,
0,23,53,
0,23,71,
0,24,0,
0,24,7,
0,24,14,
0,24,30,
0,24,64,
0,24,70,
0,24,82,
0,24,108,
0,25,0,
0,25,0,
0,25,5,
0,25,17,
0,25,21,
0,25,75,
0,25,128,
0,25,191,
0,26,0,
0,26,3,
0,26,4,
0,26,5,
0,26,11,
0,26,14,
0,26,14,
0,26,17,
0,26,85,
0,27,0,
0,27,2,
0,27,4,
0,27,6,
0,27,16,
0,27,87,
0,28,0,
0,28,0,
0,28,4,
0,28,11,
0,28,27,
0,28,29,
0,28,40,
0,28,115,
0,29,6,
0,29,12,
0,29,15,
0,29,26,
0,29,39,
0,30,2,
0,30,27,
0,31,1,
0,31,7,
0,31,9,
0,31,11,
0,31,30,
0,31,39,
0,31,42,
0,32,0,
0,32,1,
0,32,1,
0,32,1,
0,32,7,
0,32,12,
0,32,31,
0,32,40,
0,32,124,
0,33,1,
0,33,20,
0,33,105,
0,33,169,
0,34,0,
0,34,0,
0,34,0,
0,34,2,
0,34,2,
0,34,3,
0,34,6,
0,34,14,
0,34,17,
0,34,31,
0,34,38,
0,35,0,
0,35,0,
0,35,0,
0,35,1,
0,35,12,
0,35,13,
0,35,16,
0,35,16,
0,35,63,
0,35,75,
0,37,18,
0,37,86,
0,38,0,
0,38,1,
0,38,1,
0,38,3,
0,38,5,
0,38,14,
0,38,21,
0,38,45,
0,38,134,
0,39,0,
0,39,16,
0,39,32,
0,39,37,
0,39,48,
0,40,6,
0,40,31,
0,40,174,
0,41,2,
0,41,3,
0,41,15,
0,41,190,
0,42,1,
0,42,2,
0,42,5,
0,42,15,
0,42,24,
0,42,34,
0,42,80,
0,42,159,
0,43,2,
0,43,32,
0,43,48,
0,43,146,
0,44,0,
0,44,7,
0,44,42,
0,45,2,
0,45,2,
0,45,8,
0,45,9,
0,45,23,
0,45,36,
0,45,37,
0,46,0,
0,46,9,
0,46,15,
0,46,19,
0,46,61,
0,47,1,
0,47,3,
0,47,4,
0,47,5,
0,47,25,
0,47,49,
0,47,103,
0,47,124,
0,48,3,
0,48,3,
0,48,30,
0,48,39,
0,48,39,
0,48,78,
0,48,81,
0,48,161,
0,49,1,
0,49,4,
0,50,4,
0,50,6,
0,50,16,
0,50,42,
0,50,79,
0,51,0,
0,51,1,
0,51,2,
0,51,24,
0,51,39,
0,51,78,
0,52,1,
0,53,0,
0,53,0,
0,53,16,
0,53,17,
0,53,32,
0,53,44,
0,54,1,
0,54,1,
0,54,2,
0,54,18,
0,54,188,
0,55,16,
0,55,161,
0,56,3,
0,57,0,
0,57,8,
0,58,0,
0,58,6,
0,58,8,
0,59,0,
0,59,1,
0,59,3,
0,59,12,
0,59,47,
0,60,1,
0,60,12,
0,60,14,
0,61,3,
0,61,3,
0,61,3,
0,61,8,
0,62,83,
0,62,87,
0,63,117,
0,64,0,
0,64,4,
0,64,41,
0,65,0,
0,65,0,
0,66,1,
0,66,1,
0,66,4,
0,66,58,
0,66,82,
0,67,0,
0,67,4,
0,67,154,
0,68,0,
0,68,20,
0,68,101,
0,68,128,
0,69,159,
0,70,5,
0,70,12,
0,70,115,
0,71,0,
0,71,10,
0,71,15,
0,71,32,
0,71,35,
0,71,100,
0,72,2,
0,73,0,
0,73,18,
0,74,0,
0,74,1,
0,74,7,
0,74,8,
0,74,38,
0,74,64,
0,75,14,
0,75,26,
0,75,70,
0,76,1,
0,77,8,
0,77,10,
0,78,20,
0,79,0,
0,79,0,
0,79,29,
0,79,44,
0,79,177,
0,80,0,
0,80,14,
0,80,64,
0,82,1,
0,82,10,
0,82,130,
0,82,166,
0,83,0,
0,83,10,
0,83,152,
0,84,17,
0,84,21,
0,85,25,
0,85,41,
0,85,64,
0,87,28,
0,89,0,
0,89,3,
0,89,4,
0,89,5,
0,89,24,
0,89,48,
0,89,51,
0,89,79,
0,90,5,
0,91,0,
0,91,2,
0,91,11,
0,92,0,
0,92,14,
0,92,17,
0,92,27,
0,92,103,
0,93,0,
0,93,3,
0,94,4,
0,94,17,
0,94,29,
0,95,51,
0,96,0,
0,96,1,
0,96,25,
0,96,158,
0,97,18,
0,97,117,
0,98,2,
0,98,5,
0,98,19,
0,98,50,
0,99,8,
0,100,0,
0,100,0,
0,100,2,
0,101,18,
0,102,13,
0,103,12,
0,103,14,
0,103,112,
0,104,2,
0,104,106,
0,105,3,
0,105,3,
0,105,49,
0,105,86,
0,106,0,
0,106,198,
0,107,25,
0,107,55,
0,108,9,
0,109,0,
0,109,0,
0,109,0,
0,109,0,
0,109,8,
0,110,69,
0,112,165,
0,114,3,
0,115,36,
0,116,0,
0,116,0,
0,116,3,
0,116,65,
0,117,7,
0,118,10,
0,118,14,
0,118,43,
0,119,11,
0,119,119,
0,120,0,
0,120,0,
0,120,21,
0,120,50,
0,120,122,
0,121,9,
0,121,187,
0,122,3,
0,124,3,
0,124,10,
0,124,11,
0,126,99,
0,128,6,
0,128,41,
0,129,40,
0,129,196,
0,132,18,
0,133,0,
0,134,3,
0,134,13,
0,134,29,
0,136,16,
0,137,21,
0,137,29,
0,138,1,
0,139,0,
0,139,1,
0,140,2,
0,141,2,
0,141,26,
0,141,95,
0,143,26,
0,143,43,
0,145,1,
0,147,13,
0,147,86,
0,148,38,
0,149,8,
0,149,15,
0,149,55,
0,150,21,
0,151,6,
0,151,65,
0,151,108,
0,152,19,
0,153,5,
0,153,6,
0,153,37,
0,153,56,
0,154,4,
0,155,99,
0,155,100,
0,156,64,
0,156,66,
0,156,107,
0,157,1,
0,158,48,
0,158,57,
0,158,61,
0,160,111,
0,161,78,
0,162,8,
0,162,8,
0,162,37,
0,162,135,
0,163,18,
0,164,0,
0,165,4,
0,165,56,
0,165,168,
0,166,6,
0,168,1,
0,168,11,
0,168,26,
0,168,41,
0,169,5,
0,170,1,
0,171,45,
0,172,17,
0,172,93,
0,173,190,
0,174,32,
0,176,8,
0,176,59,
0,177,3,
0,177,19,
0,179,178,
0,181,40,
0,183,61,
0,185,3,
0,186,0,
0,186,72,
0,186,111,
0,186,143,
0,186,174,
0,187,53,
0,188,17,
0,190,7,
0,191,1,
0,191,19,
0,192,29,
0,193,4,
0,195,2,
0,195,158,
0,197,1,
0,197,64,
0,198,4,
0,198,66,
0,199,0,
0,199,5,
1,0,0,
1,0,0,
1,0,0,
1,0,0,
1,0,0,
1,0,0,
1,0,0,
1,0,0,
1,0,0,
1,0,0,
1,0,1,
1,0,1,
1,0,1,
1,0,1,
1,0,1,
1,0,1,
1,0,1,
1,0,2,
1,0,2,
1,0,2,
1,0,2,
1,0,2,
1,0,2,
1,0,2,
1,0,3,
1,0,4,
1,0,4,
1,0,4,
1,0,5,
1,0,5,
1,0,5,
1,0,6,
1,0,6,
1,0,7,
1,0,8,
1,0,8,
1,0,8,
1,0,8,
1,0,9,
1,0,10,
1,0,10,
1,0,10,
1,0,11,
1,0,12,
1,0,13,
1,0,13,
1,0,15,
1,0,15,
1,0,17,
1,0,17,
1,0,19,
1,0,21,
1,0,22,
1,0,22,
1,0,23,
1,0,26,
1,0,27,
1,0,28,
1,0,29,
1,0,29,
1,0,30,
1,0,32,
1,0,32,
1,0,36,
1,0,36,
1,0,37,
1,0,38,
1,0,39,
1,0,40,
1,0,44,
1,0,45,
1,0,46,
1,0,50,
1,0,54,
1,0,56,
1,0,58,
1,0,61,
1,0,68,
1,0,79,
1,0,82,
1,0,89,
1,0,91,
1,0,106,
1,0,108,
1,0,113,
1,0,114,
1,0,115,
1,0,142,
1,0,153,
1,0,163,
1,0,174,
1,0,196,
1,1,0,
1,1,0,
1,1,0,
1,1,0,
1,1,0,
1,1,0,
1,1,1,
1,1,1,
1,1,2,
1,1,2,
1,1,3,
1,1,3,
1,1,4,
1,1,6,
1,1,7,
1,1,8,
1,1,8,
1,1,8,
1,1,11,
1,1,12,
1,1,13,
1,1,13,
1,1,14,
1,1,14,
1,1,14,
1,1,14,
1,1,15,
1,1,18,
1,1,20,
1,1,21,
1,1,23,
1,1,24,
1,1,31,
1,1,42,
1,1,50,
1,1,51,
1,1,57,
1,1,81,
1,1,87,
1,1,93,
1,1,108,
1,1,130,
1,1,136,
1,1,137,
1,1,160,
1,2,1,
1,2,1,
1,2,1,
1,2,1,
1,2,3,
1,2,3,
1,2,4,
1,2,5,
1,2,5,
1,2,6,
1,2,6,
1,2,7,
1,2,8,
1,2,8,
1,2,14,
1,2,23,
1,2,33,
1,2,37,
1,2,45,
1,2,49,
1,2,51,
1,2,57,
1,2,59,
1,2,79,
1,2,91,
1,2,95,
1,2,109,
1,2,126,
1,2,127,
1,2,149,
1,2,154,
1,2,160,
1,3,0,
1,3,1,
1,3,2,
1,3,2,
1,3,2,
1,3,3,
1,3,6,
1,3,6,
1,3,11,
1,3,13,
1,3,16,
1,3,17,
1,3,17,
1,3,20,
1,3,20,
1,3,29,
1,3,30,
1,3,32,
1,3,48,
1,3,51,
1,3,71,
1,3,77,
1,3,92,
1,3,163,
1,4,0,
1,4,0,
1,4,0,
1,4,0,
1,4,0,
1,4,0,
1,4,0,
1,4,0,
1,4,1,
1,4,2,
1,4,4,
1,4,6,
1,4,12,
1,4,29,
1,4,32,
1,4,34,
1,4,41,
1,4,49,
1,4,53,
1,4,67,
1,4,95,
1,4,148,
1,4,172,
1,5,0,
1,5,0,
1,5,0,
1,5,0,
1,5,3,
1,5,5,
1,5,34,
1,5,36,
1,5,48,
1,5,55,
1,5,57,
1,5,108,
1,5,109,
1,6,0,
1,6,0,
1,6,1,
1,6,6,
1,6,37,
1,6,57,
1,6,109,
1,6,123,
1,6,149,
1,6,149,
1,6,195,
1,7,0,
1,7,0,
1,7,1,
1,7,4,
1,7,5,
1,7,8,
1,7,11,
1,7,13,
1,7,53,
1,7,84,
1,7,90,
1,7,107,
1,7,135,
1,7,138,
1,7,181,
1,8,0,
1,8,1,
1,8,1,
1,8,2,
1,8,6,
1,8,34,
1,8,75,
1,8,179,
1,9,0,
1,9,0,
1,9,1,
1,9,2,
1,9,22,
1,9,70,
1,9,71,
1,9,90,
1,9,101,
1,9,117,
1,9,124,
1,9,134,
1,9,151,
1,10,3,
1,10,8,
1,10,9,
1,10,10,
1,10,57,
1,11,0,
1,11,2,
1,11,3,
1,11,22,
1,11,43,
1,11,60,
1,11,62,
1,11,83,
1,11,112,
1,12,0,
1,12,2,
1,12,3,
1,12,3,
1,12,6,
1,12,66,
1,12,72,
1,12,79,
1,12,162,
1,13,1,
1,13,2,
1,13,7,
1,13,18,
1,13,19,
1,13,50,
1,13,62,
1,13,181,
1,14,0,
1,14,0,
1,14,4,
1,14,5,
1,14,5,
1,14,5,
1,14,6,
1,14,16,
1,14,16,
1,14,20,
1,14,46,
1,14,151,
1,15,1,
1,15,9,
1,15,32,
1,15,53,
1,15,140,
1,16,0,
1,16,2,
1,16,2,
1,16,3,
1,16,29,
1,16,43,
1,16,44,
1,16,50,
1,17,4,
1,18,3,
1,18,5,
1,18,7,
1,18,10,
1,18,24,
1,18,33,
1,18,49,
1,19,0,
1,19,9,
1,19,11,
1,19,13,
1,19,21,
1,19,30,
1,20,0,
1,20,1,
1,20,4,
1,20,10,
1,20,26,
1,20,161,
1,21,2,
1,21,3,
1,21,4,
1,21,4,
1,21,37,
1,21,50,
1,22,0,
1,22,3,
1,22,3,
1,22,5,
1,23,0,
1,23,4,
1,23,27,
1,23,29,
1,23,130,
1,24,23,
1,24,64,
1,24,168,
1,25,0,
1,25,10,
1,25,127,
1,26,0,
1,26,1,
1,26,29,
1,26,36,
1,26,74,
1,26,107,
1,27,5,
1,27,17,
1,27,129,
1,28,4,
1,28,59,
1,28,68,
1,30,2,
1,30,8,
1,30,41,
1,30,67,
1,31,0,
1,31,0,
1,31,0,
1,31,17,
1,31,44,
1,31,123,
1,32,2,
1,32,12,
1,32,53,
1,33,20,
1,33,108,
1,35,2,
1,35,58,
1,36,0,
1,36,15,
1,37,28,
1,37,42,
1,37,54,
1,37,60,
1,37,118,
1,37,135,
1,38,0,
1,38,1,
1,38,5,
1,38,46,
1,38,63,
1,38,86,
1,39,3,
1,39,16,
1,39,17,
1,39,41,
1,39,115,
1,40,0,
1,40,4,
1,40,40,
1,40,54,
1,40,182,
1,41,22,
1,41,47,
1,41,67,
1,42,48,
1,44,2,
1,44,10,
1,44,23,
1,44,47,
1,44,111,
1,45,39,
1,45,82,
1,46,7,
1,46,49,
1,46,121,
1,47,63,
1,48,0,
1,48,32,
1,49,0,
1,49,1,
1,49,1,
1,49,34,
1,49,56,
1,50,0,
1,50,1,
1,51,29,
1,51,85,
1,52,176,
1,53,19,
1,53,50,
1,54,20,
1,54,70,
1,56,2,
1,56,4,
1,56,19,
1,57,123,
1,57,185,
1,57,185,
1,59,1,
1,59,24,
1,61,37,
1,61,92,
1,62,0,
1,63,5,
1,64,26,
1,65,39,
1,65,109,
1,66,1,
1,67,3,
1,69,25,
1,69,170,
1,71,4,
1,73,11,
1,75,79,
1,76,0,
1,76,1,
1,78,3,
1,79,29,
1,79,126,
1,83,16,
1,85,16,
1,86,18,
1,86,56,
1,86,70,
1,87,3,
1,87,30,
1,89,5,
1,90,2,
1,91,186,
1,92,74,
1,92,137,
1,93,6,
1,94,0,
1,94,4,
1,94,52,
1,94,57,
1,97,0,
1,98,8,
1,98,70,
1,104,0,
1,104,9,
1,104,10,
1,105,2,
1,106,18,
1,107,26,
1,108,8,
1,109,3,
1,109,30,
1,110,0,
1,110,1,
1,111,36,
1,111,117,
1,112,55,
1,116,1,
1,116,9,
1,117,17,
1,119,3,
1,121,123,
1,122,0,
1,122,15,
1,123,30,
1,123,48,
1,124,12,
1,126,2,
1,127,1,
1,129,9,
1,129,25,
1,130,24,
1,130,107,
1,131,1,
1,132,41,
1,133,16,
1,135,57,
1,136,2,
1,136,7,
1,137,140,
1,140,20,
1,140,28,
1,141,5,
1,143,11,
1,144,71,
1,144,75,
1,147,0,
1,147,0,
1,147,26,
1,147,140,
1,149,51,
1,159,50,
1,160,0,
1,161,23,
1,161,136,
1,162,81,
1,165,39,
1,167,17,
1,169,0,
1,169,5,
1,170,92,
1,171,80,
1,172,5,
1,173,15,
1,174,1,
1,177,81,
1,179,2,
1,179,123,
1,180,1,
1,181,9,
1,183,3,
1,186,175,
1,189,28,
1,190,2,
1,190,6,
1,191,18,
1,192,131,
1,193,27,
1,197,26,
1,198,7,
1,199,59,
2,0,0,
2,0,0,
2,0,0,
2,0,0,
2,0,1,
2,0,1,
2,0,1,
2,0,1,
2,0,1,
2,0,1,
2,0,1,
2,0,2,
2,0,2,
2,0,2,
2,0,2,
2,0,2,
2,0,3,
2,0,3,
2,0,5,
2,0,7,
2,0,7,
2,0,10,
2,0,10,
2,0,10,
2,0,12,
2,0,13,
2,0,15,
2,0,16,
2,0,16,
2,0,17,
2,0,18,
2,0,20,
2,0,20,
2,0,27,
2,0,30,
2,0,32,
2,0,37,
2,0,42,
2,0,44,
2,0,59,
2,0,79,
2,0,112,
2,0,118,
2,0,120,
2,0,124,
2,0,125,
2,0,132,
2,0,138,
2,0,144,
2,0,175,
2,1,0,
2,1,0,
2,1,0,
2,1,1,
2,1,1,
2,1,1,
2,1,2,
2,1,3,
2,1,3,
2,1,3,
2,1,4,
2,1,5,
2,1,6,
2,1,6,
2,1,12,
2,1,13,
2,1,15,
2,1,19,
2,1,19,
2,1,34,
2,1,38,
2,1,39,
2,1,40,
2,1,41,
2,1,48,
2,1,66,
2,1,74,
2,1,109,
2,1,125,
2,1,140,
2,2,1,
2,2,2,
2,2,4,
2,2,5,
2,2,5,
2,2,9,
2,2,9,
2,2,18,
2,2,19,
2,2,22,
2,2,32,
2,2,42,
2,2,79,
2,2,136,
2,2,137,
2,3,0,
2,3,1,
2,3,1,
2,3,4,
2,3,4,
2,3,4,
2,3,5,
2,3,6,
2,3,9,
2,3,9,
2,3,11,
2,3,11,
2,3,18,
2,3,20,
2,3,24,
2,3,52,
2,3,60,
2,3,144,
2,3,168,
2,3,170,
2,4,0,
2,4,0,
2,4,1,
2,4,1,
2,4,2,
2,4,4,
2,4,11,
2,4,14,
2,4,14,
2,4,16,
2,4,25,
2,4,27,
2,4,113,
2,4,121,
2,4,160,
2,5,2,
2,5,3,
2,5,4,
2,5,9,
2,5,13,
2,5,66,
2,5,119,
2,5,126,
2,5,129,
2,6,0,
2,6,0,
2,6,3,
2,6,9,
2,6,15,
2,6,16,
2,6,46,
2,6,142,
2,7,0,
2,7,0,
2,7,0,
2,7,2,
2,7,2,
2,7,3,
2,7,7,
2,7,17,
2,7,17,
2,7,36,
2,7,39,
2,7,88,
2,7,177,
2,8,0,
2,8,28,
2,8,36,
2,8,56,
2,8,68,
2,8,76,
2,9,0,
2,9,0,
2,9,1,
2,9,2,
2,9,2,
2,9,13,
2,9,22,
2,9,45,
2,9,61,
2,9,97,
2,10,0,
2,10,0,
2,10,1,
2,10,1,
2,10,5,
2,11,0,
2,11,0,
2,11,3,
2,11,8,
2,11,11,
2,11,12,
2,11,15,
2,11,41,
2,11,99,
2,11,103,
2,12,1,
2,12,17,
2,12,53,
2,12,71,
2,13,0,
2,13,0,
2,13,1,
2,13,19,
2,13,21,
2,13,108,
2,13,157,
2,14,0,
2,14,4,
2,14,5,
2,14,86,
2,14,191,
2,15,8,
2,15,16,
2,15,84,
2,16,1,
2,16,1,
2,16,8,
2,16,10,
2,16,21,
2,16,59,
2,16,102,
2,17,0,
2,17,3,
2,17,93,
2,18,0,
2,18,3,
2,18,11,
2,18,34,
2,19,0,
2,19,1,
2,19,4,
2,19,4,
2,19,14,
2,19,22,
2,19,38,
2,19,65,
2,19,138,
2,20,3,
2,20,5,
2,20,7,
2,20,15,
2,20,18,
2,20,100,
2,21,0,
2,21,53,
2,22,33,
2,22,35,
2,22,85,
2,22,106,
2,22,129,
2,23,13,
2,23,15,
2,23,27,
2,23,126,
2,24,0,
2,24,9,
2,24,16,
2,24,67,
2,24,145,
2,25,3,
2,25,9,
2,25,67,
2,25,182,
2,26,2,
2,26,8,
2,26,88,
2,26,122,
2,27,123,
2,28,1,
2,28,5,
2,28,9,
2,28,9,
2,28,14,
2,28,62,
2,29,0,
2,29,2,
2,30,0,
2,31,7,
2,31,25,
2,32,3,
2,32,17,
2,33,5,
2,33,5,
2,34,1,
2,34,3,
2,34,14,
2,35,2,
2,35,3,
2,35,4,
2,35,6,
2,35,12,
2,36,1,
2,36,2,
2,36,12,
2,37,3,
2,37,3,
2,37,5,
2,37,8,
2,37,23,
2,37,36,
2,37,173,
2,39,10,
2,39,20,
2,40,56,
2,44,1,
2,44,22,
2,45,135,
2,45,194,
2,46,0,
2,46,6,
2,46,29,
2,48,2,
2,48,3,
2,48,11,
2,50,1,
2,51,0,
2,51,23,
2,52,68,
2,52,122,
2,54,26,
2,55,1,
2,56,0,
2,56,1,
2,58,0,
2,58,27,
2,59,23,
2,60,16,
2,61,2,
2,62,37,
2,64,192,
2,65,34,
2,66,0,
2,67,27,
2,68,0,
2,68,6,
2,69,126,
2,71,0,
2,71,1,
2,71,4,
2,72,13,
2,73,14,
2,74,0,
2,74,155,
2,75,0,
2,75,3,
2,75,5,
2,75,124,
2,75,166,
2,76,17,
2,76,55,
2,77,12,
2,77,137,
2,78,1,
2,80,0,
2,80,28,
2,81,0,
2,82,1,
2,82,3,
2,82,138,
2,83,2,
2,84,7,
2,84,14,
2,84,191,
2,86,0,
2,86,22,
2,86,31,
2,86,94,
2,87,4,
2,89,0,
2,89,12,
2,90,13,
2,90,73,
2,91,119,
2,93,42,
2,94,1,
2,94,8,
2,95,0,
2,95,1,
2,95,13,
2,97,50,
2,98,15,
2,106,0,
2,108,109,
2,108,144,
2,109,8,
2,110,8,
2,112,5,
2,113,10,
2,119,8,
2,119,60,
2,120,0,
2,120,0,
2,120,0,
2,120,18,
2,120,60,
2,124,38,
2,125,13,
2,126,1,
2,126,3,
2,127,0,
2,130,0,
2,133,53,
2,134,1,
2,136,137,
2,137,1,
2,140,46,
2,142,0,
2,142,23,
2,144,58,
2,144,73,
2,144,117,
2,144,165,
2,147,4,
2,148,35,
2,150,3,
2,151,1,
2,152,0,
2,154,2,
2,159,16,
2,159,55,
2,161,73,
2,170,26,
2,173,1,
2,173,10,
2,177,2,
2,177,23,
2,179,87,
2,182,0,
2,183,108,
2,187,50,
2,192,12,
2,193,4,
2,194,0,
2,195,2,
2,196,1,
2,196,73,
2,199,0,
2,199,140,
3,0,0,
3,0,0,
3,0,0,
3,0,0,
3,0,0,
3,0,1,
3,0,1,
3,0,2,
3,0,2,
3,0,2,
3,0,2,
3,0,2,
3,0,4,
3,0,5,
3,0,5,
3,0,6,
3,0,7,
3,0,8,
3,0,9,
3,0,12,
3,0,17,
3,0,17,
3,0,18,
3,0,21,
3,0,25,
3,0,28,
3,0,28,
3,0,30,
3,0,30,
3,0,31,
3,0,33,
3,0,49,
3,0,55,
3,0,77,
3,0,81,
3,0,115,
3,0,136,
3,0,160,
3,0,188,
3,1,0,
3,1,1,
3,1,1,
3,1,2,
3,1,3,
3,1,6,
3,1,15,
3,1,16,
3,1,23,
3,1,29,
3,1,36,
3,1,43,
3,1,78,
3,1,173,
3,1,174,
3,2,0,
3,2,0,
3,2,0,
3,2,1,
3,2,2,
3,2,3,
3,2,4,
3,2,4,
3,2,5,
3,2,6,
3,2,7,
3,2,11,
3,2,20,
3,2,29,
3,2,35,
3,2,36,
3,2,41,
3,2,59,
3,2,82,
3,2,105,
3,2,127,
3,2,156,
3,2,163,
3,2,196,
3,3,4,
3,3,9,
3,3,13,
3,3,14,
3,3,14,
3,3,28,
3,3,30,
3,3,69,
3,3,159,
3,3,180,
3,3,187,
3,4,2,
3,4,2,
3,4,3,
3,4,7,
3,4,8,
3,4,8,
3,4,14,
3,4,19,
3,4,26,
3,4,43,
3,4,46,
3,4,61,
3,4,93,
3,4,149,
3,5,0,
3,5,0,
3,5,1,
3,5,30,
3,5,53,
3,6,0,
3,6,1,
3,6,5,
3,6,13,
3,6,24,
3,6,62,
3,6,173,
3,6,175,
3,7,0,
3,7,11,
3,7,22,
3,7,40,
3,7,62,
3,7,81,
3,8,0,
3,8,0,
3,8,3,
3,8,4,
3,8,16,
3,8,38,
3,8,102,
3,8,129,
3,9,16,
3,9,28,
3,10,25,
3,10,94,
3,11,0,
3,11,6,
3,12,1,
3,12,16,
3,13,0,
3,13,11,
3,13,170,
3,13,176,
3,14,0,
3,14,137,
3,15,1,
3,15,30,
3,15,84,
3,15,177,
3,16,3,
3,16,64,
3,17,2,
3,17,11,
3,17,21,
3,17,24,
3,18,1,
3,18,2,
3,18,92,
3,19,0,
3,19,1,
3,19,2,
3,19,59,
3,20,0,
3,20,3,
3,20,7,
3,20,15,
3,20,26,
3,21,73,
3,22,0,
3,22,7,
3,22,10,
3,22,42,
3,22,100,
3,23,106,
3,24,6,
3,25,0,
3,25,11,
3,25,38,
3,26,0,
3,26,0,
3,26,47,
3,27,0,
3,27,4,
3,28,4,
3,30,1,
3,30,5,
3,31,2,
3,31,2,
3,31,5,
3,31,182,
3,32,1,
3,32,91,
3,32,156,
3,33,0,
3,33,112,
3,34,3,
3,34,10,
3,34,20,
3,34,182,
3,35,61,
3,36,1,
3,37,1,
3,37,58,
3,37,74,
3,37,122,
3,37,132,
3,37,170,
3,38,92,
3,39,3,
3,39,34,
3,40,0,
3,40,11,
3,40,14,
3,40,103,
3,41,21,
3,41,66,
3,44,1,
3,44,3,
3,44,54,
3,45,0,
3,45,6,
3,45,46,
3,46,0,
3,47,9,
3,47,115,
3,48,0,
3,48,12,
3,48,52,
3,48,85,
3,49,1,
3,49,3,
3,49,35,
3,49,112,
3,50,27,
3,51,2,
3,52,89,
3,54,9,
3,54,64,
3,55,5,
3,56,5,
3,56,24,
3,57,29,
3,58,70,
3,59,3,
3,60,1,
3,61,93,
3,62,26,
3,64,4,
3,64,8,
3,64,12,
3,65,4,
3,66,0,
3,66,1,
3,66,11,
3,66,30,
3,67,1,
3,68,15,
3,70,4,
3,70,70,
3,71,2,
3,71,169,
3,75,178,
3,77,33,
3,81,21,
3,82,32,
3,85,20,
3,87,97,
3,88,47,
3,89,29,
3,89,37,
3,91,80,
3,95,117,
3,96,67,
3,100,33,
3,101,10,
3,101,23,
3,101,149,
3,103,31,
3,103,145,
3,104,186,
3,106,0,
3,106,3,
3,107,114,
3,108,116,
3,113,4,
3,113,29,
3,118,0,
3,118,2,
3,119,45,
3,120,1,
3,121,14,
3,121,17,
3,123,87,
3,128,112,
3,132,21,
3,136,137,
3,139,1,
3,140,38,
3,141,13,
3,142,137,
3,143,2,
3,143,133,
3,144,107,
3,145,1,
3,151,18,
3,153,24,
3,153,47,
3,154,37,
3,156,192,
3,158,114,
3,160,5,
3,160,84,
3,162,131,
3,166,0,
3,169,3,
3,169,54,
3,183,33,
3,185,0,
3,187,22,
3,191,6,
3,191,155,
3,194,17,
3,197,2,
4,0,0,
4,0,0,
4,0,0,
4,0,0,
4,0,1,
4,0,1,
4,0,1,
4,0,1,
4,0,1,
4,0,1,
4,0,1,
4,0,2,
4,0,2,
4,0,2,
4,0,2,
4,0,4,
4,0,5,
4,0,5,
4,0,8,
4,0,9,
4,0,17,
4,0,17,
4,0,20,
4,0,21,
4,0,21,
4,0,24,
4,0,25,
4,0,41,
4,0,64,
4,0,69,
4,0,83,
4,0,121,
4,0,148,
4,0,190,
4,0,199,
4,1,0,
4,1,0,
4,1,0,
4,1,0,
4,1,1,
4,1,1,
4,1,1,
4,1,2,
4,1,2,
4,1,3,
4,1,4,
4,1,4,
4,1,4,
4,1,7,
4,1,14,
4,1,29,
4,1,40,
4,1,56,
4,1,62,
4,1,72,
4,2,0,
4,2,0,
4,2,0,
4,2,1,
4,2,1,
4,2,4,
4,2,4,
4,2,10,
4,2,12,
4,2,18,
4,2,34,
4,2,34,
4,2,50,
4,2,67,
4,2,84,
4,2,87,
4,2,98,
4,2,158,
4,3,0,
4,3,5,
4,3,7,
4,3,10,
4,3,13,
4,3,16,
4,3,18,
4,3,18,
4,3,19,
4,3,41,
4,3,58,
4,3,72,
4,4,0,
4,4,0,
4,4,1,
4,4,7,
4,4,7,
4,4,9,
4,4,10,
4,4,61,
4,4,72,
4,4,90,
4,4,107,
4,5,0,
4,5,0,
4,5,4,
4,5,4,
4,5,4,
4,5,4,
4,5,4,
4,5,5,
4,5,11,
4,5,15,
4,5,21,
4,5,24,
4,5,51,
4,6,0,
4,6,10,
4,6,10,
4,6,12,
4,6,21,
4,6,191,
4,7,2,
4,7,3,
4,7,5,
4,7,6,
4,7,8,
4,7,16,
4,7,22,
4,7,58,
4,8,1,
4,8,7,
4,8,15,
4,8,37,
4,8,46,
4,8,87,
4,9,0,
4,9,8,
4,9,46,
4,10,1,
4,11,0,
4,11,2,
4,11,71,
4,12,14,
4,12,18,
4,12,121,
4,13,2,
4,13,17,
4,13,49,
4,13,87,
4,14,0,
4,14,0,
4,14,5,
4,14,12,
4,14,14,
4,14,86,
4,15,2,
4,15,155,
4,17,3,
4,17,13,
4,18,0,
4,18,7,
4,18,34,
4,19,1,
4,19,29,
4,19,57,
4,19,83,
4,19,109,
4,20,1,
4,20,4,
4,20,8,
4,20,9,
4,20,178,
4,21,0,
4,21,91,
4,22,19,
4,22,20,
4,23,92,
4,24,2,
4,24,4,
4,24,28,
4,25,34,
4,26,3,
4,26,8,
4,27,7,
4,27,111,
4,28,0,
4,28,1,
4,28,19,
4,28,57,
4,28,134,
4,30,38,
4,30,114,
4,30,198,
4,31,1,
4,31,2,
4,31,27,
4,31,58,
4,31,73,
4,34,0,
4,34,6,
4,35,7,
4,35,71,
4,35,147,
4,36,1,
4,37,1,
4,37,11,
4,38,0,
4,38,0,
4,38,11,
4,38,160,
4,38,195,
4,39,0,
4,40,10,
4,41,1,
4,41,64,
4,42,0,
4,42,27,
4,44,2,
4,45,1,
4,45,1,
4,46,47,
4,47,7,
4,50,155,
4,53,33,
4,53,91,
4,57,0,
4,58,54,
4,60,2,
4,60,39,
4,62,0,
4,62,5,
4,62,140,
4,64,2,
4,65,30,
4,69,54,
4,70,54,
4,71,151,
4,72,0,
4,77,6,
4,77,54,
4,78,5,
4,80,16,
4,82,135,
4,83,21,
4,87,19,
4,87,21,
4,88,5,
4,88,46,
4,89,1,
4,90,92,
4,91,26,
4,92,0,
4,93,13,
4,94,0,
4,95,17,
4,97,69,
4,98,2,
4,98,2,
4,98,11,
4,103,16,
4,103,33,
4,103,78,
4,103,100,
4,106,0,
4,108,0,
4,108,54,
4,111,7,
4,112,0,
4,112,1,
4,112,23,
4,113,0,
4,114,4,
4,115,5,
4,115,24,
4,118,48,
4,119,183,
4,123,33,
4,127,67,
4,130,9,
4,132,3,
4,132,5,
4,133,123,
4,135,1,
4,140,27,
4,142,0,
4,143,83,
4,145,4,
4,152,1,
4,160,1,
4,160,43,
4,161,24,
4,165,25,
4,165,45,
4,166,16,
4,167,0,
4,169,9,
4,170,20,
4,173,56,
4,174,46,
4,182,30,
4,182,168,
5,0,0,
5,0,0,
5,0,0,
5,0,0,
5,0,0,
5,0,0,
5,0,1,
5,0,1,
5,0,1,
5,0,2,
5,0,3,
5,0,3,
5,0,3,
5,0,3,
5,0,5,
5,0,6,
5,0,7,
5,0,7,
5,0,8,
5,0,8,
5,0,9,
5,0,16,
5,0,18,
5,0,21,
5,0,29,
5,0,32,
5,0,33,
5,0,36,
5,0,41,
5,0,64,
5,0,77,
5,0,114,
5,0,119,
5,0,161,
5,0,193,
5,1,0,
5,1,0,
5,1,0,
5,1,0,
5,1,1,
5,1,1,
5,1,2,
5,1,3,
5,1,6,
5,1,6,
5,1,13,
5,1,17,
5,1,17,
5,1,18,
5,1,26,
5,1,27,
5,1,32,
5,1,35,
5,1,42,
5,1,133,
5,2,0,
5,2,0,
5,2,0,
5,2,0,
5,2,2,
5,2,2,
5,2,3,
5,2,5,
5,2,11,
5,2,12,
5,2,36,
5,2,56,
5,2,61,
5,2,67,
5,2,88,
5,2,118,
5,2,164,
5,3,0,
5,3,1,
5,3,9,
5,3,19,
5,3,26,
5,3,95,
5,3,101,
5,4,0,
5,4,0,
5,4,2,
5,4,2,
5,4,2,
5,4,9,
5,4,14,
5,4,54,
5,4,162,
5,4,185,
5,5,0,
5,5,1,
5,5,2,
5,5,8,
5,5,26,
5,6,2,
5,6,2,
5,6,7,
5,6,61,
5,6,75,
5,6,78,
5,6,187,
5,7,4,
5,7,7,
5,7,19,
5,7,42,
5,7,109,
5,7,145,
5,8,0,
5,8,21,
5,8,24,
5,8,94,
5,8,191,
5,9,4,
5,9,36,
5,9,92,
5,10,0,
5,10,1,
5,10,2,
5,10,5,
5,10,7,
5,10,7,
5,10,16,
5,10,21,
5,10,188,
5,10,196,
5,11,5,
5,11,6,
5,11,120,
5,12,35,
5,12,197,
5,13,7,
5,13,22,
5,13,33,
5,14,1,
5,14,15,
5,15,2,
5,16,5,
5,16,5,
5,16,17,
5,16,126,
5,17,3,
5,17,127,
5,18,3,
5,18,12,
5,19,2,
5,19,21,
5,20,2,
5,20,4,
5,20,37,
5,21,172,
5,22,1,
5,23,1,
5,24,54,
5,25,199,
5,26,1,
5,27,0,
5,27,25,
5,29,0,
5,29,2,
5,29,2,
5,29,33,
5,29,52,
5,31,0,
5,31,0,
5,32,10,
5,33,194,
5,34,14,
5,34,40,
5,35,0,
5,35,13,
5,36,4,
5,36,13,
5,36,103,
5,37,0,
5,38,0,
5,39,136,
5,40,6,
5,40,49,
5,41,3,
5,41,10,
5,42,16,
5,42,57,
5,43,1,
5,43,51,
5,46,7,
5,47,36,
5,49,1,
5,50,12,
5,53,0,
5,53,2,
5,53,108,
5,56,30,
5,57,6,
5,60,187,
5,62,87,
5,62,134,
5,63,16,
5,67,8,
5,68,20,
5,69,41,
5,69,155,
5,70,16,
5,71,14,
5,73,3,
5,74,19,
5,76,2,
5,76,89,
5,77,0,
5,81,1,
5,82,84,
5,86,32,
5,87,2,
5,89,184,
5,93,4,
5,94,175,
5,98,114,
5,99,3,
5,106,3,
5,108,11,
5,108,37,
5,110,10,
5,113,2,
5,114,73,
5,116,139,
5,117,74,
5,120,9,
5,123,0,
5,129,195,
5,138,12,
5,142,21,
5,146,20,
5,153,46,
5,154,3,
5,162,124,
5,165,13,
5,179,20,
5,181,25,
5,185,1,
5,194,99,
5,197,152,
6,0,0,
6,0,1,
6,0,1,
6,0,4,
6,0,5,
6,0,6,
6,0,6,
6,0,10,
6,0,10,
6,0,11,
6,0,16,
6,0,35,
6,0,55,
6,0,60,
6,0,76,
6,0,78,
6,0,92,
6,0,101,
6,0,104,
6,0,105,
6,0,108,
6,0,119,
6,0,153,
6,0,177,
6,0,192,
6,1,0,
6,1,0,
6,1,1,
6,1,1,
6,1,1,
6,1,1,
6,1,4,
6,1,10,
6,1,13,
6,1,16,
6,1,20,
6,1,20,
6,1,39,
6,1,75,
6,1,99,
6,2,0,
6,2,0,
6,2,0,
6,2,5,
6,2,6,
6,2,6,
6,2,8,
6,2,17,
6,2,20,
6,2,65,
6,2,65,
6,2,126,
6,2,136,
6,2,159,
6,2,176,
6,3,0,
6,3,2,
6,3,7,
6,3,10,
6,3,12,
6,3,21,
6,3,23,
6,3,48,
6,3,61,
6,3,100,
6,3,119,
6,4,1,
6,4,5,
6,4,11,
6,4,13,
6,5,0,
6,5,2,
6,5,4,
6,5,6,
6,5,18,
6,5,25,
6,5,85,
6,5,93,
6,5,118,
6,5,128,
6,5,143,
6,6,1,
6,6,4,
6,6,9,
6,6,26,
6,7,4,
6,7,7,
6,7,9,
6,7,85,
6,7,87,
6,8,0,
6,8,2,
6,8,2,
6,8,4,
6,8,34,
6,8,53,
6,9,5,
6,9,22,
6,10,1,
6,10,9,
6,10,26,
6,11,0,
6,11,0,
6,11,7,
6,11,9,
6,11,197,
6,12,1,
6,12,12,
6,12,147,
6,13,8,
6,13,74,
6,15,0,
6,15,6,
6,15,112,
6,16,0,
6,16,1,
6,16,83,
6,18,0,
6,18,7,
6,19,0,
6,19,1,
6,19,2,
6,19,34,
6,19,54,
6,21,67,
6,22,5,
6,25,6,
6,26,0,
6,28,45,
6,29,9,
6,29,52,
6,30,0,
6,30,8,
6,33,3,
6,33,119,
6,34,29,
6,34,39,
6,35,152,
6,37,75,
6,37,150,
6,39,13,
6,41,27,
6,42,0,
6,42,0,
6,43,9,
6,43,12,
6,53,2,
6,53,4,
6,53,4,
6,53,7,
6,54,1,
6,54,125,
6,57,0,
6,57,0,
6,59,2,
6,60,0,
6,61,1,
6,62,132,
6,63,16,
6,65,8,
6,69,2,
6,70,190,
6,71,2,
6,71,7,
6,72,20,
6,72,134,
6,75,0,
6,77,5,
6,78,162,
6,87,0,
6,89,2,
6,89,2,
6,89,96,
6,92,59,
6,92,66,
6,100,75,
6,105,0,
6,105,84,
6,106,13,
6,108,3,
6,109,1,
6,110,36,
6,110,44,
6,111,8,
6,113,4,
6,115,42,
6,116,47,
6,118,9,
6,120,1,
6,124,0,
6,127,5,
6,129,64,
6,137,0,
6,145,0,
6,149,37,
6,157,5,
6,164,17,
6,164,30,
6,171,4,
6,172,0,
6,172,127,
6,174,1,
6,178,6,
6,192,4,
6,192,15,
6,195,0,
6,196,17,
7,0,0,
7,0,0,
7,0,0,
7,0,0,
7,0,0,
7,0,0,
7,0,1,
7,0,3,
7,0,5,
7,0,6,
7,0,8,
7,0,12,
7,0,16,
7,0,29,
7,0,48,
7,0,58,
7,0,59,
7,0,68,
7,0,148,
7,1,1,
7,1,6,
7,1,26,
7,1,59,
7,1,99,
7,1,112,
7,1,121,
7,1,155,
7,1,168,
7,2,0,
7,2,1,
7,2,2,
7,2,3,
7,2,3,
7,2,9,
7,2,28,
7,2,168,
7,2,197,
7,3,1,
7,3,3,
7,3,10,
7,3,17,
7,3,94,
7,4,0,
7,4,6,
7,4,13,
7,4,17,
7,4,32,
7,4,86,
7,5,0,
7,5,28,
7,5,36,
7,5,42,
7,5,97,
7,6,2,
7,6,21,
7,6,44,
7,6,107,
7,6,170,
7,7,1,
7,7,15,
7,7,16,
7,7,24,
7,7,74,
7,8,0,
7,8,4,
7,8,47,
7,8,98,
7,8,168,
7,9,0,
7,9,0,
7,9,3,
7,10,29,
7,10,146,
7,11,2,
7,11,10,
7,11,11,
7,11,63,
7,11,97,
7,11,134,
7,11,184,
7,12,0,
7,12,111,
7,13,36,
7,13,150,
7,13,188,
7,14,3,
7,14,13,
7,14,67,
7,14,142,
7,15,29,
7,15,144,
7,16,0,
7,16,1,
7,16,17,
7,17,0,
7,17,101,
7,18,5,
7,18,16,
7,18,18,
7,21,0,
7,21,5,
7,21,22,
7,21,45,
7,22,3,
7,22,123,
7,23,1,
7,23,2,
7,24,1,
7,27,4,
7,27,46,
7,27,161,
7,29,2,
7,29,3,
7,30,11,
7,30,196,
7,32,39,
7,32,55,
7,32,106,
7,35,14,
7,36,1,
7,36,20,
7,37,3,
7,37,170,
7,38,5,
7,39,1,
7,39,21,
7,42,5,
7,42,117,
7,44,24,
7,46,17,
7,48,44,
7,49,108,
7,50,66,
7,53,9,
7,54,4,
7,57,17,
7,58,62,
7,60,36,
7,63,2,
7,65,30,
7,65,85,
7,72,94,
7,73,0,
7,73,31,
7,74,186,
7,75,4,
7,76,5,
7,77,1,
7,77,7,
7,84,126,
7,85,27,
7,86,0,
7,86,4,
7,96,55,
7,104,16,
7,109,132,
7,113,7,
7,121,5,
7,121,6,
7,126,20,
7,130,1,
7,141,166,
7,142,148,
7,152,1,
7,157,1,
7,166,166,
7,177,38,
7,181,30,
7,195,144,
7,196,38,
8,0,0,
8,0,0,
8,0,0,
8,0,1,
8,0,4,
8,0,5,
8,0,6,
8,0,12,
8,0,18,
8,0,20,
8,0,21,
8,0,30,
8,0,31,
8,0,35,
8,0,49,
8,0,140,
8,0,198,
8,1,1,
8,1,1,
8,1,3,
8,1,3,
8,1,3,
8,1,5,
8,1,7,
8,1,9,
8,1,20,
8,1,49,
8,1,65,
8,1,67,
8,1,114,
8,1,116,
8,1,123,
8,1,175,
8,2,0,
8,2,1,
8,2,2,
8,2,17,
8,2,19,
8,2,29,
8,3,0,
8,3,0,
8,3,0,
8,3,15,
8,3,27,
8,3,45,
8,3,57,
8,3,95,
8,3,158,
8,4,3,
8,4,9,
8,4,36,
8,4,91,
8,4,96,
8,5,0,
8,5,19,
8,6,0,
8,6,6,
8,8,2,
8,8,4,
8,8,70,
8,9,1,
8,9,14,
8,10,0,
8,10,0,
8,11,3,
8,11,8,
8,11,16,
8,11,48,
8,12,37,
8,13,2,
8,13,146,
8,14,4,
8,14,4,
8,15,2,
8,15,20,
8,15,42,
8,15,64,
8,17,7,
8,17,7,
8,17,124,
8,18,3,
8,18,10,
8,19,0,
8,19,0,
8,19,184,
8,20,0,
8,20,0,
8,20,7,
8,20,43,
8,21,105,
8,23,66,
8,25,0,
8,26,34,
8,27,0,
8,27,4,
8,30,70,
8,31,6,
8,33,103,
8,36,1,
8,36,3,
8,38,0,
8,38,115,
8,39,0,
8,39,165,
8,41,133,
8,43,188,
8,44,6,
8,47,5,
8,48,2,
8,49,41,
8,50,65,
8,62,5,
8,62,6,
8,64,44,
8,66,50,
8,72,2,
8,73,8,
8,74,174,
8,80,54,
8,84,16,
8,85,3,
8,97,15,
8,97,164,
8,111,5,
8,120,0,
8,130,15,
8,131,37,
8,133,17,
8,133,162,
8,149,152,
8,151,59,
8,163,3,
8,164,100,
8,167,23,
8,171,14,
8,172,17,
8,180,0,
8,183,0,
8,183,52,
8,188,32,
8,189,1,
9,0,0,
9,0,0,
9,0,0,
9,0,0,
9,0,1,
9,0,6,
9,0,15,
9,0,25,
9,0,26,
9,0,32,
9,0,37,
9,0,39,
9,0,41,
9,0,51,
9,0,52,
9,0,62,
9,0,87,
9,0,126,
9,0,191,
9,1,0,
9,1,1,
9,1,1,
9,1,1,
9,1,1,
9,1,1,
9,1,4,
9,1,4,
9,1,109,
9,1,110,
9,1,152,
9,1,184,
9,1,196,
9,2,0,
9,2,5,
9,2,14,
9,2,101,
9,3,1,
9,3,7,
9,3,13,
9,3,19,
9,3,48,
9,3,58,
9,4,39,
9,4,144,
9,5,0,
9,5,18,
9,5,51,
9,6,0,
9,6,2,
9,6,5,
9,6,14,
9,6,70,
9,7,4,
9,7,20,
9,8,28,
9,8,44,
9,8,77,
9,8,152,
9,8,155,
9,9,0,
9,9,0,
9,9,4,
9,10,0,
9,10,9,
9,10,115,
9,11,0,
9,11,4,
9,11,39,
9,12,7,
9,12,7,
9,12,181,
9,13,98,
9,15,4,
9,16,16,
9,16,30,
9,16,50,
9,17,159,
9,18,4,
9,18,7,
9,18,36,
9,19,70,
9,19,127,
9,22,8,
9,23,147,
9,24,1,
9,24,12,
9,25,1,
9,26,28,
9,26,74,
9,27,54,
9,30,115,
9,34,56,
9,36,26,
9,37,12,
9,38,31,
9,38,99,
9,39,11,
9,42,43,
9,47,88,
9,50,25,
9,50,162,
9,53,5,
9,53,28,
9,54,1,
9,55,130,
9,57,48,
9,62,0,
9,62,176,
9,74,91,
9,83,1,
9,88,75,
9,89,12,
9,91,64,
9,94,29,
9,101,21,
9,106,0,
9,108,5,
9,110,35,
9,115,0,
9,121,1,
9,122,0,
9,123,19,
9,127,82,
9,137,4,
9,137,23,
9,138,30,
9,139,0,
9,142,48,
9,146,20,
9,148,118,
9,155,84,
9,160,35,
9,160,47,
9,161,1,
9,163,12,
9,173,13,
9,182,5,
9,183,0,
9,195,0,
9,195,198,
9,197,0,
10,0,0,
10,0,1,
10,0,2,
10,0,4,
10,0,11,
10,0,15,
10,0,19,
10,0,29,
10,0,34,
10,0,38,
10,0,39,
10,0,65,
10,0,89,
10,0,90,
10,0,111,
10,0,195,
10,1,0,
10,1,1,
10,1,1,
10,1,2,
10,1,3,
10,1,3,
10,1,4,
10,1,6,
10,1,10,
10,1,12,
10,1,14,
10,1,16,
10,1,19,
10,1,30,
10,1,58,
10,1,61,
10,1,79,
10,1,87,
10,1,136,
10,1,175,
10,2,1,
10,2,30,
10,2,57,
10,2,72,
10,2,144,
10,2,144,
10,2,163,
10,3,8,
10,3,20,
10,4,1,
10,4,2,
10,4,9,
10,4,12,
10,4,14,
10,4,17,
10,4,40,
10,4,95,
10,4,107,
10,4,199,
10,5,0,
10,5,0,
10,5,7,
10,5,17,
10,5,31,
10,5,34,
10,6,2,
10,6,2,
10,6,26,
10,6,171,
10,7,5,
10,7,32,
10,8,0,
10,8,26,
10,9,22,
10,9,44,
10,10,1,
10,12,59,
10,12,97,
10,13,21,
10,13,89,
10,14,2,
10,15,41,
10,16,2,
10,16,46,
10,19,2,
10,19,3,
10,20,5,
10,20,22,
10,20,161,
10,21,49,
10,23,4,
10,23,6,
10,23,145,
10,24,118,
10,26,0,
10,28,2,
10,31,65,
10,31,92,
10,32,0,
10,33,5,
10,34,157,
10,36,11,
10,36,15,
10,38,0,
10,41,1,
10,41,2,
10,41,8,
10,41,94,
10,44,0,
10,46,13,
10,47,0,
10,49,16,
10,49,34,
10,54,0,
10,54,7,
10,54,54,
10,54,101,
10,57,1,
10,57,48,
10,65,2,
10,66,0,
10,66,2,
10,67,83,
10,70,28,
10,73,1,
10,75,70,
10,79,37,
10,85,174,
10,87,10,
10,89,21,
10,94,2,
10,94,28,
10,100,13,
10,103,1,
10,105,157,
10,106,36,
10,107,46,
10,110,24,
10,114,11,
10,118,25,
10,135,15,
10,137,96,
10,137,153,
10,139,10,
10,144,0,
10,144,145,
10,144,169,
10,145,2,
10,155,2,
10,157,6,
10,164,34,
10,168,12,
11,0,0,
11,0,0,
11,0,0,
11,0,0,
11,0,0,
11,0,2,
11,0,10,
11,0,13,
11,0,13,
11,0,15,
11,0,15,
11,0,16,
11,0,20,
11,0,22,
11,0,28,
11,0,34,
11,0,34,
11,0,43,
11,0,48,
11,0,60,
11,0,66,
11,0,92,
11,0,120,
11,1,5,
11,1,12,
11,1,41,
11,1,51,
11,1,100,
11,1,195,
11,2,0,
11,2,1,
11,2,3,
11,2,7,
11,2,16,
11,2,27,
11,2,29,
11,2,150,
11,2,199,
11,3,0,
11,3,1,
11,3,20,
11,3,23,
11,3,79,
11,3,79,
11,4,1,
11,4,2,
11,4,64,
11,4,104,
11,5,0,
11,5,0,
11,5,1,
11,5,3,
11,5,9,
11,5,29,
11,5,59,
11,6,1,
11,6,18,
11,6,20,
11,7,0,
11,7,16,
11,7,175,
11,8,0,
11,8,39,
11,8,49,
11,8,90,
11,8,105,
11,9,5,
11,9,36,
11,10,2,
11,10,21,
11,10,99,
11,11,0,
11,11,12,
11,11,158,
11,12,0,
11,12,2,
11,12,17,
11,13,7,
11,13,65,
11,14,0,
11,14,0,
11,14,98,
11,16,163,
11,17,1,
11,17,58,
11,17,59,
11,18,8,
11,18,45,
11,19,122,
11,21,9,
11,21,13,
11,21,15,
11,25,0,
11,26,26,
11,29,34,
11,29,119,
11,29,193,
11,30,24,
11,31,9,
11,32,0,
11,32,3,
11,34,2,
11,37,2,
11,38,4,
11,40,2,
11,40,82,
11,41,0,
11,44,7,
11,46,52,
11,46,106,
11,47,33,
11,50,0,
11,50,30,
11,55,30,
11,55,71,
11,56,14,
11,58,3,
11,59,2,
11,61,15,
11,61,33,
11,67,103,
11,68,7,
11,69,4,
11,75,10,
11,75,64,
11,79,0,
11,83,33,
11,86,11,
11,88,44,
11,89,33,
11,95,91,
11,101,0,
11,104,0,
11,104,108,
11,106,44,
11,109,1,
11,115,96,
11,142,7,
11,143,17,
11,153,5,
11,154,80,
11,166,17,
11,196,3,
12,0,0,
12,0,0,
12,0,0,
12,0,0,
12,0,1,
12,0,1,
12,0,4,
12,0,5,
12,0,8,
12,0,14,
12,0,20,
12,0,42,
12,1,0,
12,1,0,
12,1,1,
12,1,3,
12,2,0,
12,2,0,
12,2,0,
12,2,4,
12,2,4,
12,2,10,
12,2,11,
12,2,11,
12,2,28,
12,2,50,
12,2,57,
12,2,92,
12,2,97,
12,3,0,
12,3,1,
12,3,4,
12,3,15,
12,3,36,
12,3,50,
12,4,0,
12,4,0,
12,4,0,
12,4,0,
12,4,5,
12,4,75,
12,4,120,
12,5,1,
12,5,5,
12,5,15,
12,5,69,
12,6,1,
12,6,7,
12,6,10,
12,6,23,
12,6,32,
12,8,86,
12,8,111,
12,9,16,
12,9,91,
12,10,0,
12,11,8,
12,12,0,
12,14,0,
12,15,5,
12,15,22,
12,15,152,
12,16,0,
12,17,0,
12,17,33,
12,18,100,
12,19,3,
12,21,4,
12,21,21,
12,22,0,
12,22,7,
12,23,1,
12,23,183,
12,25,11,
12,27,0,
12,27,61,
12,29,1,
12,29,2,
12,30,35,
12,31,1,
12,33,175,
12,35,0,
12,35,142,
12,36,140,
12,38,0,
12,38,4,
12,39,53,
12,40,3,
12,44,11,
12,60,1,
12,65,18,
12,67,43,
12,69,1,
12,74,4,
12,77,3,
12,80,75,
12,89,62,
12,93,90,
12,96,28,
12,99,130,
12,100,2,
12,107,2,
12,114,36,
12,116,7,
12,116,15,
12,125,1,
12,137,3,
12,139,0,
12,149,161,
12,158,26,
12,167,0,
12,170,0,
12,174,28,
13,0,0,
13,0,1,
13,0,1,
13,0,4,
13,0,8,
13,0,13,
13,0,13,
13,0,22,
13,0,29,
13,0,34,
13,0,39,
13,0,46,
13,0,56,
13,0,72,
13,1,0,
13,1,1,
13,1,3,
13,1,3,
13,1,4,
13,1,9,
13,1,12,
13,1,21,
13,1,22,
13,1,69,
13,2,9,
13,2,149,
13,3,2,
13,3,8,
13,3,108,
13,4,8,
13,4,40,
13,5,2,
13,5,4,
13,5,9,
13,5,18,
13,5,20,
13,5,133,
13,6,23,
13,7,0,
13,7,14,
13,7,14,
13,8,1,
13,8,9,
13,9,3,
13,9,16,
13,9,67,
13,10,0,
13,10,119,
13,11,56,
13,12,2,
13,12,9,
13,13,0,
13,13,100,
13,15,54,
13,16,43,
13,17,43,
13,19,5,
13,19,46,
13,19,146,
13,20,7,
13,25,13,
13,26,30,
13,26,97,
13,26,188,
13,27,6,
13,27,15,
13,30,108,
13,30,155,
13,31,12,
13,32,0,
13,32,5,
13,32,9,
13,32,38,
13,38,17,
13,41,9,
13,41,24,
13,41,28,
13,43,84,
13,47,1,
13,49,8,
13,51,63,
13,52,7,
13,60,1,
13,62,41,
13,67,79,
13,68,24,
13,70,9,
13,72,0,
13,80,1,
13,83,98,
13,85,162,
13,89,5,
13,101,83,
13,103,11,
13,105,8,
13,112,8,
13,116,28,
13,125,22,
13,139,69,
13,172,188,
13,181,22,
13,194,135,
14,0,0,
14,0,1,
14,0,1,
14,0,1,
14,0,2,
14,0,3,
14,0,6,
14,0,6,
14,0,75,
14,0,117,
14,0,184,
14,1,7,
14,1,8,
14,1,118,
14,1,132,
14,2,0,
14,2,1,
14,2,10,
14,2,75,
14,2,93,
14,3,0,
14,3,0,
14,3,14,
14,3,29,
14,4,13,
14,5,115,
14,6,0,
14,6,17,
14,7,0,
14,7,17,
14,8,5,
14,9,0,
14,9,70,
14,10,26,
14,11,12,
14,11,22,
14,12,49,
14,13,1,
14,13,35,
14,15,0,
14,15,13,
14,16,0,
14,18,0,
14,18,70,
14,21,32,
14,22,0,
14,22,116,
14,23,26,
14,24,72,
14,25,7,
14,26,1,
14,26,1,
14,27,0,
14,30,2,
14,30,11,
14,31,1,
14,35,3,
14,36,42,
14,38,56,
14,40,2,
14,42,198,
14,44,116,
14,45,64,
14,52,8,
14,57,10,
14,58,2,
14,58,46,
14,59,66,
14,60,85,
14,70,22,
14,76,1,
14,80,38,
14,96,4,
14,118,28,
14,120,119,
14,122,10,
14,136,15,
14,156,112,
14,161,0,
14,164,0,
14,193,46,
14,195,6,
15,0,0,
15,0,0,
15,0,2,
15,0,2,
15,0,3,
15,0,38,
15,0,40,
15,0,48,
15,0,64,
15,0,88,
15,0,179,
15,1,10,
15,1,55,
15,1,85,
15,2,0,
15,2,9,
15,2,57,
15,2,99,
15,3,8,
15,3,30,
15,4,0,
15,4,1,
15,4,105,
15,5,0,
15,5,1,
15,5,28,
15,5,32,
15,5,62,
15,5,169,
15,7,1,
15,7,6,
15,7,144,
15,8,12,
15,8,14,
15,8,41,
15,8,66,
15,9,1,
15,9,31,
15,10,5,
15,11,5,
15,11,14,
15,11,154,
15,13,3,
15,14,6,
15,15,38,
15,16,30,
15,17,7,
15,17,56,
15,19,22,
15,19,37,
15,21,9,
15,21,34,
15,22,16,
15,22,126,
15,23,0,
15,28,9,
15,30,15,
15,31,4,
15,31,19,
15,32,2,
15,32,45,
15,33,0,
15,38,3,
15,38,25,
15,41,9,
15,42,0,
15,44,32,
15,54,31,
15,62,3,
15,68,10,
15,70,23,
15,76,1,
15,80,11,
15,97,2,
15,101,11,
15,132,18,
15,134,4,
15,143,8,
15,145,2,
15,159,2,
15,188,94,
15,190,1,
16,0,1,
16,0,1,
16,0,7,
16,0,52,
16,0,76,
16,1,4,
16,1,6,
16,1,11,
16,1,108,
16,2,3,
16,2,60,
16,2,113,
16,3,10,
16,5,0,
16,7,3,
16,7,25,
16,7,41,
16,7,47,
16,8,0,
16,8,118,
16,10,5,
16,14,19,
16,16,0,
16,19,20,
16,21,31,
16,22,6,
16,24,45,
16,24,170,
16,25,13,
16,27,8,
16,29,185,
16,31,4,
16,33,3,
16,40,0,
16,46,4,
16,48,13,
16,61,10,
16,78,4,
16,79,135,
16,80,1,
16,83,1,
16,88,4,
16,91,4,
16,100,54,
16,103,71,
16,108,3,
16,131,3,
16,136,146,
16,138,9,
16,142,37,
16,148,6,
16,190,17,
16,192,78,
17,0,1,
17,0,1,
17,0,2,
17,0,5,
17,0,8,
17,0,11,
17,0,13,
17,0,30,
17,0,49,
17,0,64,
17,0,75,
17,0,91,
17,0,178,
17,1,1,
17,1,3,
17,1,5,
17,1,6,
17,1,34,
17,1,35,
17,1,36,
17,1,63,
17,1,195,
17,2,8,
17,2,10,
17,2,11,
17,2,13,
17,2,16,
17,2,90,
17,3,0,
17,3,3,
17,3,3,
17,4,0,
17,4,1,
17,4,1,
17,4,9,
17,4,48,
17,5,3,
17,5,7,
17,5,19,
17,5,22,
17,6,70,
17,7,1,
17,8,0,
17,9,0,
17,14,0,
17,14,3,
17,14,17,
17,14,149,
17,15,0,
17,15,1,
17,15,44,
17,16,28,
17,18,86,
17,20,63,
17,21,9,
17,23,17,
17,24,1,
17,24,42,
17,26,35,
17,26,40,
17,30,64,
17,31,7,
17,31,31,
17,33,93,
17,33,115,
17,34,2,
17,34,58,
17,37,0,
17,37,45,
17,40,148,
17,45,12,
17,48,21,
17,55,0,
17,60,114,
17,64,0,
17,65,6,
17,66,2,
17,66,106,
17,67,4,
17,68,7,
17,70,9,
17,72,14,
17,74,0,
17,77,50,
17,83,2,
17,98,4,
17,109,9,
17,113,8,
17,121,8,
17,124,0,
17,161,30,
17,166,5,
17,167,29,
17,184,6,
18,0,3,
18,0,23,
18,0,34,
18,0,83,
18,0,138,
18,1,6,
18,1,17,
18,1,69,
18,1,85,
18,1,104,
18,2,0,
18,2,1,
18,2,37,
18,2,52,
18,2,84,
18,3,0,
18,3,6,
18,3,34,
18,3,126,
18,3,161,
18,4,0,
18,4,23,
18,6,49,
18,7,16,
18,8,8,
18,8,36,
18,9,1,
18,11,39,
18,11,103,
18,12,18,
18,15,1,
18,20,7,
18,22,14,
18,24,183,
18,26,2,
18,26,40,
18,27,15,
18,33,27,
18,33,62,
18,37,49,
18,38,4,
18,42,8,
18,53,1,
18,57,0,
18,58,7,
18,58,197,
18,59,11,
18,90,7,
18,90,26,
18,96,9,
18,97,6,
18,103,55,
18,118,29,
18,118,37,
18,120,36,
18,124,17,
18,136,43,
18,141,15,
18,150,48,
18,152,43,
18,174,2,
18,196,22,
19,0,1,
19,0,1,
19,0,1,
19,0,1,
19,0,4,
19,0,5,
19,0,8,
19,0,10,
19,0,11,
19,0,39,
19,0,73,
19,0,80,
19,0,144,
19,0,182,
19,1,0,
19,1,1,
19,1,62,
19,1,83,
19,1,107,
19,2,0,
19,2,0,
19,2,11,
19,2,69,
19,2,104,
19,3,0,
19,3,3,
19,3,79,
19,3,149,
19,4,11,
19,4,16,
19,5,1,
19,5,2,
19,5,142,
19,6,179,
19,7,2,
19,7,13,
19,7,38,
19,8,16,
19,9,12,
19,9,92,
19,11,79,
19,12,53,
19,14,3,
19,15,13,
19,15,67,
19,16,0,
19,16,73,
19,19,2,
19,19,3,
19,19,6,
19,19,12,
19,20,0,
19,21,109,
19,23,23,
19,26,5,
19,26,98,
19,27,27,
19,28,0,
19,32,15,
19,33,31,
19,39,0,
19,44,22,
19,50,1,
19,53,54,
19,56,2,
19,58,53,
19,59,22,
19,61,9,
19,67,7,
19,68,31,
19,72,6,
19,76,141,
19,80,3,
19,85,9,
19,100,0,
19,107,2,
19,114,147,
19,116,12,
19,121,24,
19,122,3,
19,125,2,
19,137,10,
19,196,72,
20,0,0,
20,0,1,
20,0,1,
20,0,4,
20,0,5,
20,0,6,
20,0,13,
20,0,53,
20,0,69,
20,0,71,
20,0,85,
20,1,2,
20,1,4,
20,1,5,
20,1,10,
20,1,10,
20,1,23,
20,1,27,
20,1,31,
20,1,47,
20,2,6,
20,2,66,
20,3,1,
20,3,60,
20,3,71,
20,4,2,
20,4,185,
20,5,42,
20,7,0,
20,7,169,
20,9,0,
20,9,3,
20,9,58,
20,10,1,
20,11,37,
20,13,0,
20,13,19,
20,13,29,
20,15,0,
20,16,12,
20,18,0,
20,18,2,
20,18,18,
20,24,38,
20,24,96,
20,26,6,
20,27,9,
20,27,81,
20,29,1,
20,30,15,
20,30,148,
20,33,2,
20,33,122,
20,34,171,
20,36,4,
20,38,0,
20,45,104,
20,50,6,
20,50,70,
20,55,4,
20,59,37,
20,61,66,
20,66,0,
20,69,5,
20,70,104,
20,71,2,
20,82,86,
20,97,8,
20,98,2,
20,105,18,
20,120,3,
20,123,4,
20,141,16,
20,145,100,
20,163,0,
20,175,76,
21,0,0,
21,0,2,
21,0,5,
21,0,7,
21,0,7,
21,0,10,
21,0,11,
21,0,13,
21,0,17,
21,0,18,
21,0,22,
21,1,0,
21,1,0,
21,1,2,
21,1,7,
21,1,7,
21,1,10,
21,1,12,
21,1,26,
21,1,33,
21,2,3,
21,2,3,
21,2,60,
21,2,72,
21,2,181,
21,3,6,
21,3,29,
21,4,4,
21,4,6,
21,4,115,
21,5,1,
21,6,12,
21,7,1,
21,7,11,
21,7,51,
21,7,93,
21,7,94,
21,9,23,
21,9,36,
21,12,12,
21,12,12,
21,14,12,
21,14,30,
21,15,41,
21,16,0,
21,16,3,
21,17,91,
21,18,50,
21,19,114,
21,20,102,
21,21,9,
21,22,2,
21,22,6,
21,22,81,
21,24,71,
21,25,103,
21,28,15,
21,29,1,
21,29,117,
21,30,43,
21,32,14,
21,32,31,
21,32,41,
21,33,16,
21,35,3,
21,40,87,
21,46,0,
21,52,1,
21,55,0,
21,61,3,
21,61,132,
21,63,60,
21,66,69,
21,70,0,
21,74,3,
21,80,0,
21,86,7,
21,87,50,
21,117,38,
21,135,0,
21,142,0,
21,145,35,
22,0,0,
22,0,0,
22,0,3,
22,0,3,
22,0,7,
22,0,12,
22,0,19,
22,0,20,
22,0,23,
22,0,48,
22,0,50,
22,0,51,
22,0,61,
22,0,88,
22,0,129,
22,1,0,
22,1,8,
22,1,9,
22,1,62,
22,1,65,
22,1,152,
22,2,26,
22,2,82,
22,3,1,
22,3,147,
22,5,2,
22,5,162,
22,6,3,
22,6,32,
22,8,9,
22,8,19,
22,8,99,
22,9,0,
22,9,24,
22,11,3,
22,12,8,
22,19,0,
22,19,87,
22,20,0,
22,22,0,
22,22,28,
22,23,1,
22,27,20,
22,27,68,
22,29,78,
22,36,33,
22,37,1,
22,40,22,
22,40,161,
22,47,0,
22,49,50,
22,55,0,
22,95,74,
22,105,2,
22,107,1,
22,136,10,
22,141,6,
22,141,160,
22,161,7,
22,163,102,
22,169,100,
22,175,29,
23,0,0,
23,0,1,
23,0,2,
23,0,6,
23,0,7,
23,0,12,
23,0,19,
23,0,87,
23,1,1,
23,1,1,
23,1,10,
23,2,24,
23,3,5,
23,3,39,
23,4,37,
23,4,55,
23,4,89,
23,4,126,
23,5,73,
23,6,16,
23,7,4,
23,7,128,
23,7,132,
23,8,24,
23,9,34,
23,11,0,
23,12,0,
23,12,1,
23,12,24,
23,13,1,
23,14,4,
23,14,8,
23,18,1,
23,24,5,
23,24,45,
23,24,105,
23,25,1,
23,25,46,
23,26,3,
23,29,22,
23,29,81,
23,32,52,
23,32,151,
23,35,10,
23,36,0,
23,37,75,
23,39,93,
23,45,1,
23,57,1,
23,61,64,
23,63,7,
23,64,48,
23,69,38,
23,73,2,
23,92,5,
23,92,44,
23,105,143,
23,107,104,
23,122,196,
23,140,2,
23,141,89,
23,154,0,
23,167,7,
24,0,1,
24,0,3,
24,0,4,
24,0,11,
24,0,15,
24,0,26,
24,1,0,
24,1,99,
24,2,2,
24,2,133,
24,3,2,
24,3,29,
24,4,10,
24,5,0,
24,5,8,
24,6,0,
24,6,50,
24,8,131,
24,9,0,
24,10,0,
24,19,8,
24,20,12,
24,21,15,
24,23,33,
24,24,1,
24,24,11,
24,29,22,
24,31,0,
24,31,86,
24,32,1,
24,34,2,
24,34,135,
24,35,0,
24,35,0,
24,37,7,
24,38,148,
24,53,0,
24,55,3,
24,55,7,
24,70,56,
24,73,11,
24,74,153,
24,81,45,
24,83,0,
24,89,5,
24,121,76,
24,123,6,
24,128,190,
24,138,1,
24,143,0,
24,151,4,
24,155,133,
24,164,1,
24,171,0,
24,176,83,
25,0,0,
25,0,3,
25,0,10,
25,0,17,
25,1,0,
25,1,2,
25,1,28,
25,1,86,
25,2,3,
25,2,13,
25,4,3,
25,4,86,
25,5,0,
25,5,13,
25,5,109,
25,6,2,
25,7,4,
25,7,8,
25,7,20,
25,8,23,
25,10,23,
25,13,1,
25,14,11,
25,14,13,
25,16,1,
25,16,138,
25,20,1,
25,21,114,
25,22,3,
25,22,83,
25,27,6,
25,28,0,
25,28,1,
25,28,2,
25,30,21,
25,35,11,
25,36,2,
25,44,97,
25,46,177,
25,49,87,
25,53,0,
25,56,13,
25,59,6,
25,60,76,
25,62,14,
25,68,0,
25,84,17,
25,85,56,
25,96,152,
25,113,5,
25,116,11,
25,121,3,
25,122,8,
25,145,19,
25,150,0,
25,184,0,
25,199,1,
26,0,1,
26,0,109,
26,0,172,
26,1,2,
26,1,4,
26,1,12,
26,1,19,
26,1,38,
26,2,3,
26,3,11,
26,3,73,
26,4,9,
26,5,16,
26,11,47,
26,12,124,
26,13,14,
26,15,115,
26,16,0,
26,17,58,
26,21,9,
26,21,55,
26,22,1,
26,23,40,
26,32,0,
26,37,108,
26,38,11,
26,42,1,
26,49,94,
26,50,4,
26,55,67,
26,84,11,
26,109,21,
26,111,52,
26,114,6,
26,129,0,
26,131,11,
26,152,10,
26,169,4,
26,186,0,
27,0,4,
27,0,13,
27,0,26,
27,1,1,
27,1,1,
27,1,2,
27,1,5,
27,1,5,
27,1,34,
27,3,1,
27,3,29,
27,4,35,
27,4,73,
27,5,16,
27,5,77,
27,5,80,
27,7,1,
27,8,0,
27,8,0,
27,9,0,
27,9,19,
27,9,40,
27,10,3,
27,10,4,
27,11,12,
27,11,50,
27,13,144,
27,14,1,
27,14,173,
27,14,175,
27,14,194,
27,18,22,
27,19,9,
27,21,66,
27,21,186,
27,26,8,
27,26,36,
27,28,49,
27,43,28,
27,46,2,
27,63,19,
27,74,1,
27,78,26,
27,83,2,
27,98,0,
27,104,1,
27,112,14,
27,116,17,
27,121,99,
27,130,7,
27,136,0,
27,153,123,
28,0,2,
28,0,3,
28,0,3,
28,0,4,
28,0,17,
28,0,37,
28,0,79,
28,0,125,
28,1,0,
28,1,0,
28,1,2,
28,1,43,
28,2,0,
28,2,0,
28,2,8,
28,3,6,
28,3,108,
28,5,2,
28,5,4,
28,5,94,
28,5,107,
28,8,0,
28,9,6,
28,9,33,
28,9,141,
28,11,5,
28,11,47,
28,12,1,
28,13,0,
28,13,6,
28,14,57,
28,14,60,
28,15,0,
28,19,13,
28,22,5,
28,26,29,
28,29,1,
28,30,0,
28,34,91,
28,40,3,
28,41,117,
28,54,1,
28,69,72,
28,80,46,
28,81,14,
28,94,3,
28,99,2,
28,110,47,
28,118,4,
28,168,146,
29,0,0,
29,0,0,
29,0,4,
29,0,10,
29,0,25,
29,0,78,
29,1,7,
29,1,11,
29,1,122,
29,1,138,
29,2,1,
29,2,5,
29,2,6,
29,2,36,
29,2,41,
29,5,10,
29,5,26,
29,5,180,
29,6,0,
29,6,85,
29,9,0,
29,13,2,
29,18,0,
29,25,2,
29,26,9,
29,31,37,
29,33,0,
29,33,7,
29,34,2,
29,36,1,
29,37,84,
29,39,34,
29,41,0,
29,44,0,
29,50,0,
29,61,5,
29,78,16,
29,100,6,
29,138,21,
29,154,13,
29,154,25,
29,160,23,
29,163,7,
29,174,36,
30,0,0,
30,0,0,
30,0,1,
30,0,1,
30,0,1,
30,0,1,
30,0,4,
30,0,32,
30,0,48,
30,0,139,
30,1,0,
30,1,2,
30,1,7,
30,1,25,
30,1,81,
30,2,11,
30,2,46,
30,3,33,
30,4,0,
30,6,0,
30,6,82,
30,8,42,
30,9,4,
30,10,0,
30,13,13,
30,14,2,
30,15,8,
30,27,5,
30,35,12,
30,35,61,
30,41,0,
30,60,35,
30,74,8,
30,88,1,
30,97,80,
30,97,187,
30,98,73,
30,99,4,
30,101,81,
30,106,10,
30,113,8,
30,132,21,
30,137,168,
30,178,28,
31,0,1,
31,0,21,
31,0,31,
31,1,2,
31,1,38,
31,1,56,
31,2,8,
31,2,10,
31,2,13,
31,2,64,
31,2,107,
31,4,19,
31,5,37,
31,6,7,
31,7,0,
31,9,57,
31,13,47,
31,13,92,
31,14,178,
31,16,2,
31,17,34,
31,21,135,
31,22,32,
31,22,146,
31,30,4,
31,31,0,
31,32,27,
31,39,4,
31,40,116,
31,41,60,
31,46,4,
31,46,82,
31,49,13,
31,52,70,
31,59,0,
31,80,0,
31,81,37,
31,93,7,
31,111,21,
31,115,81,
31,128,43,
31,145,194,
31,163,29,
31,171,108,
31,195,8,
32,0,24,
32,0,32,
32,0,33,
32,0,95,
32,0,179,
32,1,4,
32,1,18,
32,1,25,
32,2,37,
32,3,80,
32,4,0,
32,6,5,
32,6,48,
32,8,12,
32,8,13,
32,10,5,
32,17,0,
32,19,0,
32,20,16,
32,20,111,
32,26,12,
32,27,0,
32,37,104,
32,38,92,
32,42,152,
32,44,8,
32,46,190,
32,46,199,
32,55,27,
32,60,0,
32,64,17,
32,71,2,
32,75,153,
32,76,4,
32,85,7,
32,112,21,
32,112,41,
32,113,41,
32,138,0,
33,0,0,
33,0,0,
33,0,2,
33,0,3,
33,0,5,
33,0,10,
33,0,22,
33,0,25,
33,1,82,
33,2,0,
33,2,1,
33,2,11,
33,2,21,
33,2,105,
33,3,0,
33,3,20,
33,4,2,
33,6,2,
33,6,6,
33,6,20,
33,7,15,
33,7,31,
33,7,124,
33,9,27,
33,10,64,
33,12,2,
33,12,13,
33,12,47,
33,20,0,
33,28,0,
33,29,0,
33,30,109,
33,37,9,
33,44,69,
33,47,84,
33,67,18,
33,73,192,
33,79,0,
33,80,3,
33,85,58,
33,102,17,
33,153,16,
33,158,1,
33,170,0,
33,184,2,
33,193,2,
34,0,0,
34,0,10,
34,0,18,
34,0,24,
34,0,26,
34,0,27,
34,0,170,
34,1,2,
34,2,1,
34,2,9,
34,3,0,
34,4,7,
34,4,19,
34,5,0,
34,5,0,
34,6,114,
34,8,0,
34,8,1,
34,10,106,
34,11,26,
34,13,0,
34,14,3,
34,15,11,
34,15,18,
34,15,132,
34,19,6,
34,24,3,
34,29,21,
34,45,120,
34,46,4,
34,64,99,
34,74,20,
34,100,22,
34,100,30,
34,113,16,
34,153,47,
34,197,1,
35,0,2,
35,0,2,
35,0,54,
35,0,167,
35,1,10,
35,1,11,
35,1,15,
35,2,3,
35,2,6,
35,2,9,
35,2,39,
35,2,97,
35,3,13,
35,4,13,
35,4,49,
35,5,48,
35,6,3,
35,7,115,
35,10,65,
35,14,4,
35,14,127,
35,16,3,
35,16,52,
35,20,0,
35,26,0,
35,30,1,
35,31,1,
35,34,94,
35,40,15,
35,42,1,
35,62,11,
35,83,26,
35,107,11,
35,107,173,
35,115,0,
35,122,175,
35,140,21,
35,141,1,
35,161,6,
35,165,22,
35,199,1,
36,0,0,
36,0,0,
36,0,4,
36,0,63,
36,0,75,
36,0,169,
36,2,5,
36,3,189,
36,4,2,
36,4,3,
36,4,93,
36,6,3,
36,10,35,
36,14,167,
36,15,4,
36,18,68,
36,18,78,
36,20,10,
36,24,3,
36,28,76,
36,37,1,
36,37,41,
36,40,16,
36,41,51,
36,42,27,
36,42,149,
36,49,173,
36,52,3,
36,57,2,
36,62,21,
36,64,18,
36,66,43,
36,70,20,
36,82,0,
36,92,2,
36,96,5,
36,97,66,
36,130,1,
36,162,88,
37,0,0,
37,0,1,
37,0,8,
37,0,14,
37,0,16,
37,1,2,
37,1,158,
37,2,1,
37,2,18,
37,2,22,
37,3,0,
37,3,1,
37,3,70,
37,3,73,
37,4,21,
37,4,78,
37,5,51,
37,8,5,
37,8,65,
37,9,128,
37,10,51,
37,10,144,
37,11,0,
37,12,0,
37,13,10,
37,15,3,
37,22,7,
37,25,0,
37,26,5,
37,42,30,
37,43,1,
37,51,53,
37,59,21,
37,66,71,
37,78,1,
37,89,179,
37,97,24,
37,105,14,
37,121,3,
37,154,1,
37,164,2,
38,0,0,
38,0,4,
38,0,49,
38,0,132,
38,1,3,
38,1,8,
38,1,71,
38,2,1,
38,2,8,
38,2,10,
38,2,12,
38,2,43,
38,2,79,
38,3,0,
38,3,4,
38,3,25,
38,4,1,
38,4,11,
38,6,7,
38,8,7,
38,9,15,
38,10,5,
38,11,1,
38,11,27,
38,17,4,
38,21,22,
38,23,3,
38,24,33,
38,26,0,
38,33,28,
38,35,0,
38,36,182,
38,41,17,
38,50,5,
38,59,0,
38,61,1,
38,66,0,
38,66,79,
38,76,24,
38,79,0,
38,93,66,
38,111,4,
38,114,0,
38,122,6,
38,126,13,
38,129,78,
38,191,0,
39,0,3,
39,1,1,
39,2,1,
39,2,2,
39,2,22,
39,3,3,
39,3,44,
39,3,59,
39,4,6,
39,4,7,
39,4,9,
39,5,78,
39,6,10,
39,8,0,
39,9,0,
39,10,24,
39,10,50,
39,13,103,
39,15,0,
39,15,1,
39,15,3,
39,17,2,
39,22,65,
39,32,37,
39,33,2,
39,37,67,
39,40,14,
39,47,3,
39,52,34,
39,54,102,
39,55,1,
39,68,3,
39,69,4,
39,87,3,
39,117,80,
39,191,5,
39,193,96,
40,0,0,
40,0,5,
40,0,9,
40,0,151,
40,2,33,
40,2,46,
40,3,3,
40,4,116,
40,5,46,
40,6,13,
40,8,51,
40,9,11,
40,12,2,
40,13,11,
40,23,77,
40,33,7,
40,34,22,
40,36,11,
40,37,14,
40,42,0,
40,47,16,
40,50,0,
40,55,0,
40,63,3,
40,74,36,
40,85,69,
40,112,3,
40,121,3,
40,134,9,
40,156,46,
41,1,27,
41,1,42,
41,1,60,
41,1,183,
41,2,20,
41,3,28,
41,5,5,
41,5,6,
41,5,48,
41,6,98,
41,6,125,
41,8,1,
41,8,13,
41,10,6,
41,14,2,
41,14,3,
41,19,6,
41,22,24,
41,38,3,
41,45,24,
41,53,62,
41,83,6,
41,86,144,
41,93,165,
41,109,10,
41,110,2,
41,112,63,
41,115,63,
41,116,0,
41,147,8,
42,0,0,
42,0,1,
42,0,2,
42,0,3,
42,0,73,
42,1,0,
42,1,1,
42,1,3,
42,2,47,
42,2,110,
42,3,1,
42,3,5,
42,5,2,
42,5,2,
42,5,132,
42,6,0,
42,6,0,
42,6,22,
42,6,25,
42,7,0,
42,12,114,
42,13,1,
42,15,7,
42,19,0,
42,20,6,
42,20,72,
42,21,6,
42,30,69,
42,33,8,
42,43,0,
42,45,14,
42,53,41,
42,57,14,
42,124,0,
42,147,25,
43,0,0,
43,0,2,
43,0,11,
43,0,27,
43,1,0,
43,1,2,
43,2,90,
43,4,142,
43,5,138,
43,6,45,
43,7,47,
43,17,1,
43,18,1,
43,18,7,
43,23,0,
43,27,3,
43,35,33,
43,36,27,
43,36,63,
43,38,10,
43,38,116,
43,41,19,
43,58,85,
43,62,3,
43,80,1,
43,105,113,
43,110,2,
43,166,3,
43,179,4,
44,0,4,
44,0,13,
44,3,18,
44,4,1,
44,4,2,
44,4,5,
44,4,8,
44,4,122,
44,4,124,
44,5,49,
44,8,27,
44,8,57,
44,9,65,
44,11,29,
44,11,127,
44,17,20,
44,21,151,
44,23,39,
44,24,9,
44,27,1,
44,28,1,
44,44,7,
44,50,42,
44,86,62,
44,151,6,
44,156,1,
44,169,2,
45,0,1,
45,1,1,
45,1,28,
45,1,63,
45,3,32,
45,3,41,
45,5,20,
45,7,1,
45,9,5,
45,18,7,
45,22,98,
45,24,1,
45,24,57,
45,36,122,
45,37,1,
45,43,29,
45,58,0,
45,62,26,
45,86,4,
45,86,156,
45,88,15,
45,90,0,
45,100,112,
45,107,1,
45,115,0,
45,160,131,
45,162,0,
45,177,9,
46,0,2,
46,0,4,
46,0,9,
46,0,38,
46,0,38,
46,0,45,
46,0,99,
46,1,6,
46,1,11,
46,2,19,
46,2,74,
46,3,2,
46,3,194,
46,5,3,
46,7,85,
46,13,5,
46,14,153,
46,15,35,
46,23,123,
46,25,24,
46,29,92,
46,30,24,
46,40,16,
46,46,1,
46,66,0,
46,76,11,
46,89,18,
46,98,166,
46,122,37,
46,159,3,
46,159,37,
46,173,114,
46,194,28,
47,0,1,
47,0,4,
47,0,6,
47,0,11,
47,0,23,
47,1,0,
47,1,1,
47,1,2,
47,1,97,
47,2,42,
47,2,100,
47,3,0,
47,5,4,
47,5,14,
47,5,148,
47,6,23,
47,7,51,
47,10,1,
47,11,121,
47,13,3,
47,13,14,
47,17,0,
47,20,93,
47,25,0,
47,27,0,
47,33,7,
47,36,90,
47,42,72,
47,51,14,
47,59,89,
47,61,1,
47,68,2,
47,76,3,
47,88,76,
47,101,65,
47,111,0,
47,129,0,
47,131,10,
47,145,3,
47,184,24,
48,0,1,
48,0,2,
48,0,4,
48,0,5,
48,0,31,
48,1,1,
48,1,1,
48,1,2,
48,1,174,
48,2,1,
48,3,17,
48,3,63,
48,4,3,
48,4,162,
48,5,25,
48,7,0,
48,7,18,
48,7,60,
48,9,7,
48,10,1,
48,10,8,
48,10,31,
48,13,1,
48,14,0,
48,18,7,
48,19,101,
48,19,146,
48,21,5,
48,23,109,
48,25,13,
48,27,130,
48,29,35,
48,31,68,
48,38,5,
48,38,108,
48,58,7,
48,63,0,
48,71,22,
48,71,31,
48,74,25,
48,84,2,
48,86,52,
48,95,14,
48,186,102,
48,187,0,
49,0,49,
49,1,10,
49,1,33,
49,2,8,
49,2,21,
49,5,56,
49,5,94,
49,7,90,
49,8,15,
49,8,19,
49,9,7,
49,10,0,
49,10,1,
49,11,34,
49,15,6,
49,17,12,
49,20,148,
49,23,121,
49,26,28,
49,27,4,
49,30,0,
49,36,17,
49,56,0,
49,61,2,
49,71,3,
49,76,22,
49,107,88,
49,108,51,
49,118,5,
49,140,55,
49,189,32,
50,0,62,
50,0,81,
50,0,92,
50,3,18,
50,3,116,
50,4,140,
50,5,71,
50,7,56,
50,8,2,
50,8,91,
50,9,5,
50,11,12,
50,12,2,
50,12,7,
50,13,12,
50,13,172,
50,16,0,
50,17,3,
50,23,33,
50,26,13,
50,46,1,
50,46,9,
50,50,1,
50,51,181,
50,69,82,
50,73,39,
50,80,14,
50,82,0,
50,92,30,
50,135,0,
50,140,29,
51,0,0,
51,0,2,
51,0,6,
51,0,11,
51,0,13,
51,0,81,
51,0,103,
51,1,7,
51,1,55,
51,1,156,
51,2,0,
51,2,4,
51,2,7,
51,3,2,
51,3,7,
51,4,9,
51,4,53,
51,5,160,
51,6,7,
51,16,34,
51,18,2,
51,18,13,
51,18,29,
51,24,3,
51,27,147,
51,34,32,
51,34,182,
51,36,186,
51,47,22,
51,47,74,
51,52,186,
51,57,6,
51,76,17,
51,88,113,
51,112,14,
51,118,30,
51,162,64,
51,198,2,
52,0,1,
52,0,2,
52,1,0,
52,1,64,
52,2,0,
52,2,13,
52,3,11,
52,3,124,
52,5,11,
52,5,44,
52,7,78,
52,9,7,
52,11,176,
52,14,4,
52,14,91,
52,15,10,
52,17,0,
52,21,1,
52,23,165,
52,25,0,
52,47,33,
52,50,74,
52,51,3,
52,57,3,
52,61,0,
52,74,155,
52,79,8,
52,86,19,
52,88,116,
53,0,32,
53,0,32,
53,0,93,
53,0,97,
53,1,8,
53,2,0,
53,2,9,
53,2,9,
53,2,25,
53,3,17,
53,5,12,
53,6,58,
53,7,61,
53,7,141,
53,10,134,
53,14,34,
53,15,44,
53,17,0,
53,17,47,
53,22,9,
53,25,57,
53,53,36,
53,57,0,
53,73,68,
53,81,22,
53,89,0,
53,91,6,
53,97,0,
53,114,7,
54,0,4,
54,0,131,
54,0,142,
54,2,25,
54,3,1,
54,6,3,
54,6,16,
54,11,27,
54,15,1,
54,18,197,
54,23,2,
54,25,6,
54,30,11,
54,48,0,
54,59,0,
54,98,10,
54,100,41,
54,104,87,
54,111,160,
55,0,1,
55,0,28,
55,0,45,
55,0,87,
55,1,3,
55,1,97,
55,3,1,
55,3,5,
55,3,106,
55,4,0,
55,7,1,
55,8,13,
55,11,0,
55,14,4,
55,15,16,
55,15,115,
55,27,120,
55,34,0,
55,39,124,
55,59,23,
55,117,23,
55,179,18,
56,0,11,
56,0,41,
56,2,14,
56,2,18,
56,3,0,
56,3,37,
56,6,147,
56,7,24,
56,11,18,
56,14,1,
56,15,11,
56,15,49,
56,18,0,
56,18,22,
56,20,0,
56,21,122,
56,24,9,
56,30,2,
56,33,0,
56,35,4,
56,41,2,
56,47,17,
56,66,49,
56,79,11,
56,114,27,
56,123,15,
57,0,2,
57,0,2,
57,0,34,
57,1,1,
57,2,133,
57,5,2,
57,6,0,
57,6,5,
57,9,69,
57,12,0,
57,15,0,
57,21,0,
57,34,0,
57,39,54,
57,42,0,
57,47,3,
57,48,175,
57,90,4,
57,93,16,
57,104,11,
57,118,1,
57,132,41,
57,151,1,
57,166,9,
58,0,1,
58,0,32,
58,0,145,
58,1,0,
58,2,7,
58,2,44,
58,3,5,
58,4,11,
58,4,28,
58,9,0,
58,10,0,
58,11,27,
58,14,0,
58,16,0,
58,17,55,
58,32,2,
58,33,5,
58,39,32,
58,53,8,
58,66,73,
58,82,53,
58,129,0,
58,133,4,
58,139,76,
58,144,2,
58,164,0,
58,184,4,
59,0,1,
59,0,15,
59,0,158,
59,1,0,
59,1,43,
59,1,98,
59,4,2,
59,4,16,
59,5,112,
59,7,153,
59,8,0,
59,11,26,
59,13,74,
59,13,86,
59,23,65,
59,32,46,
59,40,73,
59,62,1,
59,80,3,
60,0,8,
60,0,12,
60,0,18,
60,0,28,
60,0,90,
60,0,135,
60,2,1,
60,2,2,
60,4,142,
60,6,1,
60,6,4,
60,6,6,
60,9,17,
60,9,162,
60,12,1,
60,14,5,
60,24,15,
60,29,0,
60,35,4,
60,47,19,
60,51,51,
60,93,34,
60,103,3,
60,104,130,
61,0,0,
61,0,3,
61,0,4,
61,1,0,
61,1,8,
61,1,9,
61,1,16,
61,1,141,
61,2,64,
61,5,9,
61,5,23,
61,7,50,
61,8,1,
61,10,115,
61,10,182,
61,11,13,
61,12,10,
61,13,0,
61,14,156,
61,16,56,
61,20,4,
61,20,13,
61,30,25,
61,33,64,
61,44,9,
61,84,1,
62,0,0,
62,0,4,
62,0,15,
62,0,49,
62,2,0,
62,2,17,
62,2,24,
62,3,0,
62,7,1,
62,9,0,
62,9,19,
62,9,146,
62,16,17,
62,17,4,
62,31,18,
62,42,147,
62,43,0,
62,61,7,
62,67,8,
62,67,9,
62,77,190,
62,90,95,
62,114,1,
63,0,144,
63,0,196,
63,1,0,
63,1,6,
63,2,8,
63,2,9,
63,3,40,
63,3,77,
63,6,3,
63,8,27,
63,11,74,
63,22,22,
63,22,65,
63,26,0,
63,46,2,
63,47,62,
63,53,0,
63,60,53,
63,130,100,
63,155,14,
64,1,0,
64,1,5,
64,1,5,
64,1,97,
64,1,156,
64,2,1,
64,2,2,
64,3,3,
64,3,4,
64,4,0,
64,5,42,
64,5,51,
64,6,24,
64,7,10,
64,7,36,
64,8,16,
64,8,31,
64,9,127,
64,10,74,
64,11,26,
64,12,104,
64,15,1,
64,23,0,
64,29,173,
64,33,3,
64,41,0,
64,43,3,
64,55,4,
64,74,0,
64,81,12,
64,98,24,
64,180,0,
65,0,1,
65,0,2,
65,0,10,
65,0,16,
65,0,84,
65,1,3,
65,3,8,
65,4,0,
65,4,152,
65,7,0,
65,8,12,
65,13,125,
65,15,3,
65,49,8,
65,50,3,
65,54,173,
65,55,0,
65,67,3,
65,97,8,
65,161,40,
66,0,16,
66,0,50,
66,1,12,
66,1,123,
66,3,18,
66,6,3,
66,8,0,
66,8,59,
66,10,22,
66,10,104,
66,11,2,
66,12,8,
66,14,21,
66,19,17,
66,20,1,
66,40,49,
66,45,1,
66,51,88,
66,107,24,
67,0,1,
67,0,122,
67,1,21,
67,1,26,
67,3,0,
67,3,9,
67,3,38,
67,4,40,
67,7,6,
67,10,107,
67,14,18,
67,32,19,
67,34,79,
67,37,123,
67,45,57,
67,75,131,
67,83,22,
67,152,3,
67,196,5,
68,0,0,
68,1,1,
68,1,19,
68,2,105,
68,2,117,
68,4,9,
68,5,10,
68,5,60,
68,7,0,
68,7,3,
68,13,1,
68,13,170,
68,19,62,
68,28,163,
68,33,172,
68,56,142,
68,62,1,
68,62,6,
68,70,8,
68,75,9,
68,83,0,
68,96,2,
68,183,23,
69,0,1,
69,0,1,
69,0,3,
69,0,7,
69,0,10,
69,0,33,
69,0,40,
69,0,117,
69,0,126,
69,1,140,
69,3,17,
69,7,7,
69,15,14,
69,29,100,
69,32,0,
69,39,26,
69,40,33,
69,42,2,
69,44,41,
69,48,5,
69,51,34,
69,71,5,
69,115,13,
69,122,3,
69,168,126,
70,0,84,
70,0,114,
70,0,174,
70,2,0,
70,2,67,
70,3,1,
70,3,1,
70,3,42,
70,6,53,
70,6,97,
70,6,114,
70,10,113,
70,13,3,
70,20,1,
70,22,109,
70,28,6,
70,32,82,
70,38,1,
70,42,2,
70,102,34,
70,111,172,
70,133,3,
70,134,0,
70,180,56,
71,0,0,
71,0,0,
71,0,68,
71,0,77,
71,0,152,
71,1,0,
71,4,7,
71,4,23,
71,7,0,
71,18,8,
71,23,86,
71,27,0,
71,31,73,
71,31,185,
71,57,30,
71,65,75,
71,67,19,
71,68,1,
71,82,8,
71,88,167,
71,96,151,
71,97,2,
71,123,42,
71,140,181,
72,0,0,
72,0,3,
72,0,8,
72,0,51,
72,0,143,
72,2,5,
72,4,128,
72,7,5,
72,10,27,
72,12,10,
72,14,20,
72,30,153,
72,74,97,
72,76,43,
72,88,0,
72,94,0,
72,98,188,
72,106,8,
72,145,79,
72,146,0,
72,154,120,
72,182,45,
73,0,5,
73,1,1,
73,6,48,
73,7,2,
73,23,10,
73,26,49,
73,39,25,
73,41,12,
73,58,20,
73,65,101,
73,78,27,
73,80,3,
73,82,0,
74,0,0,
74,0,3,
74,0,5,
74,0,129,
74,2,0,
74,4,4,
74,22,142,
74,27,1,
74,44,196,
74,50,3,
74,63,110,
74,86,2,
74,175,32,
75,0,0,
75,2,1,
75,4,0,
75,4,7,
75,5,143,
75,6,177,
75,7,3,
75,10,54,
75,11,60,
75,19,55,
75,27,0,
75,30,2,
75,32,91,
75,35,82,
75,59,0,
75,76,0,
75,78,18,
75,83,42,
75,91,2,
76,0,2,
76,0,6,
76,0,17,
76,0,60,
76,1,2,
76,1,155,
76,2,45,
76,5,57,
76,5,108,
76,7,1,
76,10,7,
76,11,50,
76,13,46,
76,24,28,
76,56,173,
76,58,50,
76,71,4,
76,94,11,
76,106,0,
76,115,4,
77,0,1,
77,1,3,
77,2,10,
77,3,68,
77,4,0,
77,13,69,
77,14,116,
77,29,8,
77,38,25,
77,39,145,
77,40,28,
77,42,0,
77,48,185,
77,50,2,
77,76,16,
77,128,11,
77,163,92,
77,177,14,
77,196,40,
78,0,0,
78,0,7,
78,0,8,
78,0,11,
78,0,187,
78,1,127,
78,3,12,
78,4,106,
78,6,155,
78,7,21,
78,8,46,
78,16,90,
78,34,13,
78,37,1,
78,44,160,
78,60,5,
78,152,107,
79,5,1,
79,6,0,
79,12,69,
79,22,36,
79,24,22,
79,27,169,
79,29,6,
79,32,12,
79,50,14,
79,162,1,
79,164,65,
80,0,4,
80,0,6,
80,0,7,
80,0,13,
80,0,39,
80,2,181,
80,3,0,
80,4,85,
80,4,108,
80,5,36,
80,6,5,
80,7,100,
80,9,0,
80,10,8,
80,19,30,
80,21,48,
80,56,1,
80,72,0,
80,111,5,
80,111,108,
80,137,31,
80,147,38,
80,149,6,
80,159,2,
81,0,1,
81,0,24,
81,0,35,
81,0,52,
81,4,1,
81,5,1,
81,5,6,
81,6,8,
81,9,4,
81,10,103,
81,11,1,
81,13,43,
81,29,0,
81,40,54,
81,51,2,
81,75,21,
81,96,71,
81,141,2,
82,0,1,
82,0,101,
82,1,36,
82,3,132,
82,4,45,
82,4,102,
82,4,192,
82,9,86,
82,10,21,
82,10,128,
82,11,5,
82,11,15,
82,14,91,
82,19,71,
82,22,9,
82,25,56,
82,39,20,
82,65,23,
82,73,119,
82,74,0,
82,76,5,
82,76,87,
82,93,38,
82,98,5,
82,109,1,
82,143,16,
83,0,40,
83,1,24,
83,1,118,
83,2,2,
83,2,133,
83,3,11,
83,4,2,
83,5,4,
83,9,1,
83,10,7,
83,11,187,
83,14,34,
83,15,0,
83,15,60,
83,19,6,
83,36,108,
83,37,7,
83,58,81,
83,123,0,
83,134,5,
83,140,12,
83,158,0,
84,0,0,
84,0,2,
84,0,3,
84,0,7,
84,0,45,
84,0,61,
84,1,11,
84,2,1,
84,2,10,
84,2,190,
84,4,20,
84,5,1,
84,5,82,
84,6,70,
84,7,64,
84,8,36,
84,10,51,
84,20,6,
84,22,5,
84,42,0,
84,91,143,
84,101,1,
84,103,46,
84,139,0,
84,184,12,
85,0,1,
85,0,135,
85,1,1,
85,1,88,
85,2,1,
85,2,49,
85,3,4,
85,4,13,
85,5,10,
85,9,0,
85,9,25,
85,10,10,
85,11,74,
85,13,10,
85,13,140,
85,14,182,
85,15,198,
85,18,104,
85,22,16,
85,22,18,
85,28,5,
85,106,6,
85,113,177,
85,170,33,
85,171,8,
86,0,52,
86,1,5,
86,1,10,
86,2,7,
86,3,11,
86,4,1,
86,7,30,
86,12,0,
86,12,105,
86,13,74,
86,16,10,
86,34,1,
86,39,14,
86,135,157,
86,176,11,
87,0,12,
87,0,51,
87,1,0,
87,1,157,
87,2,2,
87,3,5,
87,3,94,
87,5,32,
87,7,1,
87,8,105,
87,11,58,
87,15,2,
87,17,116,
87,18,22,
87,37,4,
87,49,54,
87,50,24,
87,110,37,
88,0,51,
88,1,0,
88,2,6,
88,3,0,
88,3,2,
88,5,48,
88,7,0,
88,10,28,
88,10,102,
88,13,32,
88,14,44,
88,31,2,
88,32,35,
88,42,0,
88,61,76,
88,83,15,
88,153,2,
89,0,0,
89,0,3,
89,0,17,
89,0,19,
89,1,0,
89,1,2,
89,3,10,
89,5,5,
89,6,93,
89,9,0,
89,11,30,
89,12,54,
89,14,1,
89,26,1,
89,28,11,
89,42,58,
89,49,60,
89,73,179,
89,78,0,
89,78,18,
89,93,11,
89,154,6,
90,0,13,
90,2,128,
90,3,2,
90,3,132,
90,13,26,
90,18,0,
90,20,2,
90,21,0,
90,31,50,
90,51,106,
90,179,5,
91,0,1,
91,0,9,
91,0,36,
91,0,37,
91,0,86,
91,1,0,
91,1,98,
91,4,84,
91,5,87,
91,6,0,
91,8,38,
91,10,76,
91,18,22,
91,19,1,
91,23,114,
91,24,53,
91,31,23,
91,51,153,
91,80,38,
91,153,199,
91,165,0,
91,183,27,
91,189,52,
92,0,0,
92,0,1,
92,3,15,
92,5,3,
92,13,0,
92,18,0,
92,29,0,
92,32,10,
92,40,48,
92,55,0,
92,74,2,
92,99,14,
92,100,5,
93,0,19,
93,0,21,
93,0,88,
93,1,1,
93,1,2,
93,1,7,
93,1,27,
93,9,159,
93,15,38,
93,33,33,
93,36,11,
93,49,0,
93,55,26,
93,104,2,
93,113,26,
93,122,0,
94,3,32,
94,4,176,
94,5,1,
94,10,125,
94,13,11,
94,20,0,
94,24,16,
94,25,0,
94,30,3,
94,30,15,
94,53,1,
94,59,111,
94,68,19,
94,150,185,
94,164,62,
94,181,166,
95,0,1,
95,0,5,
95,0,17,
95,0,33,
95,1,58,
95,1,112,
95,9,1,
95,11,0,
95,12,58,
95,21,3,
95,31,0,
95,49,56,
95,65,4,
95,93,6,
95,160,4,
95,171,2,
96,0,8,
96,1,11,
96,3,2,
96,5,51,
96,8,0,
96,12,8,
96,13,10,
96,20,2,
96,21,12,
96,28,107,
96,33,187,
96,35,2,
96,41,54,
96,63,50,
96,82,18,
96,106,0,
96,191,195,
97,0,62,
97,3,0,
97,3,4,
97,6,100,
97,8,9,
97,8,22,
97,12,95,
97,15,138,
97,31,9,
97,66,2,
97,89,7,
97,99,8,
98,0,0,
98,0,2,
98,0,13,
98,2,0,
98,2,1,
98,2,4,
98,2,139,
98,7,0,
98,10,18,
98,14,17,
98,33,0,
98,39,5,
98,66,1,
98,72,61,
98,124,148,
99,0,6,
99,2,0,
99,6,8,
99,29,1,
99,47,5,
99,53,129,
99,74,59,
100,0,30,
100,0,107,
100,3,1,
100,6,7,
100,6,54,
100,11,1,
100,12,62,
100,18,103,
100,24,6,
100,36,0,
100,131,3,
101,0,55,
101,1,62,
101,2,0,
101,2,7,
101,6,6,
101,7,0,
101,8,26,
101,27,8,
101,30,2,
101,54,57,
101,86,2,
101,98,2,
101,124,23,
102,0,87,
102,1,65,
102,2,32,
102,3,2,
102,5,3,
102,8,0,
102,33,1,
102,35,69,
102,70,35,
102,70,86,
102,93,14,
102,143,5,
103,0,56,
103,0,72,
103,0,89,
103,0,141,
103,0,190,
103,2,11,
103,2,21,
103,3,10,
103,6,0,
103,8,104,
103,14,24,
103,37,54,
103,52,105,
103,74,20,
103,119,1,
104,0,1,
104,0,2,
104,1,0,
104,1,2,
104,2,189,
104,4,8,
104,6,149,
104,16,4,
104,17,0,
104,26,9,
104,38,11,
104,73,168,
104,74,0,
104,111,124,
104,112,117,
104,116,0,
104,126,136,
104,138,3,
104,150,0,
105,2,4,
105,4,0,
105,5,155,
105,6,146,
105,9,3,
105,11,93,
105,13,3,
105,17,17,
105,60,102,
105,96,36,
105,102,0,
105,155,3,
106,0,77,
106,1,1,
106,4,1,
106,9,11,
106,19,0,
106,24,27,
106,78,140,
106,121,134,
106,155,7,
107,1,58,
107,2,0,
107,2,4,
107,2,13,
107,6,29,
107,32,78,
107,41,14,
107,67,4,
107,80,85,
108,0,11,
108,0,20,
108,0,39,
108,1,135,
108,7,0,
108,7,77,
108,7,105,
108,10,3,
108,48,28,
108,77,1,
108,91,155,
108,144,9,
109,0,4,
109,1,70,
109,3,0,
109,7,88,
109,10,3,
109,15,154,
109,47,0,
109,51,8,
109,53,0,
109,56,12,
109,85,3,
110,0,0,
110,0,1,
110,0,5,
110,1,0,
110,2,1,
110,3,0,
110,5,52,
110,6,0,
110,12,22,
110,16,1,
110,25,31,
110,26,0,
110,29,10,
110,34,18,
110,36,22,
110,66,188,
110,77,0,
110,79,0,
110,80,22,
110,108,3,
110,135,54,
111,0,25,
111,17,86,
111,31,23,
111,32,0,
111,61,46,
111,62,24,
111,97,28,
111,99,155,
111,109,5,
111,131,39,
112,1,1,
112,1,27,
112,4,36,
112,7,7,
112,8,24,
112,13,194,
112,15,19,
112,21,6,
112,100,1,
112,140,7,
112,161,1,
113,1,14,
113,1,169,
113,23,9,
113,36,1,
113,99,94,
113,155,48,
113,161,0,
114,0,5,
114,1,29,
114,1,177,
114,5,3,
114,10,63,
114,21,4,
114,29,116,
114,85,61,
115,3,72,
115,5,0,
115,19,3,
115,22,34,
115,23,16,
115,28,18,
115,29,15,
115,77,26,
115,124,5,
115,136,10,
115,176,1,
116,0,45,
116,0,53,
116,6,8,
116,14,3,
116,14,8,
116,23,3,
116,29,11,
116,47,1,
116,57,7,
116,71,71,
116,106,5,
116,150,7,
117,0,52,
117,2,1,
117,3,66,
117,4,30,
117,5,16,
117,6,19,
117,13,46,
117,18,59,
117,18,194,
117,29,1,
117,33,195,
117,50,131,
117,72,8,
118,0,3,
118,0,16,
118,0,105,
118,0,196,
118,2,6,
118,3,168,
118,14,23,
118,16,110,
118,43,86,
118,48,149,
118,196,2,
119,0,12,
119,1,24,
119,2,116,
119,8,14,
119,11,3,
119,16,1,
119,22,11,
119,39,3,
119,41,64,
119,81,0,
119,92,17,
120,0,88,
120,1,2,
120,3,11,
120,4,1,
120,7,3,
120,7,53,
120,27,2,
120,39,8,
120,39,34,
120,88,72,
120,127,59,
121,0,2,
121,0,178,
121,4,2,
121,30,11,
121,39,12,
121,45,2,
121,74,2,
121,82,54,
121,100,3,
121,100,3,
121,185,22,
122,0,1,
122,0,5,
122,4,97,
122,11,7,
122,28,2,
122,39,26,
122,45,0,
122,101,18,
123,0,0,
123,0,2,
123,0,25,
123,0,66,
123,0,87,
123,0,177,
123,2,0,
123,10,61,
123,44,174,
123,134,1,
123,162,8,
124,0,31,
124,0,127,
124,0,134,
124,3,5,
124,3,19,
124,5,48,
124,8,12,
124,8,103,
124,25,0,
124,25,11,
124,30,76,
124,49,11,
124,89,23,
124,117,133,
124,167,4,
124,192,109,
125,3,0,
125,6,0,
125,6,29,
125,18,2,
125,27,38,
125,29,21,
125,61,3,
125,72,0,
125,161,108,
126,0,41,
126,4,4,
126,5,0,
126,6,30,
126,8,0,
126,9,1,
126,10,20,
126,12,14,
126,13,0,
126,14,14,
126,91,156,
126,96,18,
127,0,7,
127,0,54,
127,2,115,
127,3,3,
127,7,171,
127,8,9,
127,22,12,
127,30,2,
127,32,0,
127,38,0,
127,38,5,
127,47,13,
127,111,62,
127,113,49,
127,146,50,
127,155,29,
127,173,34,
128,0,4,
128,0,25,
128,0,38,
128,1,0,
128,1,1,
128,2,1,
128,2,4,
128,4,11,
128,11,2,
128,16,0,
128,25,59,
128,29,0,
128,29,3,
128,71,2,
128,73,6,
128,112,51,
129,1,7,
129,1,20,
129,1,110,
129,6,106,
129,8,1,
129,10,22,
129,19,15,
129,20,152,
129,34,19,
129,58,1,
129,92,2,
129,94,123,
129,199,21,
130,0,0,
130,0,10,
130,0,48,
130,2,6,
130,13,192,
130,17,52,
130,26,139,
130,64,4,
130,87,1,
130,132,0,
130,174,121,
131,0,0,
131,0,3,
131,0,16,
131,0,60,
131,2,115,
131,3,6,
131,13,4,
131,21,18,
131,42,30,
131,44,10,
131,106,3,
132,0,6,
132,0,180,
132,3,16,
132,5,127,
132,6,11,
132,7,9,
132,8,10,
132,10,103,
132,14,23,
132,16,5,
132,27,0,
132,28,16,
132,32,0,
132,42,117,
132,45,37,
132,49,7,
132,52,5,
132,89,151,
132,108,5,
132,129,89,
133,0,1,
133,1,8,
133,1,36,
133,1,85,
133,2,0,
133,7,0,
133,9,0,
133,9,20,
133,15,20,
133,37,50,
133,103,2,
133,128,0,
133,153,93,
133,194,0,
134,0,1,
134,3,10,
134,4,13,
134,23,0,
134,71,0,
134,79,54,
135,0,11,
135,0,19,
135,1,2,
135,1,36,
135,2,0,
135,2,2,
135,2,108,
135,8,0,
135,9,97,
135,23,0,
135,27,4,
135,52,76,
136,0,11,
136,2,0,
136,5,51,
136,9,4,
136,15,26,
136,16,28,
136,17,2,
136,47,11,
136,146,134,
136,164,175,
137,0,82,
137,1,0,
137,2,20,
137,6,68,
137,13,64,
137,33,11,
137,44,14,
137,50,0,
137,77,196,
137,107,53,
137,141,105,
137,142,0,
137,146,16,
138,0,0,
138,2,4,
138,2,163,
138,4,5,
138,5,127,
138,20,50,
138,30,108,
138,107,45,
138,141,8,
139,0,77,
139,1,9,
139,2,9,
139,7,29,
139,9,3,
139,36,0,
139,37,0,
139,51,0,
139,85,183,
139,109,2,
139,151,20,
140,0,4,
140,1,5,
140,1,71,
140,4,22,
140,6,34,
140,7,118,
140,8,58,
140,11,0,
140,16,0,
140,16,0,
140,31,0,
140,66,20,
140,102,119,
140,149,93,
141,0,0,
141,1,8,
141,1,17,
141,1,20,
141,3,0,
141,4,187,
141,5,1,
141,6,4,
141,7,26,
141,15,0,
141,17,3,
141,50,1,
141,57,19,
141,83,39,
141,115,0,
142,0,69,
142,1,4,
142,3,5,
142,5,1,
142,12,3,
142,50,197,
142,83,1,
142,128,137,
143,0,0,
143,0,1,
143,0,7,
143,2,23,
143,3,0,
143,6,1,
143,20,1,
143,28,17,
143,40,2,
143,45,5,
143,49,3,
143,58,3,
143,63,139,
143,66,2,
143,68,33,
143,72,4,
144,0,3,
144,1,2,
144,3,1,
144,4,80,
144,7,1,
144,20,56,
144,21,28,
144,25,86,
144,34,33,
144,41,1,
144,45,3,
144,84,117,
145,0,21,
145,0,23,
145,4,38,
145,6,19,
145,15,0,
145,25,4,
145,39,3,
145,110,57,
145,152,0,
146,0,0,
146,0,7,
146,1,66,
146,2,174,
146,3,77,
146,4,0,
146,23,2,
146,65,141,
147,0,22,
147,1,16,
147,1,32,
147,2,2,
147,3,0,
147,3,5,
147,5,6,
147,5,181,
147,12,15,
147,22,114,
147,24,4,
147,27,10,
147,37,2,
147,51,25,
147,75,30,
147,95,0,
147,139,3,
147,182,100,
148,0,186,
148,1,4,
148,4,63,
148,7,2,
148,8,1,
149,0,1,
149,1,5,
149,2,1,
149,2,141,
149,4,1,
149,14,68,
149,14,126,
149,18,8,
149,40,118,
149,106,20,
150,0,1,
150,1,0,
150,1,7,
150,2,7,
150,3,180,
150,4,3,
150,5,2,
150,11,1,
150,11,1,
150,28,6,
150,78,14,
150,118,83,
151,0,1,
151,0,4,
151,1,16,
151,1,65,
151,1,181,
151,5,55,
151,13,94,
151,84,156,
152,11,74,
152,19,8,
152,53,93,
152,57,6,
152,105,2,
152,142,83,
152,165,32,
153,0,18,
153,1,0,
153,1,10,
153,1,36,
153,1,52,
153,2,12,
153,3,1,
153,5,4,
153,5,18,
153,5,20,
153,8,136,
153,13,67,
153,27,28,
153,35,0,
153,38,29,
153,39,3,
153,53,16,
153,62,2,
153,97,3,
153,104,68,
153,109,15,
153,130,26,
153,182,2,
153,191,52,
154,0,14,
154,1,7,
154,1,135,
154,11,37,
154,22,149,
154,49,4,
154,62,0,
154,66,2,
154,96,0,
154,96,2,
154,103,16,
154,108,14,
154,124,75,
154,173,152,
154,194,0,
155,0,0,
155,1,43,
155,2,8,
155,10,7,
155,10,23,
155,12,8,
155,16,4,
155,22,1,
155,27,13,
155,31,5,
155,31,112,
155,68,2,
155,72,96,
155,119,0,
155,138,39,
156,1,105,
156,2,38,
156,5,0,
156,19,141,
156,37,1,
156,58,11,
157,0,35,
157,2,21,
157,3,1,
157,8,0,
157,19,10,
157,21,153,
157,24,81,
157,58,6,
157,62,0,
157,69,42,
157,70,23,
158,0,4,
158,1,0,
158,1,107,
158,76,1,
158,169,19,
159,3,11,
159,7,42,
159,8,4,
159,24,83,
159,39,0,
159,71,37,
159,72,153,
159,100,0,
159,115,139,
159,127,46,
160,0,16,
160,1,5,
160,3,0,
160,4,93,
160,6,36,
160,13,183,
160,19,40,
160,45,184,
160,186,183,
161,0,0,
161,0,1,
161,0,1,
161,0,98,
161,2,3,
161,3,22,
161,4,0,
161,68,43,
161,162,1,
162,0,10,
162,1,1,
162,1,17,
162,1,42,
162,4,10,
162,6,54,
162,10,78,
162,12,0,
162,13,4,
162,16,3,
162,17,61,
162,30,1,
162,35,155,
162,37,4,
162,39,0,
162,88,19,
162,88,25,
162,102,22,
163,3,23,
163,5,7,
163,12,52,
163,23,0,
163,30,29,
163,31,1,
163,36,2,
163,109,20,
163,134,14,
163,169,26,
164,0,2,
164,1,39,
164,3,7,
164,5,136,
164,8,114,
164,17,1,
164,36,2,
164,41,0,
164,92,1,
164,115,9,
165,0,186,
165,2,16,
165,11,29,
165,26,6,
165,57,0,
165,95,150,
165,132,2,
166,2,71,
166,3,25,
166,12,0,
166,29,1,
166,36,0,
166,40,19,
166,77,28,
167,0,26,
167,1,7,
167,1,90,
167,10,6,
167,30,4,
167,41,0,
167,119,34,
168,10,42,
168,13,12,
168,15,2,
168,30,11,
168,56,137,
168,76,0,
168,175,4,
169,3,0,
169,4,67,
169,5,50,
169,6,9,
169,8,7,
169,9,120,
169,13,138,
169,14,119,
169,38,0,
169,49,4,
169,57,7,
169,82,11,
169,89,3,
169,177,19,
170,0,0,
170,0,3,
170,0,123,
170,3,0,
170,3,0,
170,7,193,
170,18,67,
170,27,149,
171,0,21,
171,0,30,
171,1,0,
171,1,61,
171,2,2,
171,2,4,
171,8,0,
171,11,199,
171,31,2,
171,39,3,
171,63,8,
171,93,7,
172,0,0,
172,0,3,
172,0,19,
172,0,19,
172,0,112,
172,1,16,
172,1,55,
172,2,38,
172,5,8,
172,6,57,
172,10,38,
172,51,5,
172,101,185,
172,123,2,
172,130,1,
172,161,59,
172,181,84,
172,197,78,
173,0,2,
173,0,3,
173,0,137,
173,1,24,
173,1,32,
173,1,174,
173,6,44,
173,8,9,
173,13,9,
173,20,93,
173,94,31,
174,2,23,
174,5,59,
174,7,105,
174,8,2,
174,11,11,
174,31,41,
174,35,2,
175,0,0,
175,2,190,
175,33,1,
175,49,147,
175,53,24,
175,66,46,
175,166,4,
176,0,18,
176,1,5,
176,1,7,
176,1,66,
176,1,92,
176,4,173,
176,29,0,
176,32,61,
177,6,90,
177,10,189,
177,12,3,
177,12,13,
177,28,4,
177,40,2,
177,53,10,
177,127,10,
177,129,87,
178,2,6,
178,2,45,
178,6,4,
178,7,17,
178,158,122,
179,2,3,
179,5,4,
179,41,18,
180,0,4,
180,4,0,
180,4,1,
180,13,45,
180,14,65,
180,75,178,
180,136,131,
181,0,55,
181,0,162,
181,2,37,
181,89,190,
181,95,106,
182,0,17,
182,0,37,
182,0,93,
182,1,44,
182,37,1,
183,0,0,
183,0,4,
183,0,8,
183,0,11,
183,0,24,
183,0,57,
183,0,82,
183,4,1,
183,13,6,
183,18,0,
183,51,19,
183,100,19,
184,0,1,
184,7,46,
184,12,5,
184,57,0,
185,0,5,
185,0,103,
185,3,0,
185,5,54,
185,8,20,
185,50,0,
185,53,83,
185,149,9,
185,160,6,
186,0,2,
186,0,26,
186,1,25,
186,2,83,
186,3,0,
186,7,3,
186,13,1,
186,22,2,
186,48,62,
186,90,76,
186,130,0,
186,167,91,
186,194,79,
187,1,52,
187,12,0,
187,19,19,
187,24,6,
187,148,31,
188,1,111,
188,3,7,
188,3,17,
188,4,2,
188,4,194,
188,8,159,
188,27,1,
188,29,149,
189,5,51,
189,5,165,
189,15,0,
189,18,0,
189,30,2,
189,52,0,
189,80,104,
189,176,0,
190,12,8,
190,17,0,
190,25,41,
190,33,40,
190,135,0,
191,0,20,
191,3,3,
191,3,10,
191,9,14,
191,27,5,
191,84,141,
191,103,0,
191,159,3,
192,42,3,
192,45,5,
192,47,11,
192,57,59,
192,96,14,
192,134,47,
192,162,13,
192,185,46,
193,0,14,
193,3,3,
193,5,2,
193,6,0,
193,8,4,
193,15,6,
193,80,192,
193,90,1,
194,0,2,
194,5,1,
194,12,11,
194,14,7,
194,115,0,
195,1,26,
195,8,32,
195,15,6,
195,83,124,
195,99,139,
196,0,4,
196,1,20,
196,1,43,
196,2,13,
196,4,7,
196,7,1,
196,10,3,
196,17,4,
196,18,37,
196,25,83,
196,79,46,
196,108,16,
197,0,5,
197,0,30,
197,0,60,
197,1,140,
197,1,143,
197,2,106,
197,22,33,
197,53,0,
197,122,13,
197,161,9,
197,181,135,
198,0,11,
198,0,24,
198,3,23,
198,11,1,
198,12,11,
198,28,5,
198,109,27,
199,2,77,
199,6,2,
199,36,32,
199,38,26,
