0,
0,
0,
0,
0,
0,
0,
0,
0,
0,
0,
0,
0,
0,
0,
0,
0,
0,
0,
0,
0,
0,
0,
0,
0,
0,
0,
0,
0,
0,
0,
0,
0,
0,
0,
0,
0,
0,
0,
0,
0,
0,
0,
0,
0,
0,
0,
0,
0,
0,
0,
0,
0,
0,
0,
0,
0,
0,
0,
0,
0,
0,
0,
0,
0,
0,
0,
0,
0,
0,
0,
0,
0,
0,
0,
0,
0,
0,
0,
0,
0,
0,
1,
1,
1,
1,
1,
1,
1,
1,
1,
1,
1,
1,
1,
1,
1,
1,
1,
1,
1,
1,
1,
1,
1,
1,
1,
1,
1,
1,
1,
1,
1,
1,
1,
1,
1,
1,
1,
1,
1,
1,
1,
1,
1,
1,
1,
1,
1,
1,
1,
1,
1,
1,
1,
1,
1,
1,
1,
1,
1,
1,
1,
1,
2,
2,
2,
2,
2,
2,
2,
2,
2,
2,
2,
2,
2,
2,
2,
2,
2,
2,
2,
2,
2,
2,
2,
2,
2,
2,
2,
2,
2,
2,
2,
2,
2,
2,
2,
2,
2,
2,
2,
2,
2,
3,
3,
3,
3,
3,
3,
3,
3,
3,
3,
3,
3,
3,
3,
3,
3,
3,
3,
3,
3,
3,
4,
4,
4,
4,
4,
4,
4,
4,
4,
4,
4,
4,
4,
4,
4,
4,
4,
4,
4,
5,
5,
5,
5,
5,
5,
5,
5,
5,
5,
5,
5,
5,
5,
6,
6,
6,
6,
6,
6,
6,
6,
6,
6,
6,
6,
6,
6,
6,
6,
6,
6,
6,
6,
6,
7,
7,
7,
7,
7,
7,
7,
7,
7,
7,
7,
7,
7,
7,
7,
7,
7,
7,
7,
8,
8,
8,
8,
8,
8,
8,
8,
8,
8,
8,
9,
9,
9,
9,
9,
9,
9,
9,
10,
10,
10,
10,
10,
10,
10,
10,
10,
10,
10,
11,
11,
11,
11,
11,
11,
11,
11,
11,
11,
11,
11,
12,
12,
12,
12,
12,
12,
12,
13,
13,
13,
13,
13,
13,
13,
13,
13,
13,
14,
14,
14,
14,
14,
14,
14,
15,
15,
15,
15,
15,
15,
15,
15,
15,
15,
16,
16,
16,
16,
16,
16,
16,
16,
17,
17,
17,
17,
18,
18,
18,
18,
18,
18,
18,
18,
18,
19,
19,
19,
19,
19,
19,
19,
19,
20,
20,
20,
20,
20,
20,
21,
21,
21,
21,
22,
22,
22,
22,
22,
23,
23,
23,
23,
23,
23,
24,
24,
24,
25,
25,
25,
25,
25,
25,
26,
26,
26,
27,
27,
27,
27,
28,
28,
28,
28,
29,
29,
29,
29,
29,
30,
30,
30,
30,
30,
31,
31,
32,
32,
33,
33,
34,
34,
34,
34,
34,
35,
35,
35,
35,
36,
37,
37,
37,
37,
38,
39,
39,
39,
39,
39,
39,
40,
40,
40,
40,
40,
40,
41,
42,
42,
42,
43,
44,
44,
44,
44,
45,
45,
45,
45,
46,
46,
46,
46,
47,
47,
47,
48,
48,
49,
49,
49,
49,
49,
50,
50,
50,
50,
50,
50,
51,
52,
52,
53,
53,
53,
53,
53,
54,
54,
54,
54,
54,
55,
55,
55,
56,
56,
58,
60,
61,
61,
64,
64,
65,
65,
67,
67,
68,
68,
70,
70,
72,
72,
72,
73,
73,
73,
73,
74,
74,
74,
75,
76,
76,
76,
78,
81,
82,
82,
82,
84,
84,
85,
85,
87,
87,
88,
88,
88,
89,
89,
89,
93,
93,
96,
98,
100,
101,
102,
102,
104,
105,
105,
107,
109,
110,
112,
113,
114,
115,
116,
117,
117,
117,
117,
118,
118,
122,
123,
125,
125,
126,
126,
127,
128,
128,
129,
130,
132,
133,
134,
134,
135,
136,
136,
138,
139,
140,
140,
143,
145,
145,
148,
149,
150,
150,
150,
152,
154,
155,
156,
159,
159,
160,
161,
161,
162,
162,
163,
164,
165,
165,
166,
167,
168,
170,
171,
173,
175,
175,
175,
181,
184,
185,
186,
187,
189,
191,
191,
192,
198,
198,
200,
200,
200,
201,
202,
205,
205,
207,
207,
210,
214,
214,
214,
215,
217,
217,
221,
224,
225,
230,
230,
231,
231,
232,
233,
235,
235,
236,
238,
241,
245,
247,
251,
252,
253,
254,
255,
258,
259,
259,
262,
267,
268,
269,
270,
271,
272,
275,
278,
278,
281,
288,
289,
294,
298,
300,
300,
301,
304,
306,
306,
308,
315,
315,
317,
318,
319,
322,
322,
323,
328,
334,
336,
336,
337,
341,
341,
342,
343,
345,
347,
347,
347,
351,
352,
353,
357,
359,
360,
360,
362,
363,
363,
366,
369,
377,
379,
380,
381,
389,
391,
392,
395,
396,
398,
400,
405,
406,
407,
408,
408,
413,
413,
418,
421,
430,
431,
436,
439,
449,
457,
457,
459,
461,
462,
468,
477,
477,
478,
493,
506,
508,
509,
511,
515,
517,
521,
522,
528,
528,
530,
530,
540,
544,
546,
549,
551,
557,
568,
570,
571,
573,
575,
575,
581,
589,
609,
621,
625,
630,
646,
648,
649,
650,
654,
656,
657,
657,
658,
666,
666,
669,
682,
682,
682,
683,
696,
706,
708,
711,
712,
720,
724,
728,
734,
764,
774,
783,
787,
803,
808,
819,
831,
840,
841,
849,
850,
867,
868,
870,
871,
871,
882,
890,
910,
912,
914,
922,
930,
933,
942,
943,
965,
967,
967,
970,
976,
977,
977,
983,
1008,
1024,
1027,
1034,
1040,
1051,
1073,
1077,
1090,
1097,
1100,
1100,
1101,
1123,
1123,
1132,
1137,
1139,
1140,
1142,
1154,
1156,
1157,
1161,
1169,
1179,
1181,
1196,
1207,
1207,
1278,
1290,
1292,
1293,
1310,
1312,
1316,
1322,
1365,
1371,
1390,
1417,
1429,
1431,
1437,
1457,
1458,
1460,
1473,
1474,
1511,
1513,
1540,
1542,
1548,
1548,
1554,
1562,
1567,
1571,
1576,
1593,
1637,
1655,
1662,
1691,
1731,
1755,
1757,
1795,
1831,
1863,
1884,
1888,
1898,
1899,
1924,
1926,
1999,
2016,
2030,
2044,
2054,
2054,
2119,
2121,
2135,
2150,
2179,
2196,
2231,
2239,
2276,
2300,
2300,
2309,
2314,
2316,
2377,
2388,
2424,
2429,
2446,
2481,
2495,
2527,
2543,
2551,
2618,
2631,
2642,
2644,
2690,
2720,
2748,
2756,
2757,
2772,
2779,
2805,
2857,
2866,
2887,
2934,
2963,
2975,
