0,
0,
0,
0,
0,
0,
0,
0,
0,
0,
0,
0,
0,
0,
0,
0,
0,
0,
0,
0,
0,
0,
0,
0,
0,
0,
0,
0,
0,
0,
0,
0,
0,
0,
0,
0,
0,
0,
0,
0,
0,
0,
0,
0,
0,
0,
0,
0,
0,
0,
0,
0,
0,
0,
0,
0,
0,
0,
0,
0,
0,
0,
0,
0,
0,
0,
0,
0,
0,
0,
0,
0,
0,
1,
1,
1,
1,
1,
1,
1,
1,
1,
1,
1,
1,
1,
1,
1,
1,
1,
1,
1,
1,
1,
1,
1,
1,
1,
1,
1,
1,
1,
1,
1,
1,
1,
1,
1,
1,
1,
1,
1,
1,
2,
2,
2,
2,
2,
2,
2,
2,
2,
2,
2,
2,
2,
2,
2,
2,
2,
2,
2,
2,
2,
2,
2,
2,
2,
2,
2,
2,
2,
2,
2,
2,
2,
2,
2,
2,
2,
2,
2,
2,
2,
2,
2,
2,
2,
2,
3,
3,
3,
3,
3,
3,
3,
3,
3,
3,
3,
3,
3,
3,
3,
3,
3,
3,
3,
3,
3,
3,
3,
3,
3,
3,
4,
4,
4,
4,
4,
4,
4,
4,
4,
4,
4,
4,
4,
4,
4,
4,
4,
5,
5,
5,
5,
5,
5,
5,
5,
5,
5,
5,
5,
5,
5,
5,
5,
5,
6,
6,
6,
6,
6,
6,
6,
6,
6,
6,
6,
6,
6,
6,
7,
7,
7,
7,
7,
7,
7,
7,
7,
7,
7,
7,
7,
7,
7,
7,
7,
8,
8,
8,
8,
8,
8,
8,
9,
9,
9,
9,
9,
9,
9,
9,
9,
9,
9,
10,
10,
10,
10,
10,
10,
10,
10,
10,
10,
11,
11,
11,
11,
11,
11,
11,
11,
11,
11,
11,
12,
12,
12,
12,
12,
12,
12,
12,
12,
12,
12,
12,
12,
12,
12,
12,
12,
13,
13,
13,
13,
13,
13,
13,
14,
14,
14,
14,
14,
14,
14,
14,
14,
15,
15,
15,
15,
15,
15,
15,
15,
16,
16,
16,
16,
17,
17,
17,
17,
17,
17,
17,
18,
18,
18,
18,
18,
18,
18,
18,
18,
19,
19,
19,
19,
19,
19,
20,
20,
20,
20,
21,
22,
22,
22,
22,
22,
22,
22,
23,
23,
23,
23,
23,
23,
23,
23,
23,
23,
24,
24,
24,
24,
25,
25,
25,
25,
25,
26,
26,
26,
27,
27,
27,
27,
27,
27,
28,
28,
28,
29,
30,
30,
30,
30,
31,
31,
31,
32,
32,
32,
32,
32,
32,
32,
33,
33,
33,
33,
34,
34,
34,
34,
34,
35,
35,
35,
35,
35,
36,
36,
36,
36,
36,
36,
37,
37,
38,
38,
39,
39,
39,
40,
40,
40,
40,
41,
41,
42,
42,
43,
43,
43,
43,
44,
44,
44,
44,
44,
45,
45,
45,
46,
46,
46,
47,
48,
48,
49,
49,
50,
50,
50,
52,
52,
52,
52,
52,
52,
52,
53,
53,
54,
54,
55,
55,
55,
55,
55,
55,
56,
56,
56,
58,
59,
60,
61,
61,
61,
61,
62,
62,
62,
63,
63,
64,
65,
65,
66,
66,
66,
66,
68,
68,
69,
69,
69,
71,
71,
72,
72,
72,
73,
73,
73,
74,
75,
75,
75,
75,
76,
76,
77,
77,
79,
80,
81,
81,
81,
83,
84,
85,
85,
85,
85,
86,
88,
88,
90,
91,
91,
92,
92,
92,
94,
94,
95,
95,
95,
96,
96,
96,
96,
98,
99,
100,
100,
100,
101,
101,
101,
102,
103,
104,
104,
104,
104,
105,
105,
105,
105,
106,
106,
107,
107,
108,
108,
109,
109,
110,
110,
110,
111,
112,
112,
114,
115,
115,
116,
117,
118,
118,
118,
119,
119,
119,
119,
120,
120,
121,
121,
121,
121,
122,
122,
123,
125,
125,
127,
129,
129,
134,
135,
136,
137,
138,
141,
141,
142,
142,
147,
147,
148,
150,
151,
153,
154,
154,
156,
158,
159,
160,
161,
164,
164,
165,
167,
167,
172,
173,
173,
174,
177,
177,
178,
181,
184,
186,
189,
192,
194,
199,
201,
201,
202,
202,
203,
210,
214,
214,
219,
220,
220,
221,
222,
223,
224,
225,
226,
227,
227,
229,
230,
233,
241,
245,
248,
248,
251,
252,
256,
257,
259,
260,
262,
265,
265,
268,
270,
273,
276,
277,
278,
280,
289,
290,
296,
298,
298,
299,
301,
302,
308,
309,
311,
313,
315,
316,
316,
320,
321,
321,
321,
322,
323,
323,
326,
327,
328,
330,
332,
334,
337,
344,
347,
351,
353,
355,
355,
355,
358,
370,
373,
375,
377,
383,
387,
388,
390,
390,
393,
393,
397,
401,
403,
413,
415,
424,
432,
435,
440,
441,
443,
452,
452,
456,
461,
464,
467,
468,
471,
474,
474,
477,
482,
485,
488,
496,
499,
502,
511,
513,
515,
518,
519,
521,
522,
525,
527,
530,
534,
541,
545,
546,
550,
553,
555,
556,
566,
573,
579,
580,
582,
583,
586,
589,
598,
599,
603,
610,
616,
618,
620,
626,
627,
640,
647,
651,
655,
660,
666,
669,
671,
683,
691,
693,
693,
694,
696,
701,
701,
703,
707,
712,
717,
727,
731,
731,
746,
750,
753,
756,
762,
762,
762,
773,
780,
781,
782,
787,
793,
794,
796,
800,
804,
813,
842,
843,
860,
861,
865,
898,
907,
916,
927,
930,
934,
936,
965,
1003,
1005,
1020,
1027,
1037,
1045,
1053,
1072,
1073,
1079,
1082,
1096,
1097,
1104,
1108,
1128,
1139,
1139,
1146,
1158,
1173,
1187,
1191,
1195,
1205,
1229,
1237,
1252,
1258,
1272,
1321,
1328,
1342,
1349,
1353,
1359,
1361,
1362,
1367,
1370,
1377,
1386,
1390,
1393,
1427,
1443,
1446,
1462,
1463,
1466,
1469,
1487,
1512,
1517,
1523,
1536,
1544,
1549,
1555,
1555,
1580,
1590,
1608,
1631,
1631,
1633,
1666,
1680,
1682,
1706,
1708,
1713,
1723,
1730,
1766,
1769,
1790,
1799,
1826,
1842,
1879,
1882,
1901,
1912,
1920,
1930,
1955,
1958,
1962,
1984,
1993,
2004,
2005,
2057,
2095,
2108,
2163,
2170,
2198,
2199,
2216,
2225,
2235,
2333,
2378,
2387,
2439,
2450,
2463,
2483,
2487,
2490,
2521,
2533,
2539,
2542,
2567,
2604,
2614,
2618,
2642,
2642,
2645,
2692,
2707,
2748,
2749,
2761,
2786,
2808,
2812,
2856,
