0,3,48,
0,4,14,
0,6,53,
0,8,50,
0,10,113,
0,17,87,
0,22,135,
0,28,167,
0,32,16,
0,40,69,
0,42,172,
0,42,176,
0,59,90,
0,60,98,
0,65,69,
0,68,56,
0,69,166,
0,74,155,
0,77,160,
0,84,36,
0,95,158,
0,97,77,
0,100,154,
0,106,28,
0,106,86,
0,121,86,
0,125,148,
0,128,86,
0,136,52,
0,157,134,
0,164,37,
0,171,37,
0,177,22,
1,0,122,
1,9,112,
1,10,42,
1,11,72,
1,14,160,
1,18,30,
1,23,132,
1,23,133,
1,30,90,
1,33,24,
1,48,134,
1,54,43,
1,62,71,
1,73,124,
1,79,88,
1,81,142,
1,91,93,
1,95,147,
1,109,147,
1,126,94,
1,128,161,
1,133,35,
1,140,32,
1,140,118,
1,143,92,
1,156,121,
1,159,53,
1,161,106,
1,167,79,
1,169,54,
1,173,118,
1,179,107,
2,11,134,
2,30,129,
2,41,10,
2,50,76,
2,51,9,
2,55,49,
2,56,51,
2,60,66,
2,60,87,
2,68,20,
2,70,170,
2,92,18,
2,120,15,
2,121,56,
2,137,129,
2,143,64,
2,146,62,
2,148,106,
2,153,147,
2,158,86,
2,166,109,
2,168,38,
2,168,170,
2,170,60,
2,175,60,
2,179,59,
3,0,170,
3,3,105,
3,8,167,
3,9,94,
3,23,99,
3,26,22,
3,35,101,
3,35,147,
3,44,107,
3,47,25,
3,47,54,
3,48,26,
3,58,78,
3,69,140,
3,70,99,
3,79,11,
3,79,167,
3,90,112,
3,99,24,
3,110,45,
3,113,52,
3,126,104,
3,129,92,
3,138,47,
3,141,70,
3,145,86,
3,148,31,
3,158,49,
3,159,109,
3,174,162,
4,0,55,
4,0,92,
4,2,62,
4,3,60,
4,14,61,
4,20,163,
4,35,6,
4,45,20,
4,61,38,
4,73,12,
4,84,116,
4,85,158,
4,98,55,
4,98,145,
4,107,55,
4,107,125,
4,125,52,
4,130,179,
4,135,58,
4,143,22,
4,144,109,
4,147,37,
4,150,80,
4,151,53,
4,154,13,
4,154,96,
4,171,108,
5,0,53,
5,0,133,
5,3,161,
5,7,112,
5,12,31,
5,20,52,
5,22,118,
5,26,83,
5,27,54,
5,35,9,
5,55,159,
5,56,89,
5,57,123,
5,59,67,
5,64,165,
5,66,37,
5,68,148,
5,71,130,
5,79,68,
5,81,29,
5,90,48,
5,96,133,
5,100,91,
5,103,16,
5,103,41,
5,105,126,
5,107,16,
5,114,101,
5,115,57,
5,120,80,
5,128,83,
5,130,112,
5,143,173,
5,146,53,
5,160,12,
5,163,63,
5,163,95,
5,163,162,
5,167,16,
5,175,0,
5,175,53,
6,0,148,
6,3,154,
6,18,28,
6,18,96,
6,25,112,
6,29,178,
6,32,65,
6,37,34,
6,43,11,
6,44,99,
6,48,49,
6,51,142,
6,59,16,
6,76,101,
6,85,167,
6,86,5,
6,92,29,
6,93,42,
6,94,48,
6,102,161,
6,104,40,
6,104,144,
6,110,1,
6,112,161,
6,119,158,
6,128,164,
6,130,159,
6,136,140,
6,143,95,
6,145,12,
6,145,25,
6,146,33,
6,158,93,
6,160,67,
6,169,89,
6,169,93,
6,179,127,
7,1,133,
7,6,60,
7,15,38,
7,21,139,
7,22,93,
7,24,75,
7,32,22,
7,38,20,
7,44,21,
7,75,32,
7,75,51,
7,76,10,
7,77,98,
7,83,110,
7,87,102,
7,89,58,
7,91,18,
7,103,31,
7,103,69,
7,103,155,
7,105,102,
7,118,15,
7,120,33,
7,122,111,
7,125,167,
7,135,17,
7,142,100,
7,143,64,
7,149,152,
7,163,11,
7,176,145,
8,2,136,
8,9,91,
8,16,65,
8,26,95,
8,26,123,
8,31,104,
8,32,30,
8,33,98,
8,34,6,
8,40,7,
8,55,139,
8,57,2,
8,64,12,
8,82,177,
8,83,88,
8,83,96,
8,93,108,
8,99,110,
8,102,122,
8,120,18,
8,124,45,
8,130,60,
8,132,158,
8,141,166,
8,148,152,
8,161,36,
8,166,9,
8,166,124,
8,175,96,
9,1,9,
9,4,132,
9,5,6,
9,15,64,
9,17,53,
9,19,135,
9,23,109,
9,23,143,
9,26,43,
9,29,71,
9,40,0,
9,46,117,
9,60,50,
9,64,166,
9,80,56,
9,82,178,
9,86,39,
9,115,85,
9,120,162,
9,132,111,
9,138,12,
9,139,108,
9,139,117,
9,148,47,
9,157,111,
9,158,21,
9,164,45,
9,178,170,
10,0,73,
10,1,92,
10,2,57,
10,3,42,
10,14,149,
10,18,126,
10,26,67,
10,27,130,
10,29,21,
10,29,154,
10,37,89,
10,41,59,
10,42,145,
10,47,44,
10,50,7,
10,52,77,
10,53,156,
10,55,84,
10,55,91,
10,58,102,
10,60,141,
10,64,10,
10,77,125,
10,90,35,
10,93,69,
10,95,5,
10,95,53,
10,97,95,
10,108,108,
10,112,107,
10,117,147,
10,118,110,
10,141,71,
10,144,1,
10,150,119,
10,154,96,
10,154,145,
10,156,170,
10,160,40,
11,9,86,
11,10,13,
11,10,160,
11,18,8,
11,30,57,
11,31,158,
11,55,97,
11,61,146,
11,71,76,
11,78,41,
11,89,84,
11,95,97,
11,98,122,
11,107,135,
11,109,158,
11,117,139,
11,120,168,
11,124,81,
11,128,179,
11,129,105,
11,133,85,
11,139,12,
11,146,0,
11,155,9,
11,159,121,
11,164,119,
11,165,47,
11,166,96,
11,167,111,
11,167,154,
11,173,106,
11,176,116,
11,177,14,
12,1,47,
12,2,136,
12,7,46,
12,8,3,
12,8,157,
12,14,172,
12,26,57,
12,38,27,
12,38,138,
12,42,108,
12,54,74,
12,54,134,
12,62,27,
12,62,123,
12,64,73,
12,67,146,
12,85,4,
12,92,27,
12,97,158,
12,113,131,
12,126,28,
12,128,126,
12,128,147,
12,136,81,
12,142,134,
12,145,143,
12,146,52,
12,147,10,
12,162,44,
12,166,64,
12,173,55,
12,176,20,
12,177,17,
13,4,122,
13,6,64,
13,10,38,
13,18,2,
13,23,60,
13,23,155,
13,45,69,
13,48,26,
13,53,116,
13,54,100,
13,57,0,
13,57,74,
13,60,18,
13,74,53,
13,74,110,
13,74,143,
13,76,117,
13,79,28,
13,79,61,
13,81,127,
13,84,3,
13,85,10,
13,90,83,
13,100,113,
13,105,95,
13,106,7,
13,107,29,
13,109,137,
13,110,170,
13,112,112,
13,118,171,
13,125,66,
13,133,22,
13,135,7,
13,135,48,
13,135,138,
13,139,52,
13,140,106,
13,147,140,
13,155,47,
13,155,49,
13,157,16,
13,157,113,
13,162,104,
13,164,31,
13,173,151,
13,174,135,
13,175,107,
13,178,103,
14,23,169,
14,27,144,
14,36,22,
14,39,151,
14,48,3,
14,49,133,
14,56,107,
14,63,90,
14,67,64,
14,69,39,
14,112,64,
14,119,77,
14,124,25,
14,129,8,
14,130,115,
14,136,45,
14,137,112,
14,144,96,
14,147,174,
14,148,91,
14,149,165,
14,150,51,
14,156,41,
14,157,102,
14,167,127,
14,168,78,
14,172,21,
14,173,49,
14,177,135,
15,0,94,
15,7,149,
15,9,89,
15,24,108,
15,25,130,
15,30,142,
15,63,121,
15,66,114,
15,74,4,
15,74,10,
15,75,32,
15,76,106,
15,81,15,
15,82,21,
15,91,111,
15,96,8,
15,96,36,
15,100,99,
15,115,64,
15,120,121,
15,129,142,
15,144,10,
15,144,151,
15,158,177,
15,161,145,
15,161,162,
15,164,8,
15,164,56,
15,176,101,
15,177,82,
16,9,46,
16,14,46,
16,23,20,
16,38,162,
16,39,32,
16,40,14,
16,40,40,
16,49,143,
16,60,37,
16,66,130,
16,72,173,
16,76,15,
16,85,88,
16,91,80,
16,96,129,
16,107,160,
16,112,88,
16,112,179,
16,115,132,
16,125,3,
16,129,105,
16,134,141,
16,142,110,
16,145,90,
16,146,0,
16,151,163,
16,167,40,
16,172,70,
16,174,136,
17,10,81,
17,16,138,
17,17,130,
17,21,20,
17,28,165,
17,30,143,
17,36,102,
17,43,71,
17,44,122,
17,47,125,
17,52,166,
17,54,146,
17,54,174,
17,55,129,
17,61,97,
17,65,173,
17,72,83,
17,88,111,
17,95,91,
17,98,115,
17,100,178,
17,105,67,
17,107,3,
17,133,18,
17,136,45,
17,139,5,
17,143,175,
17,147,12,
17,147,13,
17,150,149,
17,160,112,
17,169,14,
17,170,127,
17,174,7,
17,174,138,
18,2,51,
18,3,108,
18,3,155,
18,4,154,
18,10,122,
18,14,116,
18,36,15,
18,38,142,
18,41,171,
18,53,126,
18,59,161,
18,62,67,
18,64,0,
18,72,149,
18,78,2,
18,78,84,
18,81,8,
18,95,48,
18,97,55,
18,98,127,
18,100,102,
18,104,110,
18,105,135,
18,112,37,
18,113,68,
18,130,167,
18,140,159,
18,140,173,
18,142,128,
18,153,126,
18,159,42,
18,159,104,
18,160,52,
18,172,157,
18,175,141,
19,7,14,
19,16,28,
19,16,43,
19,25,35,
19,29,11,
19,29,32,
19,31,48,
19,37,133,
19,45,164,
19,55,169,
19,61,8,
19,71,11,
19,80,178,
19,81,110,
19,88,56,
19,92,88,
19,93,123,
19,94,100,
19,96,12,
19,103,137,
19,106,137,
19,118,102,
19,118,122,
19,122,162,
19,140,136,
19,141,81,
19,145,142,
19,146,133,
19,157,101,
19,161,161,
19,166,18,
19,168,163,
19,170,84,
19,173,129,
19,177,36,
20,1,174,
20,24,143,
20,29,48,
20,29,78,
20,29,178,
20,38,140,
20,42,59,
20,57,76,
20,66,101,
20,72,73,
20,73,31,
20,74,31,
20,76,66,
20,83,78,
20,98,172,
20,104,31,
20,109,55,
20,110,64,
20,110,103,
20,120,22,
20,122,40,
20,123,103,
20,126,109,
20,127,53,
20,132,60,
20,137,70,
20,138,114,
20,142,159,
20,145,20,
20,153,9,
20,158,139,
20,164,0,
20,173,162,
20,176,137,
20,177,112,
20,178,15,
21,11,70,
21,12,78,
21,13,24,
21,21,156,
21,24,157,
21,31,6,
21,33,137,
21,44,158,
21,53,129,
21,57,106,
21,60,37,
21,65,63,
21,75,96,
21,79,46,
21,83,27,
21,85,20,
21,92,111,
21,100,38,
21,109,156,
21,113,66,
21,127,148,
21,128,117,
21,134,170,
21,137,84,
21,140,58,
21,153,5,
21,154,20,
21,157,110,
21,158,90,
21,162,144,
21,164,164,
21,168,25,
22,7,86,
22,26,25,
22,26,125,
22,30,31,
22,35,19,
22,36,45,
22,36,130,
22,37,178,
22,39,47,
22,42,108,
22,45,162,
22,46,168,
22,47,135,
22,49,22,
22,51,41,
22,67,27,
22,67,146,
22,69,127,
22,70,168,
22,71,67,
22,82,131,
22,91,177,
22,97,131,
22,102,91,
22,115,29,
22,125,63,
22,128,47,
22,137,164,
22,144,163,
22,152,11,
22,161,88,
22,162,22,
22,164,27,
22,165,111,
22,168,156,
22,175,167,
22,176,121,
23,3,138,
23,7,6,
23,10,24,
23,13,130,
23,17,131,
23,20,86,
23,21,102,
23,22,33,
23,26,168,
23,32,53,
23,35,68,
23,41,79,
23,44,82,
23,47,139,
23,53,75,
23,60,24,
23,62,16,
23,70,35,
23,73,163,
23,78,162,
23,81,118,
23,83,6,
23,84,100,
23,85,16,
23,97,110,
23,108,112,
23,112,130,
23,133,129,
23,142,36,
23,145,16,
23,152,106,
23,152,138,
23,157,52,
23,163,164,
23,175,52,
23,177,140,
23,179,147,
24,1,157,
24,15,158,
24,20,68,
24,22,24,
24,29,161,
24,34,58,
24,38,44,
24,41,41,
24,43,37,
24,43,149,
24,45,17,
24,46,74,
24,46,78,
24,54,51,
24,55,49,
24,56,153,
24,58,39,
24,61,143,
24,65,45,
24,69,164,
24,71,147,
24,71,160,
24,73,88,
24,80,23,
24,83,6,
24,83,102,
24,89,126,
24,90,138,
24,96,61,
24,102,132,
24,106,98,
24,107,15,
24,107,150,
24,111,81,
24,111,81,
24,127,39,
24,142,9,
24,146,90,
24,147,74,
24,150,150,
24,160,25,
25,3,109,
25,10,178,
25,11,155,
25,14,126,
25,19,97,
25,22,15,
25,25,20,
25,27,50,
25,34,107,
25,37,83,
25,43,111,
25,44,116,
25,63,119,
25,65,37,
25,65,82,
25,66,79,
25,76,10,
25,78,22,
25,83,170,
25,96,86,
25,97,79,
25,98,145,
25,100,73,
25,101,97,
25,110,71,
25,112,92,
25,115,154,
25,117,125,
25,123,133,
25,125,47,
25,134,28,
25,137,165,
25,147,109,
25,149,47,
25,157,106,
25,159,7,
25,164,0,
25,164,21,
25,172,24,
25,176,179,
26,13,61,
26,16,154,
26,21,66,
26,21,122,
26,33,51,
26,37,59,
26,44,53,
26,44,71,
26,44,97,
26,48,136,
26,49,48,
26,59,58,
26,62,12,
26,69,69,
26,69,167,
26,70,99,
26,78,165,
26,82,175,
26,88,42,
26,90,120,
26,101,28,
26,104,7,
26,113,96,
26,119,123,
26,128,25,
26,129,0,
26,130,46,
26,139,51,
26,153,13,
26,165,13,
26,170,11,
26,174,126,
26,179,90,
27,0,108,
27,6,27,
27,8,105,
27,16,87,
27,21,33,
27,21,149,
27,23,8,
27,24,88,
27,24,175,
27,26,167,
27,27,135,
27,33,127,
27,33,135,
27,41,133,
27,62,9,
27,65,95,
27,72,24,
27,72,143,
27,90,116,
27,93,81,
27,98,179,
27,99,104,
27,100,32,
27,103,161,
27,104,153,
27,112,102,
27,114,9,
27,118,38,
27,120,46,
27,125,58,
27,125,144,
27,126,56,
27,133,25,
27,142,143,
27,144,151,
27,145,62,
27,150,163,
27,156,50,
27,160,135,
27,179,8,
28,15,48,
28,32,65,
28,32,95,
28,33,28,
28,39,30,
28,54,1,
28,55,56,
28,60,78,
28,78,164,
28,93,69,
28,110,139,
28,117,14,
28,132,67,
28,140,1,
28,142,102,
28,146,107,
28,147,8,
28,149,55,
28,158,71,
28,158,151,
28,167,88,
28,179,10,
29,0,2,
29,2,150,
29,6,107,
29,14,129,
29,18,162,
29,20,29,
29,20,135,
29,27,59,
29,33,42,
29,34,91,
29,41,102,
29,44,94,
29,48,29,
29,49,69,
29,50,81,
29,51,48,
29,51,119,
29,56,61,
29,66,90,
29,76,109,
29,78,29,
29,94,3,
29,101,128,
29,111,136,
29,125,61,
29,133,66,
29,134,48,
29,134,167,
29,138,148,
29,139,100,
29,142,167,
29,151,38,
29,156,125,
29,162,88,
30,8,168,
30,12,1,
30,12,24,
30,13,25,
30,23,125,
30,23,166,
30,25,31,
30,25,74,
30,33,159,
30,43,93,
30,48,6,
30,49,90,
30,49,107,
30,50,82,
30,50,90,
30,59,64,
30,60,9,
30,79,65,
30,82,114,
30,84,59,
30,88,75,
30,89,133,
30,97,120,
30,105,72,
30,108,81,
30,127,20,
30,135,107,
30,137,75,
30,138,58,
30,154,1,
30,158,26,
30,160,60,
30,175,114,
30,179,149,
31,0,163,
31,19,29,
31,28,38,
31,31,128,
31,34,169,
31,37,76,
31,39,139,
31,41,134,
31,46,105,
31,49,76,
31,53,111,
31,55,119,
31,57,126,
31,58,27,
31,58,85,
31,70,94,
31,81,137,
31,111,179,
31,121,80,
31,126,118,
31,132,53,
31,133,76,
31,134,67,
31,135,56,
31,135,71,
31,136,87,
31,156,20,
32,15,73,
32,34,124,
32,35,73,
32,37,18,
32,42,106,
32,43,119,
32,49,27,
32,64,21,
32,68,167,
32,69,141,
32,70,57,
32,73,65,
32,74,48,
32,77,20,
32,78,153,
32,116,118,
32,120,138,
32,124,71,
32,124,152,
32,128,23,
32,129,12,
32,130,97,
32,136,5,
32,139,127,
32,139,138,
32,140,175,
32,145,109,
32,164,15,
33,1,16,
33,3,101,
33,5,62,
33,17,141,
33,22,120,
33,27,115,
33,33,49,
33,37,19,
33,39,152,
33,46,33,
33,79,95,
33,101,23,
33,101,141,
33,109,17,
33,110,143,
33,118,79,
33,119,148,
33,128,53,
33,136,30,
33,160,173,
34,1,78,
34,2,61,
34,4,108,
34,14,20,
34,15,27,
34,19,9,
34,25,153,
34,28,88,
34,35,40,
34,41,10,
34,47,85,
34,60,145,
34,62,165,
34,65,171,
34,66,23,
34,68,11,
34,68,98,
34,70,120,
34,77,32,
34,81,50,
34,84,138,
34,88,55,
34,89,129,
34,96,171,
34,102,45,
34,110,42,
34,111,149,
34,115,13,
34,121,17,
34,156,68,
34,157,84,
34,159,32,
34,161,73,
34,162,51,
34,162,52,
34,162,117,
34,170,88,
34,171,88,
34,173,45,
34,175,120,
34,176,153,
34,178,52,
35,12,122,
35,18,100,
35,27,177,
35,32,32,
35,35,166,
35,53,19,
35,61,52,
35,67,13,
35,69,130,
35,79,81,
35,85,106,
35,86,179,
35,87,65,
35,89,82,
35,98,16,
35,104,127,
35,107,89,
35,109,71,
35,121,112,
35,123,146,
35,127,43,
35,128,139,
35,138,145,
35,142,0,
35,142,42,
35,145,31,
35,148,147,
35,148,165,
36,1,86,
36,3,5,
36,5,73,
36,11,42,
36,11,175,
36,12,66,
36,13,163,
36,16,159,
36,38,0,
36,39,139,
36,42,157,
36,44,45,
36,45,77,
36,51,45,
36,51,92,
36,52,63,
36,62,47,
36,67,9,
36,71,177,
36,72,96,
36,74,49,
36,75,87,
36,79,9,
36,80,142,
36,81,95,
36,84,173,
36,87,144,
36,90,169,
36,93,121,
36,95,97,
36,97,25,
36,106,138,
36,107,51,
36,121,121,
36,122,42,
36,143,15,
36,154,176,
36,155,143,
36,161,57,
36,162,68,
36,173,80,
36,173,152,
37,2,149,
37,18,125,
37,29,11,
37,37,26,
37,38,94,
37,45,93,
37,78,86,
37,80,13,
37,82,11,
37,82,58,
37,86,69,
37,86,130,
37,89,36,
37,90,51,
37,97,49,
37,112,31,
37,114,176,
37,123,157,
37,134,77,
37,143,161,
37,150,126,
37,171,162,
37,173,64,
37,178,153,
38,3,163,
38,13,74,
38,16,137,
38,18,62,
38,26,9,
38,26,136,
38,36,145,
38,55,3,
38,62,138,
38,64,2,
38,76,16,
38,88,123,
38,91,141,
38,95,160,
38,101,46,
38,104,162,
38,106,80,
38,119,103,
38,125,95,
38,131,79,
38,141,87,
38,143,50,
38,143,140,
38,143,179,
38,149,97,
38,152,53,
38,152,163,
38,169,61,
39,10,93,
39,15,148,
39,18,19,
39,22,161,
39,27,92,
39,30,12,
39,42,46,
39,55,133,
39,60,164,
39,64,95,
39,65,117,
39,67,155,
39,69,141,
39,75,23,
39,78,20,
39,79,6,
39,85,157,
39,87,139,
39,89,28,
39,91,131,
39,108,150,
39,113,72,
39,121,39,
39,142,110,
39,145,3,
39,155,106,
39,157,42,
39,172,153,
40,4,161,
40,6,27,
40,7,38,
40,9,141,
40,13,55,
40,30,124,
40,33,135,
40,47,109,
40,53,26,
40,57,155,
40,60,95,
40,71,0,
40,77,111,
40,81,99,
40,84,128,
40,88,115,
40,98,155,
40,99,53,
40,101,33,
40,101,109,
40,112,121,
40,116,115,
40,127,142,
40,132,107,
40,132,149,
40,135,126,
40,139,98,
40,141,53,
40,142,24,
40,145,52,
40,145,128,
40,146,17,
40,149,7,
40,155,135,
40,165,147,
40,166,159,
40,170,131,
40,172,106,
40,173,48,
40,178,73,
40,179,57,
40,179,147,
41,2,157,
41,2,163,
41,3,58,
41,7,50,
41,19,51,
41,35,83,
41,38,23,
41,39,68,
41,39,87,
41,48,26,
41,54,95,
41,55,31,
41,85,72,
41,92,72,
41,97,68,
41,102,109,
41,108,69,
41,108,116,
41,111,48,
41,118,57,
41,120,71,
41,127,59,
41,134,126,
41,144,70,
41,146,17,
41,154,0,
41,156,55,
41,170,64,
41,179,52,
42,2,131,
42,3,45,
42,3,134,
42,4,1,
42,11,17,
42,13,63,
42,21,158,
42,26,141,
42,27,109,
42,36,114,
42,53,26,
42,64,155,
42,73,0,
42,81,85,
42,82,3,
42,89,73,
42,90,85,
42,91,50,
42,92,6,
42,118,134,
42,125,128,
42,131,163,
42,134,12,
42,137,19,
42,138,138,
42,139,159,
42,141,23,
42,158,25,
42,160,139,
42,174,1,
43,2,80,
43,8,23,
43,21,57,
43,24,24,
43,28,32,
43,38,25,
43,45,9,
43,53,87,
43,66,49,
43,66,145,
43,69,40,
43,70,124,
43,82,134,
43,82,163,
43,87,112,
43,99,69,
43,124,59,
43,130,168,
43,130,174,
43,136,136,
43,146,20,
43,147,6,
43,149,39,
43,153,33,
44,9,147,
44,10,140,
44,17,94,
44,17,123,
44,19,151,
44,33,45,
44,37,82,
44,43,153,
44,45,46,
44,47,25,
44,57,104,
44,59,102,
44,63,93,
44,64,86,
44,77,108,
44,77,179,
44,81,166,
44,91,129,
44,100,5,
44,112,47,
44,113,147,
44,114,12,
44,115,162,
44,122,1,
44,129,126,
44,131,63,
44,133,73,
44,145,42,
44,146,178,
44,147,113,
44,150,93,
44,165,8,
44,165,91,
45,7,83,
45,7,116,
45,11,137,
45,33,61,
45,38,76,
45,59,84,
45,60,98,
45,60,138,
45,70,112,
45,70,165,
45,72,60,
45,72,65,
45,75,6,
45,75,11,
45,86,36,
45,87,37,
45,88,14,
45,89,92,
45,94,12,
45,105,119,
45,116,7,
45,127,158,
45,131,3,
45,131,133,
45,132,1,
45,132,83,
45,141,160,
45,145,137,
45,146,124,
45,150,31,
45,151,167,
45,153,22,
45,162,64,
45,167,70,
45,169,76,
45,178,112,
46,1,22,
46,10,163,
46,17,81,
46,19,5,
46,27,17,
46,31,108,
46,33,170,
46,37,29,
46,39,10,
46,41,79,
46,48,14,
46,66,51,
46,70,155,
46,77,77,
46,92,20,
46,100,117,
46,111,147,
46,123,81,
46,125,109,
46,131,28,
46,131,86,
46,133,150,
46,145,99,
46,156,141,
46,171,22,
46,176,25,
47,2,114,
47,3,56,
47,3,83,
47,12,36,
47,16,102,
47,35,65,
47,40,22,
47,54,87,
47,55,163,
47,61,47,
47,68,91,
47,71,164,
47,75,0,
47,78,61,
47,81,83,
47,85,125,
47,88,35,
47,103,95,
47,109,118,
47,115,163,
47,120,84,
47,132,24,
47,142,159,
47,154,9,
48,0,107,
48,9,67,
48,27,6,
48,32,61,
48,37,42,
48,47,41,
48,47,150,
48,52,50,
48,67,60,
48,71,148,
48,83,11,
48,86,82,
48,89,25,
48,91,93,
48,104,134,
48,106,132,
48,110,134,
48,113,89,
48,117,40,
48,119,72,
48,122,21,
48,122,41,
48,131,138,
48,132,45,
48,132,138,
48,133,47,
48,138,50,
48,141,53,
48,145,101,
48,145,133,
48,157,173,
48,158,119,
48,159,64,
48,165,131,
48,173,35,
48,179,85,
49,10,130,
49,15,118,
49,21,69,
49,25,77,
49,26,6,
49,38,0,
49,38,165,
49,44,74,
49,45,145,
49,45,164,
49,52,34,
49,60,87,
49,67,39,
49,69,107,
49,72,149,
49,78,94,
49,79,84,
49,80,157,
49,83,28,
49,93,145,
49,99,36,
49,106,31,
49,112,6,
49,120,148,
49,122,25,
49,125,153,
49,126,6,
49,132,120,
49,142,120,
49,146,90,
49,158,58,
49,166,152,
49,167,0,
49,168,146,
49,173,113,
50,2,108,
50,23,146,
50,33,53,
50,38,0,
50,39,150,
50,43,31,
50,58,16,
50,59,82,
50,60,74,
50,64,172,
50,65,87,
50,65,146,
50,79,132,
50,83,131,
50,83,146,
50,87,146,
50,103,100,
50,104,176,
50,111,161,
50,114,58,
50,119,30,
50,127,86,
50,136,26,
50,136,93,
50,140,168,
50,142,6,
50,151,98,
50,151,173,
50,159,100,
50,167,123,
50,173,95,
50,176,119,
51,3,167,
51,3,177,
51,10,37,
51,11,131,
51,21,128,
51,23,160,
51,26,61,
51,27,80,
51,28,67,
51,38,49,
51,51,46,
51,60,132,
51,65,143,
51,83,62,
51,104,174,
51,106,26,
51,121,41,
51,132,124,
51,134,97,
51,135,76,
51,140,148,
51,142,144,
51,143,79,
51,147,122,
51,148,68,
51,160,108,
51,166,149,
51,171,142,
51,172,176,
51,174,102,
52,1,64,
52,11,9,
52,18,5,
52,33,29,
52,36,55,
52,39,86,
52,42,149,
52,52,127,
52,59,27,
52,63,97,
52,74,107,
52,75,100,
52,79,67,
52,83,86,
52,87,94,
52,92,82,
52,97,135,
52,97,146,
52,103,57,
52,106,21,
52,134,27,
52,140,30,
52,145,46,
52,154,89,
52,160,16,
52,161,173,
52,170,125,
52,172,78,
52,172,158,
53,0,81,
53,1,98,
53,16,130,
53,27,61,
53,27,122,
53,28,80,
53,29,13,
53,31,147,
53,45,47,
53,54,57,
53,56,110,
53,57,115,
53,59,7,
53,66,57,
53,75,1,
53,75,2,
53,78,104,
53,90,40,
53,92,23,
53,94,94,
53,109,4,
53,110,160,
53,111,52,
53,121,59,
53,126,118,
53,128,161,
53,129,27,
53,145,53,
53,145,151,
53,153,175,
53,154,73,
53,160,101,
53,162,69,
53,165,20,
53,165,152,
53,169,48,
53,170,83,
53,170,124,
53,175,76,
53,177,48,
54,15,175,
54,17,57,
54,22,19,
54,25,146,
54,41,177,
54,43,175,
54,57,145,
54,63,87,
54,85,42,
54,93,46,
54,106,55,
54,120,150,
54,125,165,
54,129,121,
54,133,77,
54,143,101,
54,143,120,
54,145,70,
54,145,163,
54,147,102,
54,149,24,
54,150,17,
54,150,87,
54,153,17,
54,154,125,
54,158,84,
54,163,65,
54,174,90,
55,3,141,
55,11,104,
55,17,8,
55,21,135,
55,24,36,
55,26,131,
55,32,25,
55,32,50,
55,38,89,
55,49,129,
55,52,49,
55,64,93,
55,67,54,
55,79,0,
55,94,148,
55,98,146,
55,100,142,
55,105,178,
55,108,166,
55,130,1,
55,139,130,
55,145,99,
55,148,49,
55,161,63,
55,167,85,
55,168,138,
55,179,23,
56,7,150,
56,39,31,
56,51,110,
56,73,63,
56,78,26,
56,79,32,
56,82,91,
56,86,125,
56,94,168,
56,102,102,
56,104,16,
56,109,27,
56,109,48,
56,128,77,
56,134,61,
56,134,176,
56,136,117,
56,141,7,
56,170,116,
56,171,61,
57,11,131,
57,12,95,
57,25,62,
57,33,53,
57,35,147,
57,36,54,
57,44,109,
57,47,37,
57,48,80,
57,53,17,
57,65,153,
57,67,79,
57,85,83,
57,89,113,
57,94,176,
57,97,167,
57,98,130,
57,104,58,
57,108,51,
57,111,88,
57,126,123,
57,128,123,
57,136,1,
57,147,100,
57,162,97,
57,163,9,
57,170,40,
57,171,132,
57,172,6,
57,173,83,
57,173,171,
58,4,152,
58,18,73,
58,19,95,
58,22,140,
58,25,3,
58,30,118,
58,42,101,
58,45,145,
58,47,54,
58,50,86,
58,58,39,
58,63,129,
58,72,46,
58,80,88,
58,88,14,
58,88,141,
58,89,77,
58,90,153,
58,91,46,
58,91,173,
58,100,41,
58,113,24,
58,115,154,
58,116,23,
58,125,110,
58,126,124,
58,128,63,
58,130,119,
58,134,115,
58,138,137,
58,141,53,
58,143,118,
58,155,10,
58,155,87,
58,163,144,
58,173,47,
58,174,151,
58,176,34,
58,176,57,
58,178,43,
59,4,78,
59,6,28,
59,7,114,
59,18,159,
59,21,47,
59,25,169,
59,28,176,
59,33,56,
59,33,143,
59,47,165,
59,50,10,
59,53,100,
59,64,89,
59,70,9,
59,71,14,
59,88,106,
59,91,135,
59,97,2,
59,101,125,
59,101,128,
59,103,101,
59,103,114,
59,104,142,
59,106,36,
59,128,108,
59,130,84,
59,138,8,
59,140,42,
59,141,99,
59,146,97,
59,147,130,
59,153,56,
59,153,140,
59,169,91,
59,169,119,
59,173,24,
60,5,12,
60,6,151,
60,9,113,
60,15,136,
60,20,123,
60,20,157,
60,26,29,
60,34,89,
60,35,66,
60,36,73,
60,40,14,
60,59,58,
60,66,49,
60,67,56,
60,72,38,
60,80,149,
60,85,84,
60,91,98,
60,118,137,
60,125,3,
60,132,9,
60,146,65,
60,151,60,
60,155,19,
60,155,21,
60,173,142,
60,178,60,
60,179,160,
61,4,69,
61,12,37,
61,15,132,
61,17,178,
61,27,81,
61,33,161,
61,40,65,
61,43,141,
61,47,66,
61,47,75,
61,57,97,
61,58,39,
61,58,80,
61,60,10,
61,61,42,
61,69,32,
61,70,128,
61,71,2,
61,77,164,
61,102,0,
61,108,84,
61,124,97,
61,130,122,
61,132,175,
61,139,39,
61,144,135,
61,146,105,
61,148,16,
61,161,77,
61,164,66,
61,167,97,
61,172,15,
61,175,44,
61,175,150,
62,7,1,
62,11,50,
62,21,71,
62,22,39,
62,25,125,
62,44,106,
62,44,157,
62,46,32,
62,54,99,
62,58,29,
62,66,153,
62,67,165,
62,73,42,
62,83,38,
62,84,8,
62,92,52,
62,92,138,
62,95,113,
62,99,100,
62,103,164,
62,109,32,
62,109,145,
62,124,5,
62,140,39,
62,148,79,
62,151,170,
62,159,163,
62,160,135,
62,174,168,
62,175,8,
63,2,123,
63,5,108,
63,6,172,
63,25,101,
63,29,66,
63,35,11,
63,42,121,
63,59,106,
63,60,11,
63,78,167,
63,94,166,
63,95,9,
63,97,81,
63,104,138,
63,105,162,
63,106,159,
63,113,112,
63,122,59,
63,123,60,
63,123,165,
63,126,54,
63,127,54,
63,131,138,
63,143,107,
63,148,111,
63,149,59,
63,154,74,
63,160,143,
63,163,49,
63,164,3,
63,168,121,
63,169,29,
63,169,54,
63,171,46,
63,173,137,
64,1,44,
64,8,123,
64,14,132,
64,15,154,
64,19,143,
64,20,114,
64,25,122,
64,31,84,
64,34,129,
64,35,58,
64,38,148,
64,41,42,
64,42,16,
64,42,110,
64,44,44,
64,45,12,
64,66,69,
64,69,118,
64,83,9,
64,84,119,
64,91,129,
64,92,50,
64,92,86,
64,94,20,
64,94,85,
64,100,47,
64,108,48,
64,108,102,
64,120,131,
64,123,57,
64,138,78,
64,140,106,
64,143,168,
64,144,158,
64,151,102,
64,154,26,
64,157,172,
64,161,167,
64,163,41,
64,170,137,
64,171,31,
64,174,51,
65,5,117,
65,8,88,
65,21,31,
65,21,79,
65,28,96,
65,43,75,
65,54,148,
65,55,18,
65,56,77,
65,68,174,
65,71,96,
65,74,111,
65,75,127,
65,93,171,
65,99,107,
65,100,108,
65,101,157,
65,108,32,
65,109,7,
65,114,64,
65,128,154,
65,129,67,
65,135,130,
65,144,117,
65,150,74,
65,166,20,
66,3,38,
66,5,32,
66,18,56,
66,19,169,
66,20,146,
66,28,48,
66,30,28,
66,45,91,
66,61,152,
66,64,25,
66,73,169,
66,75,141,
66,76,140,
66,77,119,
66,82,89,
66,86,3,
66,89,154,
66,96,91,
66,99,31,
66,111,127,
66,115,151,
66,116,152,
66,125,36,
66,128,95,
66,130,159,
66,133,87,
66,140,65,
66,150,99,
66,152,169,
66,153,122,
66,157,1,
66,173,138,
66,174,15,
66,176,133,
67,11,150,
67,13,15,
67,20,127,
67,24,157,
67,25,61,
67,29,51,
67,35,2,
67,40,51,
67,47,166,
67,51,31,
67,54,157,
67,56,63,
67,60,20,
67,65,14,
67,72,155,
67,74,96,
67,81,75,
67,85,76,
67,91,117,
67,94,1,
67,95,77,
67,112,35,
67,112,128,
67,113,68,
67,116,4,
67,116,105,
67,120,152,
67,122,27,
67,122,93,
67,122,115,
67,130,62,
67,137,49,
67,142,36,
67,146,155,
67,146,179,
67,155,16,
67,170,6,
67,173,149,
67,174,64,
67,175,137,
67,179,55,
67,179,151,
68,1,151,
68,4,160,
68,7,105,
68,10,11,
68,31,46,
68,33,16,
68,43,105,
68,45,108,
68,46,126,
68,47,41,
68,49,74,
68,50,55,
68,59,152,
68,63,112,
68,67,57,
68,68,132,
68,91,103,
68,92,144,
68,108,36,
68,115,37,
68,117,6,
68,120,128,
68,121,46,
68,123,45,
68,124,92,
68,129,153,
68,140,157,
68,149,163,
68,151,76,
68,160,169,
68,175,29,
68,177,164,
69,13,133,
69,13,140,
69,15,52,
69,27,154,
69,29,94,
69,35,107,
69,36,126,
69,37,172,
69,52,130,
69,56,172,
69,58,174,
69,68,37,
69,69,179,
69,82,130,
69,88,144,
69,90,25,
69,95,77,
69,97,156,
69,102,89,
69,110,41,
69,129,153,
69,132,35,
69,133,127,
69,144,101,
69,150,78,
69,161,42,
69,164,63,
69,167,30,
70,18,88,
70,24,139,
70,27,127,
70,31,156,
70,32,65,
70,37,103,
70,46,54,
70,53,110,
70,66,25,
70,66,141,
70,70,152,
70,72,139,
70,74,159,
70,77,96,
70,86,98,
70,91,15,
70,95,117,
70,98,5,
70,99,40,
70,109,143,
70,119,179,
70,122,4,
70,134,135,
70,134,171,
70,138,19,
70,145,66,
70,145,73,
70,160,125,
70,161,175,
70,169,102,
70,171,177,
70,172,44,
70,174,103,
70,175,167,
70,177,16,
71,7,90,
71,29,153,
71,30,24,
71,43,45,
71,49,12,
71,49,15,
71,58,77,
71,65,39,
71,71,88,
71,75,91,
71,75,108,
71,76,155,
71,78,178,
71,89,3,
71,92,80,
71,94,34,
71,95,44,
71,95,45,
71,110,157,
71,111,101,
71,112,58,
71,125,103,
71,126,153,
71,128,93,
71,129,27,
71,131,70,
71,132,105,
71,139,151,
71,145,107,
71,153,57,
71,159,16,
71,159,110,
71,159,124,
71,163,65,
72,14,118,
72,17,67,
72,20,119,
72,25,118,
72,26,89,
72,28,89,
72,33,27,
72,46,44,
72,52,71,
72,57,12,
72,62,2,
72,67,147,
72,78,26,
72,80,164,
72,81,114,
72,82,136,
72,85,101,
72,91,175,
72,95,99,
72,98,106,
72,100,130,
72,103,56,
72,103,100,
72,103,166,
72,105,68,
72,120,20,
72,120,111,
72,121,111,
72,125,28,
72,126,131,
72,129,63,
72,130,57,
72,130,80,
72,138,86,
72,152,171,
72,154,79,
72,168,12,
72,169,61,
72,178,79,
73,10,132,
73,14,87,
73,16,101,
73,18,42,
73,27,135,
73,36,81,
73,38,177,
73,39,155,
73,48,18,
73,53,87,
73,58,130,
73,78,106,
73,82,140,
73,83,72,
73,85,174,
73,90,51,
73,90,113,
73,92,123,
73,129,157,
73,140,177,
73,141,42,
73,144,129,
73,149,8,
73,152,72,
73,161,13,
73,163,29,
73,170,74,
73,170,176,
74,2,24,
74,4,90,
74,5,0,
74,5,110,
74,29,103,
74,39,141,
74,55,136,
74,57,141,
74,59,164,
74,60,56,
74,71,75,
74,82,110,
74,83,116,
74,97,67,
74,107,23,
74,116,108,
74,118,94,
74,121,73,
74,122,101,
74,127,136,
74,132,137,
74,135,153,
74,141,56,
74,144,136,
74,146,98,
74,150,138,
74,151,110,
74,163,88,
74,174,8,
75,4,26,
75,25,99,
75,35,111,
75,35,121,
75,42,119,
75,53,42,
75,64,48,
75,64,102,
75,66,178,
75,71,33,
75,71,132,
75,76,6,
75,77,155,
75,79,24,
75,80,46,
75,81,159,
75,83,2,
75,83,75,
75,85,110,
75,87,53,
75,107,114,
75,118,82,
75,120,22,
75,126,0,
75,134,102,
75,134,110,
75,138,22,
75,149,36,
75,149,105,
75,150,52,
75,154,39,
75,165,71,
75,169,53,
75,170,108,
75,170,163,
75,179,164,
76,2,146,
76,3,80,
76,7,82,
76,15,13,
76,17,67,
76,21,47,
76,21,94,
76,24,139,
76,40,101,
76,44,32,
76,53,133,
76,64,6,
76,68,57,
76,73,105,
76,76,82,
76,83,88,
76,92,9,
76,92,15,
76,94,53,
76,100,36,
76,102,2,
76,103,59,
76,103,66,
76,104,9,
76,108,88,
76,117,103,
76,118,65,
76,121,171,
76,125,1,
76,126,44,
76,131,48,
76,131,133,
76,144,149,
76,145,39,
76,147,73,
76,150,121,
76,153,175,
76,179,23,
77,9,116,
77,10,52,
77,15,71,
77,16,11,
77,24,39,
77,29,150,
77,31,111,
77,31,176,
77,33,131,
77,36,40,
77,36,97,
77,36,116,
77,41,100,
77,44,61,
77,49,85,
77,55,11,
77,75,76,
77,87,13,
77,89,15,
77,96,55,
77,101,157,
77,104,30,
77,113,13,
77,114,82,
77,116,70,
77,124,129,
77,127,35,
77,130,27,
77,131,164,
77,132,92,
77,135,55,
77,138,39,
77,141,169,
77,146,60,
77,150,35,
77,160,107,
77,170,175,
77,171,115,
78,1,167,
78,5,129,
78,17,59,
78,20,48,
78,22,77,
78,23,49,
78,27,86,
78,27,117,
78,44,6,
78,56,67,
78,56,119,
78,68,69,
78,76,160,
78,77,34,
78,79,75,
78,81,145,
78,82,153,
78,88,174,
78,96,93,
78,97,56,
78,98,123,
78,108,69,
78,110,20,
78,125,26,
78,125,33,
78,130,23,
78,143,162,
78,146,80,
78,154,111,
78,155,53,
78,159,30,
78,167,131,
78,168,116,
78,177,13,
79,0,24,
79,10,91,
79,14,7,
79,15,149,
79,16,19,
79,22,138,
79,27,79,
79,30,118,
79,33,51,
79,34,141,
79,39,171,
79,42,116,
79,46,106,
79,46,121,
79,47,102,
79,57,160,
79,64,6,
79,64,90,
79,64,130,
79,79,106,
79,81,3,
79,85,6,
79,95,24,
79,97,76,
79,101,164,
79,114,69,
79,115,28,
79,118,62,
79,120,13,
79,121,103,
79,142,154,
79,145,147,
79,148,138,
79,156,168,
79,161,79,
79,163,50,
79,163,118,
79,169,54,
79,173,114,
79,176,36,
80,0,116,
80,1,92,
80,2,76,
80,4,113,
80,5,81,
80,7,103,
80,10,36,
80,24,166,
80,28,8,
80,38,95,
80,41,162,
80,45,31,
80,66,158,
80,69,110,
80,84,68,
80,84,76,
80,85,169,
80,86,16,
80,99,73,
80,102,2,
80,102,5,
80,104,14,
80,104,51,
80,112,51,
80,114,39,
80,117,43,
80,126,61,
80,137,160,
80,143,9,
80,153,98,
80,157,76,
80,160,157,
80,167,158,
80,173,101,
80,173,124,
80,179,20,
81,0,59,
81,5,45,
81,6,129,
81,9,138,
81,22,33,
81,27,137,
81,32,82,
81,39,60,
81,40,52,
81,41,141,
81,46,125,
81,46,175,
81,52,23,
81,54,47,
81,55,3,
81,55,113,
81,78,10,
81,88,61,
81,89,58,
81,94,96,
81,96,126,
81,99,115,
81,101,148,
81,103,130,
81,104,110,
81,105,81,
81,105,161,
81,109,178,
81,120,88,
81,124,175,
81,130,110,
81,133,124,
81,137,148,
81,141,68,
81,148,53,
81,152,19,
81,159,24,
81,159,96,
81,171,42,
81,178,1,
82,2,82,
82,13,76,
82,16,70,
82,25,3,
82,26,106,
82,28,24,
82,32,17,
82,35,47,
82,35,143,
82,36,8,
82,38,157,
82,47,111,
82,50,115,
82,54,2,
82,63,44,
82,67,44,
82,68,145,
82,73,93,
82,74,40,
82,76,119,
82,79,20,
82,89,35,
82,102,151,
82,107,86,
82,114,64,
82,120,112,
82,122,155,
82,128,76,
82,132,140,
82,134,55,
82,136,5,
82,139,13,
82,141,7,
82,143,81,
82,148,58,
82,164,142,
82,176,74,
82,179,25,
83,1,129,
83,5,153,
83,23,174,
83,25,132,
83,26,120,
83,30,77,
83,31,163,
83,36,18,
83,36,169,
83,39,23,
83,45,132,
83,46,76,
83,47,37,
83,54,61,
83,56,20,
83,60,149,
83,61,153,
83,62,48,
83,66,115,
83,71,166,
83,86,15,
83,87,108,
83,91,46,
83,101,19,
83,101,167,
83,101,172,
83,103,130,
83,122,14,
83,132,0,
83,146,133,
83,161,157,
83,173,90,
84,1,35,
84,7,102,
84,9,155,
84,11,140,
84,12,50,
84,14,117,
84,20,28,
84,23,53,
84,24,150,
84,25,114,
84,55,100,
84,57,26,
84,61,7,
84,64,112,
84,67,41,
84,69,30,
84,75,170,
84,81,171,
84,89,173,
84,90,164,
84,99,166,
84,104,10,
84,111,179,
84,113,90,
84,114,66,
84,114,160,
84,116,83,
84,120,111,
84,140,149,
84,150,15,
84,153,22,
84,156,44,
84,158,162,
84,160,21,
84,164,19,
84,169,61,
84,169,89,
84,171,155,
85,14,58,
85,14,82,
85,33,153,
85,43,21,
85,44,78,
85,44,83,
85,46,173,
85,48,56,
85,58,101,
85,62,25,
85,64,38,
85,68,72,
85,69,9,
85,74,44,
85,84,35,
85,109,144,
85,113,60,
85,113,114,
85,114,10,
85,114,72,
85,135,101,
85,144,78,
85,148,88,
85,158,116,
85,159,100,
85,167,175,
85,170,81,
86,9,41,
86,19,171,
86,27,133,
86,49,116,
86,52,23,
86,59,31,
86,62,60,
86,64,79,
86,72,134,
86,80,105,
86,89,174,
86,91,154,
86,95,115,
86,99,177,
86,122,60,
86,122,163,
86,124,163,
86,127,121,
86,132,152,
86,137,86,
86,140,46,
86,143,141,
86,147,135,
86,171,105,
86,174,55,
86,179,111,
87,21,139,
87,22,122,
87,29,177,
87,45,0,
87,45,80,
87,77,4,
87,77,17,
87,78,19,
87,83,129,
87,89,117,
87,92,71,
87,96,163,
87,101,120,
87,103,37,
87,104,80,
87,106,13,
87,120,18,
87,121,165,
87,122,102,
87,123,100,
87,131,4,
87,133,71,
87,169,106,
87,179,75,
88,1,65,
88,7,44,
88,18,132,
88,21,8,
88,23,12,
88,26,111,
88,26,149,
88,43,150,
88,66,123,
88,67,4,
88,69,16,
88,74,12,
88,78,129,
88,84,80,
88,92,93,
88,95,41,
88,98,100,
88,102,63,
88,106,90,
88,109,12,
88,112,125,
88,123,157,
88,129,113,
88,129,118,
88,142,166,
88,143,132,
88,154,115,
88,160,62,
88,167,172,
88,169,38,
89,0,174,
89,1,11,
89,2,146,
89,18,108,
89,28,44,
89,29,141,
89,30,12,
89,36,105,
89,44,48,
89,46,82,
89,51,53,
89,56,49,
89,66,110,
89,69,10,
89,72,21,
89,72,165,
89,77,155,
89,78,128,
89,81,68,
89,87,62,
89,88,66,
89,99,1,
89,99,136,
89,105,109,
89,105,139,
89,107,162,
89,114,85,
89,116,112,
89,123,147,
89,124,147,
89,143,139,
89,152,129,
89,168,9,
89,173,177,
90,8,143,
90,17,80,
90,26,150,
90,40,157,
90,45,143,
90,55,170,
90,67,46,
90,84,70,
90,85,144,
90,85,150,
90,91,177,
90,97,120,
90,105,20,
90,135,0,
90,139,93,
90,147,53,
90,163,29,
90,165,33,
90,170,120,
90,174,160,
90,177,179,
91,13,1,
91,36,0,
91,42,129,
91,42,168,
91,46,109,
91,66,123,
91,72,93,
91,87,138,
91,95,115,
91,101,11,
91,105,22,
91,106,157,
91,108,48,
91,111,133,
91,116,145,
91,117,96,
91,128,106,
91,130,68,
91,132,166,
91,137,25,
91,139,98,
91,143,134,
91,144,25,
91,160,57,
91,163,170,
91,168,23,
91,168,27,
91,177,70,
92,2,1,
92,3,93,
92,25,39,
92,26,142,
92,31,20,
92,41,138,
92,42,47,
92,51,167,
92,65,72,
92,66,8,
92,67,91,
92,72,24,
92,77,77,
92,84,103,
92,86,94,
92,93,82,
92,101,56,
92,104,1,
92,118,114,
92,126,4,
92,138,117,
92,143,169,
92,146,121,
92,155,114,
92,161,116,
92,161,125,
92,169,31,
92,172,4,
92,175,150,
93,8,167,
93,11,99,
93,28,124,
93,29,131,
93,33,139,
93,46,0,
93,48,43,
93,53,19,
93,62,97,
93,66,45,
93,69,146,
93,74,166,
93,75,168,
93,76,17,
93,77,51,
93,89,148,
93,90,52,
93,99,152,
93,110,86,
93,114,7,
93,122,107,
93,133,131,
93,136,109,
93,149,114,
93,152,87,
93,155,132,
93,158,58,
93,164,161,
93,169,23,
93,173,87,
93,175,1,
93,178,69,
94,4,115,
94,12,21,
94,18,167,
94,19,29,
94,20,73,
94,23,4,
94,25,119,
94,40,116,
94,44,98,
94,50,16,
94,55,6,
94,59,142,
94,67,6,
94,68,167,
94,70,135,
94,75,70,
94,77,61,
94,92,30,
94,94,177,
94,100,16,
94,109,37,
94,110,129,
94,118,43,
94,125,66,
94,128,10,
94,128,154,
94,129,129,
94,132,148,
94,160,98,
94,167,24,
94,168,148,
94,174,52,
95,6,158,
95,21,8,
95,21,74,
95,28,11,
95,30,103,
95,38,68,
95,38,174,
95,39,165,
95,66,85,
95,71,95,
95,73,168,
95,76,33,
95,77,77,
95,82,142,
95,82,165,
95,113,67,
95,117,48,
95,120,100,
95,122,70,
95,122,104,
95,122,129,
95,141,15,
95,142,108,
95,146,63,
95,148,149,
95,149,133,
95,157,134,
95,162,169,
95,166,123,
95,170,80,
95,172,47,
95,174,38,
95,174,173,
95,178,26,
96,1,125,
96,14,26,
96,19,85,
96,41,103,
96,50,136,
96,59,99,
96,67,121,
96,83,99,
96,84,16,
96,92,51,
96,93,31,
96,98,102,
96,99,52,
96,101,129,
96,112,100,
96,113,18,
96,119,106,
96,120,99,
96,125,58,
96,131,114,
96,136,101,
96,140,4,
96,146,26,
96,147,101,
96,155,46,
96,164,139,
97,7,96,
97,10,34,
97,12,19,
97,24,176,
97,25,173,
97,30,114,
97,30,150,
97,37,129,
97,51,88,
97,63,33,
97,65,79,
97,69,39,
97,71,107,
97,73,72,
97,77,30,
97,83,91,
97,94,67,
97,106,141,
97,108,5,
97,111,13,
97,112,37,
97,115,65,
97,121,59,
97,121,124,
97,127,144,
97,132,1,
97,132,15,
97,136,63,
97,169,113,
97,173,95,
97,176,120,
98,0,95,
98,15,109,
98,20,162,
98,21,54,
98,25,152,
98,29,36,
98,41,136,
98,49,141,
98,51,22,
98,59,76,
98,61,86,
98,67,91,
98,69,78,
98,69,148,
98,85,124,
98,91,83,
98,91,160,
98,92,13,
98,93,155,
98,104,174,
98,111,130,
98,114,41,
98,116,116,
98,120,138,
98,123,161,
98,128,178,
98,131,77,
98,139,40,
98,152,139,
98,158,25,
98,165,115,
98,167,132,
98,171,168,
98,175,82,
98,178,148,
99,8,162,
99,17,59,
99,21,53,
99,37,136,
99,42,177,
99,43,62,
99,44,122,
99,48,84,
99,49,13,
99,58,109,
99,74,163,
99,75,15,
99,75,132,
99,78,57,
99,81,3,
99,86,35,
99,90,59,
99,100,80,
99,105,9,
99,110,115,
99,112,159,
99,142,49,
99,143,146,
99,145,32,
99,163,26,
99,166,125,
99,173,9,
99,176,173,
100,11,156,
100,13,150,
100,14,58,
100,21,105,
100,34,11,
100,39,113,
100,49,176,
100,50,23,
100,54,14,
100,59,15,
100,60,33,
100,69,146,
100,75,27,
100,84,70,
100,91,119,
100,96,132,
100,102,39,
100,105,140,
100,105,164,
100,112,142,
100,121,33,
100,122,65,
100,124,137,
100,139,98,
100,158,20,
100,163,3,
100,166,70,
100,167,68,
100,167,124,
101,3,101,
101,7,76,
101,9,116,
101,11,168,
101,36,91,
101,41,124,
101,48,52,
101,64,142,
101,65,164,
101,83,66,
101,84,20,
101,85,162,
101,99,68,
101,100,145,
101,101,115,
101,104,153,
101,108,179,
101,114,127,
101,122,156,
101,128,20,
101,128,151,
101,133,132,
101,139,67,
101,140,66,
101,144,149,
101,145,16,
101,172,129,
102,6,58,
102,12,155,
102,17,71,
102,17,151,
102,22,61,
102,31,37,
102,31,89,
102,31,155,
102,41,54,
102,46,138,
102,55,27,
102,58,128,
102,67,49,
102,67,173,
102,69,41,
102,75,144,
102,77,174,
102,90,62,
102,90,169,
102,91,103,
102,100,135,
102,104,54,
102,105,37,
102,106,134,
102,117,9,
102,121,21,
102,124,168,
102,128,104,
102,128,156,
102,130,7,
102,130,23,
102,136,134,
102,144,147,
102,146,68,
102,146,169,
102,162,30,
102,166,6,
102,174,62,
102,179,60,
103,1,75,
103,12,175,
103,17,83,
103,19,58,
103,20,21,
103,21,25,
103,26,68,
103,33,31,
103,37,95,
103,47,80,
103,68,97,
103,75,52,
103,78,67,
103,79,44,
103,92,136,
103,95,26,
103,99,16,
103,104,51,
103,105,145,
103,105,167,
103,107,50,
103,109,20,
103,118,62,
103,148,54,
103,148,82,
103,158,15,
103,160,154,
103,164,142,
103,170,20,
103,171,17,
104,0,13,
104,21,146,
104,22,72,
104,25,99,
104,30,6,
104,37,127,
104,39,171,
104,44,113,
104,45,14,
104,46,61,
104,47,116,
104,62,45,
104,65,143,
104,70,69,
104,70,79,
104,76,61,
104,86,161,
104,91,105,
104,96,35,
104,106,83,
104,110,118,
104,112,103,
104,129,6,
104,129,59,
104,137,113,
104,137,145,
104,147,63,
104,148,178,
104,150,72,
104,150,99,
104,151,131,
104,153,76,
104,153,147,
104,158,163,
104,171,42,
104,172,114,
104,176,122,
104,177,52,
105,2,58,
105,2,126,
105,12,132,
105,12,161,
105,13,2,
105,22,106,
105,24,37,
105,39,7,
105,49,9,
105,55,47,
105,56,141,
105,58,100,
105,62,69,
105,62,144,
105,63,87,
105,68,49,
105,70,122,
105,79,91,
105,82,60,
105,91,142,
105,100,83,
105,103,12,
105,106,143,
105,106,167,
105,107,23,
105,108,67,
105,114,3,
105,117,137,
105,125,1,
105,127,28,
105,131,25,
105,134,48,
105,134,105,
105,141,119,
105,144,112,
105,145,123,
105,149,133,
105,149,135,
105,149,148,
105,152,12,
105,156,91,
105,158,72,
105,169,81,
105,171,97,
105,174,121,
105,174,136,
105,174,155,
106,7,48,
106,10,14,
106,20,94,
106,29,17,
106,32,51,
106,50,80,
106,52,5,
106,58,52,
106,59,171,
106,63,36,
106,66,137,
106,67,71,
106,69,115,
106,73,75,
106,77,103,
106,77,142,
106,80,23,
106,81,89,
106,91,174,
106,103,75,
106,122,109,
106,124,42,
106,125,88,
106,129,53,
106,131,54,
106,132,18,
106,144,114,
106,146,130,
106,147,50,
106,153,139,
106,158,130,
106,163,41,
106,165,92,
106,166,46,
106,177,92,
107,4,12,
107,4,81,
107,6,44,
107,13,37,
107,15,97,
107,18,69,
107,25,66,
107,26,72,
107,26,141,
107,27,60,
107,30,12,
107,30,40,
107,30,146,
107,53,26,
107,65,165,
107,66,2,
107,67,112,
107,67,123,
107,85,154,
107,98,42,
107,99,124,
107,101,28,
107,102,44,
107,106,118,
107,116,121,
107,119,73,
107,138,90,
107,139,9,
107,151,19,
107,156,169,
107,159,154,
107,166,106,
107,170,65,
107,173,34,
107,179,106,
108,1,101,
108,2,23,
108,3,137,
108,7,91,
108,7,104,
108,28,9,
108,31,10,
108,32,24,
108,32,43,
108,32,167,
108,39,16,
108,48,41,
108,58,93,
108,59,78,
108,61,90,
108,63,2,
108,66,51,
108,82,68,
108,86,61,
108,87,135,
108,88,5,
108,89,107,
108,102,89,
108,113,129,
108,137,92,
108,145,125,
108,152,176,
108,158,53,
108,163,158,
108,173,83,
108,179,156,
109,3,102,
109,5,28,
109,26,117,
109,38,135,
109,42,54,
109,46,12,
109,66,158,
109,70,125,
109,78,43,
109,78,142,
109,83,174,
109,86,44,
109,91,160,
109,93,56,
109,94,154,
109,98,24,
109,98,86,
109,98,122,
109,99,128,
109,105,11,
109,111,87,
109,114,108,
109,138,76,
109,142,118,
109,143,4,
109,149,26,
109,171,146,
110,12,90,
110,16,39,
110,22,60,
110,22,157,
110,30,106,
110,32,144,
110,36,55,
110,68,122,
110,73,23,
110,85,60,
110,105,125,
110,114,175,
110,119,74,
110,128,29,
110,132,83,
110,149,107,
110,152,149,
110,160,27,
110,162,99,
110,163,12,
110,164,111,
110,167,10,
110,173,105,
111,3,177,
111,8,8,
111,10,88,
111,23,63,
111,24,85,
111,27,59,
111,34,87,
111,37,7,
111,39,146,
111,55,149,
111,63,120,
111,64,39,
111,65,36,
111,73,10,
111,76,126,
111,78,152,
111,79,59,
111,87,24,
111,90,94,
111,96,178,
111,111,27,
111,116,5,
111,119,161,
111,123,6,
111,126,60,
111,134,6,
111,141,18,
111,158,156,
111,163,87,
111,166,67,
111,175,150,
111,178,126,
112,1,145,
112,4,76,
112,11,52,
112,23,67,
112,24,149,
112,32,148,
112,34,102,
112,39,88,
112,58,40,
112,60,71,
112,61,4,
112,61,80,
112,62,18,
112,79,75,
112,80,108,
112,90,15,
112,95,62,
112,106,50,
112,109,16,
112,109,113,
112,120,27,
112,125,84,
112,132,31,
112,134,39,
112,137,90,
112,146,178,
112,148,112,
112,149,90,
112,151,43,
112,161,73,
112,161,145,
112,169,101,
112,177,109,
112,178,95,
112,179,106,
113,0,73,
113,9,54,
113,10,32,
113,18,54,
113,34,136,
113,34,143,
113,34,176,
113,36,33,
113,52,179,
113,68,121,
113,70,9,
113,70,87,
113,74,81,
113,83,147,
113,89,142,
113,92,164,
113,95,54,
113,99,113,
113,106,32,
113,107,156,
113,119,89,
113,128,36,
113,133,20,
113,137,40,
113,151,127,
113,154,31,
113,154,153,
113,160,131,
113,160,147,
113,168,48,
113,175,41,
113,177,31,
114,22,102,
114,35,49,
114,38,95,
114,38,169,
114,55,34,
114,58,34,
114,60,105,
114,62,119,
114,67,100,
114,70,146,
114,79,168,
114,88,121,
114,93,55,
114,100,57,
114,104,127,
114,105,69,
114,111,126,
114,113,37,
114,116,107,
114,132,129,
114,132,176,
114,139,134,
114,142,91,
114,159,88,
114,162,99,
114,167,75,
114,168,39,
114,170,177,
114,172,116,
114,179,32,
115,4,30,
115,11,17,
115,12,178,
115,31,110,
115,37,102,
115,39,20,
115,39,161,
115,44,54,
115,58,76,
115,68,89,
115,70,48,
115,74,61,
115,77,12,
115,77,78,
115,81,115,
115,86,172,
115,90,112,
115,93,92,
115,94,57,
115,95,32,
115,97,173,
115,113,21,
115,119,40,
115,121,18,
115,141,32,
115,144,141,
115,149,170,
115,154,127,
115,158,151,
115,170,94,
115,171,155,
115,176,147,
116,0,175,
116,10,118,
116,13,40,
116,13,60,
116,17,168,
116,19,143,
116,21,21,
116,26,36,
116,37,128,
116,39,21,
116,40,116,
116,43,95,
116,49,32,
116,60,61,
116,61,110,
116,69,2,
116,73,100,
116,76,103,
116,76,163,
116,78,73,
116,81,22,
116,86,60,
116,97,75,
116,99,24,
116,105,12,
116,109,136,
116,119,167,
116,127,172,
116,129,119,
116,135,45,
116,157,78,
116,164,75,
116,168,106,
116,175,105,
116,178,149,
117,4,60,
117,6,64,
117,9,146,
117,15,2,
117,17,141,
117,25,1,
117,29,9,
117,32,46,
117,33,145,
117,35,21,
117,38,30,
117,38,133,
117,41,106,
117,41,160,
117,50,103,
117,74,164,
117,79,22,
117,83,127,
117,85,175,
117,89,18,
117,92,21,
117,100,50,
117,107,53,
117,128,56,
117,135,160,
117,148,170,
117,154,4,
117,155,140,
117,158,156,
117,162,76,
117,174,52,
117,175,10,
117,176,3,
117,177,34,
117,178,47,
117,178,135,
118,0,162,
118,2,41,
118,8,9,
118,19,55,
118,24,74,
118,31,39,
118,40,105,
118,41,160,
118,42,171,
118,43,98,
118,46,111,
118,56,36,
118,63,96,
118,64,90,
118,71,0,
118,72,5,
118,81,68,
118,82,42,
118,93,144,
118,109,91,
118,110,6,
118,133,139,
118,150,123,
118,152,41,
118,157,98,
118,157,157,
118,162,130,
118,165,48,
118,176,132,
119,7,87,
119,9,159,
119,17,112,
119,25,19,
119,28,157,
119,32,42,
119,36,126,
119,43,143,
119,46,98,
119,55,74,
119,68,74,
119,68,91,
119,80,163,
119,88,163,
119,96,68,
119,99,101,
119,104,64,
119,106,11,
119,110,108,
119,120,164,
119,129,5,
119,136,111,
119,137,4,
119,139,109,
119,142,46,
119,149,9,
119,149,17,
119,151,50,
120,0,47,
120,5,25,
120,5,89,
120,9,71,
120,13,62,
120,15,171,
120,16,96,
120,18,137,
120,21,82,
120,21,107,
120,24,97,
120,28,159,
120,31,158,
120,33,34,
120,46,131,
120,52,50,
120,56,158,
120,66,26,
120,75,82,
120,82,161,
120,83,177,
120,85,140,
120,93,125,
120,102,10,
120,109,117,
120,113,110,
120,115,160,
120,122,12,
120,122,146,
120,127,148,
120,132,116,
120,132,132,
120,133,103,
120,135,28,
120,145,95,
120,150,27,
120,155,46,
120,175,139,
120,179,128,
121,12,72,
121,14,120,
121,15,175,
121,16,51,
121,17,97,
121,17,156,
121,19,132,
121,22,7,
121,31,152,
121,32,127,
121,45,0,
121,51,109,
121,52,142,
121,58,128,
121,60,164,
121,63,133,
121,70,149,
121,72,156,
121,86,161,
121,87,120,
121,93,21,
121,96,160,
121,102,123,
121,103,27,
121,103,153,
121,107,106,
121,108,115,
121,121,100,
121,126,80,
121,135,25,
121,151,63,
121,153,3,
121,164,58,
121,166,65,
121,172,40,
121,177,91,
122,0,78,
122,9,51,
122,9,102,
122,11,137,
122,14,92,
122,18,142,
122,28,140,
122,28,148,
122,29,9,
122,29,83,
122,30,10,
122,30,65,
122,32,92,
122,35,106,
122,43,145,
122,68,78,
122,87,94,
122,92,85,
122,103,165,
122,113,139,
122,119,92,
122,124,157,
122,136,174,
122,137,38,
122,143,155,
122,149,90,
122,152,135,
122,155,96,
122,162,69,
122,163,13,
122,168,128,
122,171,92,
122,174,61,
123,8,124,
123,10,0,
123,13,99,
123,15,133,
123,16,123,
123,33,24,
123,38,93,
123,40,107,
123,43,44,
123,51,23,
123,57,129,
123,61,148,
123,69,173,
123,70,168,
123,71,72,
123,76,140,
123,81,28,
123,82,65,
123,83,171,
123,119,84,
123,123,121,
123,128,21,
123,139,171,
123,142,33,
123,142,108,
123,145,50,
123,147,72,
123,158,82,
123,164,153,
123,168,145,
123,172,51,
123,173,155,
123,178,135,
124,1,61,
124,7,176,
124,12,167,
124,17,163,
124,19,175,
124,21,71,
124,32,73,
124,33,131,
124,36,50,
124,43,80,
124,44,88,
124,48,72,
124,49,5,
124,60,71,
124,64,82,
124,66,152,
124,76,74,
124,78,168,
124,88,97,
124,88,111,
124,100,117,
124,102,27,
124,102,78,
124,106,61,
124,106,95,
124,114,176,
124,129,158,
124,130,126,
124,144,79,
124,148,29,
124,153,78,
124,154,171,
124,155,75,
124,155,157,
124,159,54,
124,164,128,
125,8,89,
125,13,79,
125,20,101,
125,21,91,
125,27,115,
125,30,101,
125,31,80,
125,32,119,
125,38,50,
125,48,6,
125,48,69,
125,49,39,
125,56,149,
125,59,164,
125,61,80,
125,61,148,
125,66,152,
125,73,41,
125,80,26,
125,89,167,
125,101,153,
125,127,0,
125,142,172,
125,159,8,
125,162,81,
125,165,66,
125,165,136,
125,170,51,
125,173,154,
126,0,145,
126,10,0,
126,25,17,
126,30,101,
126,50,168,
126,61,25,
126,62,109,
126,66,35,
126,78,29,
126,87,144,
126,88,49,
126,88,62,
126,102,65,
126,111,142,
126,124,84,
126,126,151,
126,144,51,
126,151,29,
126,166,52,
126,167,170,
126,172,51,
126,177,78,
126,178,88,
127,8,163,
127,9,86,
127,12,2,
127,12,117,
127,15,27,
127,15,97,
127,18,99,
127,26,51,
127,26,86,
127,30,7,
127,38,81,
127,40,157,
127,43,61,
127,49,87,
127,54,102,
127,65,19,
127,69,159,
127,73,150,
127,88,77,
127,94,61,
127,123,38,
127,136,86,
127,144,98,
127,162,8,
127,164,55,
127,177,96,
127,178,100,
128,1,27,
128,2,136,
128,4,12,
128,5,162,
128,7,3,
128,7,21,
128,7,65,
128,10,123,
128,14,174,
128,15,91,
128,18,33,
128,26,131,
128,29,170,
128,33,8,
128,33,38,
128,34,129,
128,37,129,
128,47,43,
128,52,95,
128,66,128,
128,75,93,
128,83,108,
128,88,146,
128,107,115,
128,108,71,
128,114,158,
128,119,129,
128,142,107,
128,149,0,
128,149,95,
128,150,154,
128,158,87,
128,166,116,
128,175,66,
129,6,23,
129,6,33,
129,6,42,
129,7,32,
129,14,155,
129,23,36,
129,27,6,
129,29,42,
129,30,151,
129,35,74,
129,36,72,
129,38,162,
129,40,177,
129,46,87,
129,47,84,
129,58,179,
129,64,42,
129,66,51,
129,69,111,
129,75,146,
129,83,27,
129,107,62,
129,121,31,
129,123,71,
129,123,83,
129,125,15,
129,126,37,
129,127,0,
129,128,51,
129,129,99,
129,133,66,
129,145,166,
129,161,42,
129,165,24,
129,169,162,
129,171,54,
129,173,12,
129,177,34,
129,177,134,
130,18,38,
130,30,58,
130,31,3,
130,39,49,
130,68,132,
130,69,43,
130,76,163,
130,77,82,
130,89,88,
130,93,145,
130,98,97,
130,99,15,
130,99,161,
130,105,179,
130,108,0,
130,109,16,
130,109,134,
130,110,82,
130,127,130,
130,129,170,
130,130,89,
130,134,169,
130,141,31,
130,143,172,
130,144,72,
130,147,38,
130,149,0,
130,153,52,
130,164,103,
130,166,18,
130,168,51,
130,175,27,
131,0,139,
131,3,176,
131,8,107,
131,9,84,
131,10,67,
131,12,28,
131,20,62,
131,22,111,
131,23,86,
131,26,130,
131,29,110,
131,31,24,
131,38,35,
131,38,51,
131,39,44,
131,40,171,
131,47,131,
131,49,94,
131,52,108,
131,57,141,
131,60,108,
131,64,177,
131,72,90,
131,76,17,
131,79,134,
131,104,164,
131,121,62,
131,131,70,
131,136,179,
131,141,166,
131,149,153,
131,155,30,
131,162,149,
131,166,128,
131,167,64,
131,173,0,
132,5,11,
132,13,10,
132,14,15,
132,15,69,
132,22,38,
132,44,91,
132,48,145,
132,52,151,
132,54,82,
132,71,2,
132,72,148,
132,74,54,
132,77,126,
132,81,176,
132,82,26,
132,83,69,
132,85,32,
132,89,52,
132,90,125,
132,92,24,
132,93,42,
132,99,39,
132,103,6,
132,106,98,
132,111,69,
132,112,10,
132,115,131,
132,132,9,
132,147,144,
132,148,165,
132,149,117,
132,150,50,
132,155,78,
132,156,151,
132,169,40,
132,178,90,
133,21,139,
133,35,93,
133,38,27,
133,39,41,
133,44,50,
133,60,3,
133,60,23,
133,61,112,
133,63,17,
133,64,102,
133,83,95,
133,87,77,
133,87,121,
133,109,17,
133,112,101,
133,116,169,
133,120,115,
133,130,46,
133,134,19,
133,134,105,
133,134,175,
133,143,137,
133,146,63,
133,149,94,
133,155,30,
133,158,162,
133,161,105,
133,170,91,
134,28,111,
134,29,146,
134,38,120,
134,38,121,
134,48,171,
134,57,137,
134,60,31,
134,60,61,
134,71,86,
134,74,98,
134,75,134,
134,80,29,
134,86,17,
134,86,168,
134,88,62,
134,91,139,
134,98,130,
134,99,14,
134,102,161,
134,113,28,
134,114,160,
134,118,130,
134,149,13,
134,149,35,
134,152,17,
134,157,153,
134,159,109,
134,173,120,
135,4,10,
135,8,162,
135,9,159,
135,21,72,
135,24,38,
135,24,47,
135,28,24,
135,37,97,
135,38,71,
135,38,167,
135,55,10,
135,55,89,
135,56,40,
135,56,46,
135,74,72,
135,84,127,
135,88,120,
135,88,143,
135,92,90,
135,106,4,
135,111,94,
135,112,137,
135,113,71,
135,119,123,
135,125,129,
135,126,40,
135,137,176,
135,143,29,
135,143,130,
135,144,8,
135,146,174,
135,149,143,
135,150,157,
135,152,2,
135,153,63,
135,156,163,
135,158,52,
135,159,91,
135,165,35,
135,169,156,
135,170,129,
135,178,74,
136,6,172,
136,13,39,
136,19,94,
136,33,30,
136,35,154,
136,57,100,
136,60,121,
136,65,84,
136,65,98,
136,69,34,
136,69,117,
136,70,84,
136,71,87,
136,72,86,
136,72,168,
136,77,88,
136,83,8,
136,92,28,
136,98,159,
136,104,121,
136,107,40,
136,112,81,
136,116,69,
136,121,111,
136,124,3,
136,124,75,
136,129,148,
136,131,99,
136,132,48,
136,151,39,
136,153,13,
136,153,67,
136,158,18,
136,159,65,
136,172,84,
136,172,157,
136,174,76,
137,8,11,
137,9,47,
137,20,127,
137,29,51,
137,30,150,
137,32,80,
137,39,133,
137,40,12,
137,49,56,
137,50,38,
137,54,100,
137,55,156,
137,61,175,
137,62,90,
137,67,57,
137,75,57,
137,76,85,
137,83,31,
137,84,140,
137,93,119,
137,99,163,
137,119,68,
137,122,170,
137,125,84,
137,130,25,
137,134,31,
137,143,146,
137,162,133,
137,163,154,
137,170,20,
137,173,41,
137,176,113,
137,177,20,
137,177,133,
138,10,78,
138,11,76,
138,16,66,
138,19,109,
138,27,74,
138,27,159,
138,28,37,
138,36,11,
138,38,93,
138,49,149,
138,54,22,
138,63,97,
138,80,104,
138,99,76,
138,105,36,
138,118,68,
138,119,140,
138,121,108,
138,125,146,
138,133,35,
138,146,56,
138,147,41,
138,150,54,
139,9,27,
139,12,143,
139,19,174,
139,42,57,
139,48,120,
139,50,108,
139,58,97,
139,78,56,
139,80,150,
139,81,102,
139,84,146,
139,88,35,
139,100,10,
139,128,24,
139,129,82,
139,132,123,
139,139,129,
139,148,125,
139,150,41,
139,151,162,
139,164,116,
139,172,5,
139,173,146,
139,174,138,
139,177,59,
140,3,124,
140,11,102,
140,14,29,
140,33,105,
140,40,126,
140,61,143,
140,67,156,
140,68,142,
140,69,114,
140,70,150,
140,84,156,
140,94,77,
140,100,102,
140,107,116,
140,119,26,
140,122,79,
140,123,99,
140,127,20,
140,130,113,
140,133,9,
140,135,26,
140,138,51,
140,147,29,
140,147,171,
140,152,35,
140,154,52,
140,157,54,
140,158,37,
140,160,102,
140,161,86,
140,165,17,
140,169,176,
140,176,26,
141,5,18,
141,7,96,
141,16,175,
141,26,160,
141,37,61,
141,58,66,
141,63,46,
141,66,46,
141,73,78,
141,76,90,
141,78,159,
141,89,70,
141,95,100,
141,101,115,
141,111,86,
141,122,120,
141,123,29,
141,129,57,
141,131,134,
141,136,140,
141,143,90,
141,146,173,
141,151,64,
141,155,31,
141,167,22,
141,168,61,
141,169,9,
141,169,35,
141,171,61,
141,173,62,
142,0,175,
142,13,170,
142,26,165,
142,34,135,
142,40,81,
142,41,66,
142,44,5,
142,44,79,
142,46,137,
142,50,121,
142,57,139,
142,63,19,
142,65,154,
142,66,128,
142,72,41,
142,76,130,
142,83,157,
142,90,148,
142,91,123,
142,96,128,
142,101,21,
142,127,144,
142,141,62,
142,155,59,
142,166,174,
143,4,164,
143,14,161,
143,17,77,
143,24,15,
143,24,31,
143,24,117,
143,46,6,
143,67,60,
143,69,68,
143,71,170,
143,92,130,
143,93,3,
143,118,73,
143,124,91,
143,136,76,
143,142,46,
143,144,128,
143,152,136,
143,154,112,
143,171,68,
143,173,39,
143,174,34,
143,179,116,
144,2,56,
144,6,136,
144,10,160,
144,17,52,
144,28,12,
144,35,126,
144,41,34,
144,45,85,
144,45,110,
144,45,113,
144,59,159,
144,61,115,
144,64,86,
144,72,13,
144,72,34,
144,72,119,
144,75,5,
144,78,143,
144,81,79,
144,89,98,
144,94,63,
144,106,162,
144,116,166,
144,117,87,
144,121,123,
144,125,70,
144,125,168,
144,136,148,
144,140,2,
144,148,28,
144,154,97,
144,155,156,
144,160,122,
144,166,125,
144,174,131,
145,2,120,
145,6,99,
145,15,39,
145,15,146,
145,24,141,
145,46,151,
145,54,179,
145,58,94,
145,66,7,
145,97,46,
145,99,75,
145,108,2,
145,111,58,
145,113,99,
145,115,145,
145,119,24,
145,121,118,
145,140,38,
145,141,46,
145,143,45,
145,151,176,
145,155,25,
145,158,125,
145,159,81,
145,160,102,
145,164,167,
145,175,44,
145,179,2,
146,20,150,
146,22,145,
146,30,124,
146,32,101,
146,34,116,
146,39,146,
146,44,12,
146,53,94,
146,58,43,
146,65,67,
146,74,171,
146,75,157,
146,76,76,
146,76,147,
146,77,119,
146,79,7,
146,79,135,
146,80,155,
146,82,179,
146,85,89,
146,91,100,
146,94,120,
146,102,159,
146,106,99,
146,114,79,
146,115,93,
146,116,46,
146,119,113,
146,129,65,
146,132,26,
146,146,108,
146,149,119,
146,151,69,
146,151,99,
146,154,76,
146,157,93,
146,168,177,
146,170,3,
146,173,24,
146,179,100,
147,4,146,
147,5,112,
147,19,134,
147,23,115,
147,48,93,
147,57,149,
147,70,45,
147,95,125,
147,104,79,
147,110,98,
147,120,40,
147,122,72,
147,126,170,
147,141,135,
147,143,176,
147,146,60,
147,147,99,
147,149,13,
147,152,128,
147,154,52,
147,158,8,
147,159,152,
147,161,29,
147,161,159,
147,163,101,
147,165,179,
147,166,70,
147,166,86,
147,168,53,
148,5,7,
148,10,113,
148,13,95,
148,14,70,
148,16,86,
148,22,3,
148,22,89,
148,27,84,
148,29,174,
148,31,47,
148,31,66,
148,34,15,
148,38,48,
148,40,173,
148,45,22,
148,48,160,
148,54,43,
148,54,65,
148,60,98,
148,70,34,
148,72,45,
148,76,143,
148,77,31,
148,81,21,
148,87,44,
148,100,87,
148,104,85,
148,105,138,
148,112,179,
148,118,8,
148,119,45,
148,129,158,
148,133,58,
148,140,108,
148,150,27,
148,170,141,
148,174,86,
148,174,111,
148,175,179,
149,4,36,
149,17,149,
149,32,0,
149,36,64,
149,43,149,
149,47,131,
149,47,144,
149,55,87,
149,58,140,
149,63,61,
149,83,143,
149,85,100,
149,88,106,
149,89,17,
149,93,71,
149,98,156,
149,100,26,
149,100,109,
149,104,106,
149,105,33,
149,111,179,
149,116,152,
149,118,178,
149,120,8,
149,122,153,
149,134,41,
149,157,156,
149,162,58,
149,165,57,
149,170,112,
149,171,36,
149,172,74,
149,173,6,
149,176,174,
149,177,142,
149,178,108,
150,7,164,
150,8,163,
150,9,146,
150,9,166,
150,16,42,
150,18,98,
150,34,122,
150,35,49,
150,37,161,
150,37,167,
150,43,51,
150,43,155,
150,45,87,
150,50,115,
150,69,170,
150,70,47,
150,72,135,
150,74,81,
150,84,112,
150,85,107,
150,88,159,
150,90,128,
150,91,163,
150,91,175,
150,109,17,
150,109,69,
150,111,176,
150,115,113,
150,121,13,
150,121,90,
150,130,33,
150,131,95,
150,140,118,
150,153,147,
150,159,172,
150,160,116,
150,174,132,
150,177,87,
150,178,134,
151,32,25,
151,43,149,
151,61,85,
151,72,164,
151,75,41,
151,79,45,
151,80,175,
151,84,111,
151,89,18,
151,108,172,
151,118,145,
151,120,95,
151,139,146,
151,140,55,
151,152,99,
151,153,126,
151,164,160,
151,170,155,
152,6,107,
152,10,170,
152,15,100,
152,18,29,
152,27,88,
152,29,0,
152,36,26,
152,42,25,
152,46,89,
152,50,167,
152,52,17,
152,52,47,
152,55,97,
152,56,111,
152,58,147,
152,62,150,
152,64,149,
152,72,51,
152,80,124,
152,84,149,
152,85,11,
152,89,10,
152,89,70,
152,105,120,
152,114,132,
152,120,13,
152,120,27,
152,121,123,
152,121,168,
152,125,17,
152,129,161,
152,132,51,
152,132,118,
152,134,4,
152,142,13,
152,146,170,
152,164,119,
152,174,31,
152,176,101,
153,5,40,
153,14,68,
153,16,107,
153,18,20,
153,21,88,
153,23,12,
153,32,32,
153,34,158,
153,38,103,
153,38,120,
153,42,106,
153,47,74,
153,48,125,
153,49,169,
153,56,160,
153,65,31,
153,71,74,
153,75,70,
153,80,65,
153,83,142,
153,84,35,
153,86,179,
153,91,23,
153,98,18,
153,118,121,
153,133,171,
153,143,111,
153,144,24,
153,146,44,
153,161,63,
153,162,134,
153,164,127,
153,165,149,
153,179,164,
154,2,60,
154,9,112,
154,13,58,
154,17,19,
154,18,19,
154,30,56,
154,49,71,
154,53,142,
154,60,171,
154,61,35,
154,66,179,
154,70,178,
154,92,81,
154,93,88,
154,105,120,
154,106,153,
154,123,95,
154,135,140,
154,135,157,
154,140,79,
154,143,29,
154,148,166,
154,153,26,
154,155,34,
154,156,66,
154,157,46,
154,160,120,
154,165,98,
154,174,69,
154,174,168,
155,11,81,
155,22,18,
155,22,35,
155,25,141,
155,30,105,
155,39,41,
155,47,52,
155,55,105,
155,57,58,
155,79,140,
155,86,60,
155,94,142,
155,103,140,
155,104,77,
155,106,45,
155,116,70,
155,116,171,
155,128,112,
155,129,120,
155,136,109,
155,139,132,
155,155,80,
155,157,74,
155,172,121,
155,174,20,
156,0,56,
156,7,83,
156,7,129,
156,10,22,
156,10,85,
156,11,96,
156,11,124,
156,18,122,
156,19,110,
156,21,22,
156,22,81,
156,29,86,
156,29,144,
156,53,158,
156,57,76,
156,67,2,
156,72,53,
156,78,73,
156,91,146,
156,93,167,
156,104,147,
156,105,145,
156,108,175,
156,109,37,
156,110,136,
156,120,17,
156,128,31,
156,129,4,
156,135,108,
156,140,17,
156,142,82,
156,147,90,
156,161,12,
156,162,143,
156,163,3,
156,165,163,
156,175,29,
156,175,179,
156,177,133,
157,17,88,
157,28,93,
157,36,21,
157,39,40,
157,40,5,
157,40,89,
157,45,6,
157,60,83,
157,61,140,
157,63,95,
157,70,110,
157,81,15,
157,83,60,
157,90,0,
157,96,151,
157,97,25,
157,100,22,
157,107,177,
157,123,58,
157,131,137,
157,132,14,
157,140,11,
157,141,13,
157,154,121,
157,159,15,
157,164,161,
157,165,173,
157,170,145,
157,175,11,
158,4,29,
158,15,150,
158,16,70,
158,21,155,
158,25,55,
158,29,79,
158,33,101,
158,37,36,
158,42,0,
158,64,131,
158,69,49,
158,74,105,
158,79,170,
158,87,109,
158,87,151,
158,106,81,
158,107,23,
158,111,116,
158,117,170,
158,118,87,
158,127,6,
158,134,108,
158,135,133,
158,139,53,
158,139,100,
158,141,145,
158,143,21,
158,144,35,
158,146,174,
158,149,24,
158,154,88,
158,157,113,
158,157,159,
158,158,9,
158,163,95,
158,179,121,
159,12,77,
159,15,79,
159,29,152,
159,32,142,
159,38,76,
159,55,169,
159,70,3,
159,80,170,
159,86,161,
159,97,89,
159,109,171,
159,123,61,
159,125,97,
159,129,122,
159,129,178,
159,130,101,
159,144,158,
159,147,169,
159,150,60,
159,152,58,
159,156,113,
159,159,72,
159,174,176,
160,4,170,
160,25,129,
160,30,102,
160,45,128,
160,50,68,
160,53,133,
160,55,25,
160,58,64,
160,68,95,
160,73,61,
160,80,80,
160,85,68,
160,87,66,
160,90,68,
160,92,39,
160,102,64,
160,111,61,
160,112,162,
160,136,97,
160,141,81,
160,146,64,
160,150,39,
160,162,102,
160,163,172,
160,165,141,
160,169,140,
160,175,172,
161,4,158,
161,8,152,
161,12,89,
161,20,71,
161,28,12,
161,31,100,
161,32,83,
161,33,31,
161,36,70,
161,45,173,
161,57,104,
161,58,160,
161,60,92,
161,63,10,
161,67,80,
161,71,145,
161,75,13,
161,78,11,
161,79,133,
161,86,39,
161,100,34,
161,109,39,
161,120,41,
161,124,10,
161,124,114,
161,127,105,
161,132,27,
161,132,71,
161,137,86,
161,138,160,
161,139,47,
161,149,177,
161,150,98,
161,157,61,
161,168,62,
161,170,111,
161,175,82,
162,6,71,
162,14,125,
162,52,135,
162,55,55,
162,60,116,
162,67,0,
162,67,105,
162,74,14,
162,83,81,
162,85,19,
162,85,43,
162,93,156,
162,96,91,
162,108,146,
162,109,153,
162,111,60,
162,112,15,
162,115,167,
162,119,12,
162,126,63,
162,131,7,
162,134,144,
162,139,53,
162,139,142,
162,147,109,
162,148,43,
162,148,157,
162,149,137,
162,153,12,
162,160,128,
162,161,58,
162,170,0,
162,172,117,
162,173,37,
162,173,94,
162,179,74,
163,2,152,
163,3,133,
163,9,127,
163,9,155,
163,11,64,
163,14,106,
163,14,114,
163,22,112,
163,24,127,
163,26,149,
163,37,10,
163,41,126,
163,42,77,
163,43,53,
163,53,29,
163,53,62,
163,59,97,
163,62,127,
163,66,66,
163,74,40,
163,74,123,
163,76,101,
163,78,73,
163,86,173,
163,91,75,
163,92,157,
163,98,105,
163,100,31,
163,106,30,
163,107,9,
163,111,171,
163,115,21,
163,120,136,
163,120,166,
163,120,171,
163,123,98,
163,128,33,
163,133,125,
163,135,55,
163,139,38,
163,155,163,
163,156,167,
163,158,64,
163,164,157,
163,174,69,
164,5,35,
164,8,58,
164,16,123,
164,18,96,
164,30,169,
164,40,4,
164,42,30,
164,42,136,
164,51,77,
164,54,77,
164,61,58,
164,80,143,
164,86,161,
164,102,103,
164,104,75,
164,115,112,
164,116,155,
164,117,51,
164,118,53,
164,122,167,
164,127,70,
164,128,157,
164,134,79,
164,143,82,
164,150,110,
164,173,156,
164,174,9,
165,1,92,
165,3,6,
165,4,81,
165,25,4,
165,26,78,
165,27,10,
165,29,15,
165,33,144,
165,38,111,
165,42,92,
165,51,40,
165,57,162,
165,61,92,
165,64,178,
165,67,107,
165,67,163,
165,73,131,
165,76,101,
165,79,21,
165,86,17,
165,91,7,
165,95,44,
165,103,139,
165,104,62,
165,127,117,
165,135,161,
165,152,56,
165,159,85,
165,173,158,
166,0,46,
166,6,1,
166,7,100,
166,26,126,
166,34,38,
166,34,149,
166,35,105,
166,41,25,
166,52,99,
166,61,161,
166,65,133,
166,68,169,
166,79,153,
166,94,78,
166,100,66,
166,101,94,
166,105,166,
166,109,130,
166,129,32,
166,129,107,
166,131,9,
166,138,0,
166,142,4,
166,142,100,
166,145,58,
166,150,114,
166,157,80,
166,170,167,
167,1,53,
167,3,71,
167,5,94,
167,8,160,
167,15,154,
167,28,30,
167,36,151,
167,46,73,
167,55,145,
167,60,97,
167,62,66,
167,72,91,
167,79,171,
167,81,111,
167,83,125,
167,99,175,
167,104,145,
167,106,15,
167,106,96,
167,108,18,
167,111,29,
167,111,49,
167,111,94,
167,115,31,
167,119,115,
167,121,179,
167,125,78,
167,130,76,
167,145,165,
167,147,70,
167,149,94,
167,149,135,
167,157,103,
167,158,151,
167,166,138,
167,172,76,
167,173,46,
168,1,153,
168,2,55,
168,6,158,
168,11,59,
168,11,95,
168,12,30,
168,17,66,
168,19,24,
168,19,115,
168,29,47,
168,30,163,
168,33,112,
168,34,28,
168,40,75,
168,41,148,
168,44,38,
168,58,96,
168,61,48,
168,64,175,
168,75,166,
168,84,73,
168,85,5,
168,86,176,
168,96,135,
168,101,90,
168,103,45,
168,105,11,
168,116,102,
168,133,127,
168,136,46,
168,137,156,
168,138,102,
168,143,142,
168,145,118,
168,150,100,
168,158,50,
169,4,47,
169,4,170,
169,9,6,
169,16,98,
169,21,36,
169,28,178,
169,41,175,
169,46,40,
169,50,117,
169,56,175,
169,64,77,
169,69,41,
169,73,150,
169,75,90,
169,76,1,
169,79,158,
169,81,165,
169,87,126,
169,90,69,
169,90,144,
169,90,163,
169,90,178,
169,91,128,
169,94,76,
169,100,173,
169,121,131,
169,139,55,
169,140,41,
169,147,0,
169,160,34,
169,162,95,
169,174,106,
169,174,164,
169,175,165,
169,177,145,
170,1,105,
170,3,10,
170,8,34,
170,10,87,
170,29,13,
170,29,163,
170,30,51,
170,32,92,
170,51,29,
170,53,133,
170,55,97,
170,57,64,
170,58,97,
170,67,62,
170,71,159,
170,75,63,
170,75,160,
170,77,137,
170,87,132,
170,93,131,
170,94,72,
170,94,83,
170,96,143,
170,99,108,
170,104,62,
170,108,157,
170,111,74,
170,118,14,
170,118,45,
170,128,34,
170,135,112,
170,148,41,
170,148,63,
170,162,28,
170,165,14,
170,167,23,
170,167,159,
170,169,93,
171,0,106,
171,12,160,
171,21,11,
171,24,77,
171,24,130,
171,25,45,
171,25,82,
171,28,40,
171,36,79,
171,56,146,
171,65,40,
171,65,173,
171,69,4,
171,70,81,
171,71,94,
171,76,17,
171,77,121,
171,80,7,
171,84,125,
171,89,162,
171,94,50,
171,95,90,
171,99,90,
171,99,153,
171,113,133,
171,125,173,
171,131,133,
171,131,154,
171,152,95,
171,159,123,
171,161,83,
171,161,129,
171,170,7,
172,19,38,
172,20,128,
172,26,4,
172,26,163,
172,33,55,
172,33,168,
172,43,11,
172,44,179,
172,48,68,
172,55,4,
172,56,18,
172,57,99,
172,57,134,
172,59,93,
172,65,100,
172,66,64,
172,67,161,
172,69,109,
172,70,171,
172,80,115,
172,84,69,
172,89,45,
172,96,32,
172,98,82,
172,117,9,
172,122,70,
172,123,29,
172,123,30,
172,123,148,
172,131,90,
172,137,92,
172,154,68,
173,2,138,
173,5,11,
173,9,65,
173,10,68,
173,11,18,
173,14,9,
173,21,133,
173,30,120,
173,33,41,
173,37,125,
173,60,115,
173,62,33,
173,73,102,
173,74,63,
173,103,77,
173,114,47,
173,114,152,
173,132,151,
173,135,96,
173,137,161,
173,156,131,
173,159,96,
173,160,82,
173,162,18,
173,176,149,
174,3,61,
174,18,82,
174,20,83,
174,27,25,
174,27,155,
174,58,161,
174,67,67,
174,90,12,
174,91,116,
174,100,167,
174,117,38,
174,118,62,
174,118,73,
174,119,77,
174,125,0,
174,126,172,
174,130,33,
174,132,116,
174,135,79,
174,136,18,
174,147,88,
174,153,31,
174,167,178,
174,178,43,
174,178,105,
175,2,102,
175,10,113,
175,18,41,
175,18,53,
175,21,36,
175,39,125,
175,42,114,
175,47,71,
175,65,63,
175,66,27,
175,70,58,
175,78,37,
175,81,2,
175,83,48,
175,88,163,
175,90,97,
175,90,161,
175,108,114,
175,127,91,
175,138,124,
175,142,4,
175,143,94,
175,144,81,
175,146,107,
175,157,155,
175,161,132,
175,161,138,
175,173,75,
175,175,49,
175,178,121,
176,0,142,
176,11,3,
176,39,97,
176,43,30,
176,44,170,
176,51,7,
176,55,40,
176,56,137,
176,61,57,
176,75,133,
176,85,176,
176,106,39,
176,106,123,
176,114,138,
176,116,128,
176,123,54,
176,124,67,
176,129,86,
176,130,66,
176,132,111,
176,136,58,
176,145,69,
176,154,178,
176,160,60,
176,161,140,
176,162,69,
176,163,167,
176,168,114,
176,169,39,
176,172,85,
176,178,3,
177,0,24,
177,0,81,
177,0,115,
177,5,142,
177,9,175,
177,10,90,
177,16,157,
177,17,115,
177,28,0,
177,29,7,
177,32,109,
177,35,136,
177,42,41,
177,43,123,
177,45,109,
177,54,7,
177,54,109,
177,69,49,
177,76,55,
177,79,25,
177,86,178,
177,102,30,
177,103,40,
177,112,88,
177,121,143,
177,123,24,
177,130,165,
177,133,176,
177,138,18,
177,146,77,
177,156,55,
177,159,95,
177,165,63,
177,166,148,
177,167,118,
177,168,50,
177,169,127,
177,171,86,
177,173,71,
178,6,127,
178,12,35,
178,14,79,
178,19,15,
178,20,177,
178,39,73,
178,40,19,
178,40,96,
178,50,57,
178,53,15,
178,58,2,
178,60,55,
178,60,113,
178,61,179,
178,68,85,
178,68,115,
178,72,72,
178,72,108,
178,73,53,
178,90,28,
178,98,69,
178,116,56,
178,118,5,
178,119,161,
178,122,102,
178,127,167,
178,129,67,
178,141,90,
178,150,161,
178,152,174,
178,158,22,
178,171,125,
178,173,119,
178,174,12,
178,174,14,
178,177,116,
179,8,95,
179,13,145,
179,16,147,
179,18,151,
179,21,74,
179,21,118,
179,22,96,
179,30,133,
179,31,163,
179,38,165,
179,48,80,
179,54,95,
179,59,47,
179,60,169,
179,72,44,
179,82,174,
179,101,22,
179,102,117,
179,125,33,
179,125,115,
179,126,11,
179,132,86,
179,137,61,
179,142,10,
179,146,81,
179,158,170,
179,163,114,
179,167,135,
179,168,139,
179,174,171,
179,178,174,
