0,4,116,
0,5,17,
0,16,19,
0,17,129,
0,21,18,
0,21,92,
0,26,76,
0,28,72,
0,29,105,
0,36,67,
0,38,8,
0,45,175,
0,46,18,
0,53,137,
0,71,37,
0,76,132,
0,80,178,
0,94,159,
0,96,138,
0,98,110,
0,102,78,
0,119,129,
0,121,161,
0,122,80,
0,125,61,
0,133,85,
0,145,3,
0,151,147,
0,154,53,
0,155,169,
0,158,123,
0,161,81,
0,162,0,
0,170,105,
0,179,34,
1,4,12,
1,8,108,
1,23,8,
1,24,42,
1,26,7,
1,26,61,
1,41,124,
1,51,133,
1,65,14,
1,69,42,
1,80,13,
1,83,26,
1,88,37,
1,91,3,
1,93,30,
1,94,175,
1,108,144,
1,109,31,
1,111,120,
1,112,52,
1,118,140,
1,120,107,
1,136,172,
1,137,22,
1,143,18,
1,151,21,
1,151,164,
1,153,72,
1,155,89,
1,155,95,
1,156,131,
1,157,5,
1,159,51,
1,161,124,
1,163,100,
1,169,177,
1,174,70,
1,179,139,
2,4,25,
2,9,60,
2,20,118,
2,27,167,
2,28,123,
2,39,69,
2,61,25,
2,62,129,
2,63,81,
2,66,136,
2,74,62,
2,87,13,
2,96,178,
2,99,77,
2,102,109,
2,106,97,
2,110,87,
2,111,113,
2,119,38,
2,120,52,
2,121,27,
2,136,103,
2,140,22,
2,151,175,
2,156,123,
2,168,119,
2,170,28,
2,171,43,
2,176,136,
3,1,29,
3,2,70,
3,7,32,
3,7,165,
3,17,91,
3,18,108,
3,26,47,
3,44,56,
3,45,178,
3,54,152,
3,70,129,
3,73,122,
3,81,126,
3,82,99,
3,86,58,
3,89,71,
3,95,76,
3,105,55,
3,107,37,
3,108,60,
3,108,98,
3,117,157,
3,120,62,
3,125,46,
3,129,158,
3,135,18,
3,148,177,
3,153,122,
3,158,8,
3,158,135,
3,170,60,
3,175,24,
3,176,121,
4,11,102,
4,23,88,
4,28,157,
4,38,24,
4,48,141,
4,51,164,
4,52,176,
4,57,127,
4,58,87,
4,58,164,
4,67,79,
4,76,85,
4,90,98,
4,105,154,
4,107,161,
4,112,46,
4,113,103,
4,123,127,
4,126,114,
4,136,112,
4,139,153,
4,143,131,
4,151,155,
4,154,21,
4,167,163,
4,168,130,
4,176,25,
4,177,178,
5,3,36,
5,25,49,
5,28,65,
5,28,72,
5,36,115,
5,44,63,
5,44,166,
5,45,149,
5,53,107,
5,56,31,
5,57,8,
5,58,66,
5,60,57,
5,61,1,
5,61,58,
5,76,72,
5,80,142,
5,81,122,
5,81,130,
5,88,90,
5,88,113,
5,95,127,
5,98,29,
5,106,36,
5,106,126,
5,114,112,
5,117,176,
5,120,84,
5,123,114,
5,124,145,
5,125,65,
5,138,9,
5,142,114,
5,149,107,
5,159,159,
5,165,139,
5,167,42,
6,4,83,
6,4,160,
6,7,167,
6,13,9,
6,13,50,
6,13,169,
6,14,95,
6,17,146,
6,40,94,
6,46,79,
6,47,106,
6,48,113,
6,57,161,
6,58,142,
6,76,119,
6,77,62,
6,77,64,
6,78,48,
6,78,83,
6,90,104,
6,91,19,
6,92,12,
6,94,46,
6,98,63,
6,101,40,
6,111,135,
6,112,87,
6,115,159,
6,118,166,
6,133,122,
6,135,125,
6,137,115,
6,145,0,
6,146,111,
6,148,69,
6,157,148,
6,160,168,
6,168,160,
6,172,22,
6,176,123,
6,179,24,
6,179,81,
7,5,41,
7,7,60,
7,8,24,
7,10,165,
7,12,142,
7,15,119,
7,24,159,
7,29,19,
7,40,12,
7,40,107,
7,44,22,
7,48,72,
7,48,134,
7,57,122,
7,59,36,
7,68,176,
7,70,88,
7,77,134,
7,81,156,
7,83,108,
7,84,92,
7,88,112,
7,105,56,
7,114,123,
7,121,104,
7,138,27,
7,140,101,
7,158,164,
7,160,153,
7,162,64,
7,173,166,
7,178,81,
7,178,89,
7,178,112,
8,6,141,
8,9,158,
8,14,161,
8,21,111,
8,22,161,
8,42,112,
8,65,118,
8,70,67,
8,78,163,
8,96,2,
8,101,46,
8,102,76,
8,105,36,
8,106,18,
8,115,29,
8,115,129,
8,115,160,
8,116,117,
8,123,119,
8,127,64,
8,131,96,
8,133,103,
8,136,49,
8,142,20,
8,159,12,
8,163,168,
8,174,143,
9,10,104,
9,13,121,
9,17,57,
9,19,166,
9,23,19,
9,26,34,
9,28,125,
9,29,80,
9,32,73,
9,33,151,
9,39,61,
9,47,32,
9,47,134,
9,52,147,
9,75,143,
9,76,127,
9,79,77,
9,80,152,
9,81,58,
9,87,29,
9,97,63,
9,99,77,
9,106,63,
9,120,71,
9,121,30,
9,134,28,
9,135,107,
9,139,156,
9,140,23,
9,140,77,
9,144,150,
9,150,127,
9,152,6,
9,166,155,
9,168,141,
9,172,175,
10,1,114,
10,5,130,
10,45,24,
10,51,63,
10,57,83,
10,58,7,
10,60,161,
10,69,123,
10,76,39,
10,83,28,
10,84,49,
10,89,53,
10,92,0,
10,92,178,
10,97,43,
10,104,136,
10,110,35,
10,115,56,
10,115,102,
10,117,139,
10,129,67,
10,134,139,
10,137,7,
10,145,0,
10,151,148,
10,164,28,
10,170,177,
10,172,172,
10,178,26,
11,5,140,
11,6,164,
11,11,23,
11,12,59,
11,14,104,
11,14,152,
11,18,95,
11,24,50,
11,25,6,
11,34,61,
11,40,176,
11,44,59,
11,64,27,
11,64,147,
11,70,25,
11,75,57,
11,77,91,
11,79,146,
11,85,19,
11,90,111,
11,93,8,
11,95,143,
11,99,133,
11,102,87,
11,107,118,
11,107,140,
11,113,177,
11,116,73,
11,117,86,
11,118,111,
11,119,107,
11,120,155,
11,122,18,
11,124,66,
11,130,44,
11,133,102,
11,135,119,
11,147,31,
11,151,0,
11,156,38,
11,159,26,
11,162,52,
11,163,88,
11,165,35,
11,168,57,
11,168,160,
11,172,129,
11,175,150,
11,177,128,
12,9,104,
12,12,23,
12,13,37,
12,18,80,
12,19,120,
12,31,179,
12,34,171,
12,37,123,
12,46,113,
12,48,80,
12,53,33,
12,63,27,
12,63,141,
12,66,32,
12,68,56,
12,70,23,
12,88,135,
12,89,170,
12,90,77,
12,91,12,
12,92,100,
12,93,73,
12,94,47,
12,102,88,
12,108,148,
12,108,149,
12,118,78,
12,119,49,
12,119,81,
12,121,151,
12,125,126,
12,129,174,
12,133,163,
12,146,179,
12,149,145,
12,154,69,
12,158,86,
12,158,112,
12,164,51,
12,165,169,
12,170,170,
13,3,69,
13,7,72,
13,9,13,
13,15,154,
13,27,131,
13,28,114,
13,37,49,
13,40,95,
13,44,140,
13,48,42,
13,59,96,
13,87,153,
13,88,61,
13,93,17,
13,95,130,
13,100,166,
13,104,56,
13,105,143,
13,108,19,
13,118,138,
13,119,114,
13,123,57,
13,124,160,
13,127,80,
13,131,116,
13,140,38,
13,141,152,
13,155,174,
13,156,179,
13,163,39,
13,164,148,
13,171,49,
13,174,96,
14,15,174,
14,19,83,
14,38,53,
14,38,128,
14,44,151,
14,53,143,
14,61,154,
14,63,85,
14,65,106,
14,66,146,
14,67,169,
14,83,5,
14,86,47,
14,87,83,
14,96,65,
14,97,112,
14,115,156,
14,118,15,
14,120,1,
14,125,17,
14,130,1,
14,136,23,
14,160,159,
14,161,140,
14,162,9,
14,163,117,
14,172,113,
14,178,19,
15,4,51,
15,11,90,
15,12,33,
15,15,117,
15,18,35,
15,21,170,
15,28,158,
15,28,176,
15,36,51,
15,47,179,
15,54,15,
15,54,69,
15,56,55,
15,61,9,
15,62,73,
15,70,25,
15,71,171,
15,73,19,
15,75,55,
15,75,140,
15,83,32,
15,102,168,
15,109,54,
15,114,19,
15,116,140,
15,117,8,
15,117,176,
15,122,17,
15,124,51,
15,133,134,
15,149,69,
15,150,89,
15,151,119,
15,151,171,
15,163,52,
15,166,87,
15,172,50,
16,4,44,
16,8,155,
16,16,143,
16,24,65,
16,24,134,
16,25,60,
16,52,126,
16,57,57,
16,57,72,
16,71,150,
16,76,2,
16,76,44,
16,79,94,
16,85,36,
16,97,10,
16,103,59,
16,107,143,
16,110,148,
16,113,113,
16,119,117,
16,120,38,
16,127,32,
16,141,152,
16,146,15,
16,148,22,
16,151,33,
16,153,121,
16,158,132,
16,160,22,
16,160,150,
16,160,155,
16,163,21,
16,163,107,
16,167,23,
16,169,73,
16,170,174,
16,171,100,
17,0,122,
17,14,95,
17,17,59,
17,21,53,
17,24,85,
17,29,176,
17,31,82,
17,42,156,
17,43,96,
17,52,73,
17,53,56,
17,56,33,
17,61,86,
17,79,137,
17,80,167,
17,83,163,
17,89,21,
17,93,176,
17,97,149,
17,105,110,
17,109,156,
17,110,138,
17,116,69,
17,126,87,
17,138,165,
17,141,19,
17,152,55,
17,162,126,
17,164,24,
17,168,7,
18,12,166,
18,13,21,
18,23,11,
18,28,145,
18,36,98,
18,60,1,
18,69,38,
18,70,35,
18,77,129,
18,87,110,
18,87,137,
18,91,126,
18,92,161,
18,113,2,
18,115,51,
18,120,105,
18,120,115,
18,131,82,
18,152,145,
18,176,86,
18,176,135,
18,178,51,
19,21,17,
19,28,130,
19,31,132,
19,32,20,
19,40,44,
19,40,53,
19,53,80,
19,55,160,
19,61,41,
19,64,30,
19,82,2,
19,83,31,
19,108,42,
19,118,16,
19,123,137,
19,132,75,
19,138,176,
19,140,92,
19,140,145,
19,152,164,
19,165,45,
19,177,104,
20,4,71,
20,6,23,
20,10,25,
20,12,141,
20,26,142,
20,29,104,
20,33,80,
20,41,6,
20,42,124,
20,63,28,
20,68,91,
20,75,56,
20,80,85,
20,82,156,
20,95,116,
20,109,101,
20,117,108,
20,127,58,
20,127,137,
20,152,92,
20,165,8,
20,168,20,
20,175,116,
20,178,86,
20,179,65,
21,0,33,
21,8,50,
21,12,58,
21,22,150,
21,24,62,
21,26,135,
21,29,67,
21,32,30,
21,34,134,
21,38,160,
21,55,19,
21,58,18,
21,62,121,
21,91,77,
21,97,49,
21,98,47,
21,124,32,
21,128,70,
21,131,8,
21,133,81,
21,134,115,
21,143,94,
21,153,75,
21,155,33,
21,155,155,
21,164,99,
21,167,30,
21,171,63,
21,176,40,
21,176,61,
22,2,10,
22,2,174,
22,8,138,
22,17,148,
22,20,4,
22,20,122,
22,30,166,
22,32,81,
22,49,127,
22,52,166,
22,65,170,
22,71,59,
22,75,143,
22,79,62,
22,83,51,
22,92,44,
22,94,128,
22,112,44,
22,117,26,
22,121,40,
22,126,79,
22,128,126,
22,147,139,
22,158,51,
22,179,28,
23,12,67,
23,12,126,
23,20,76,
23,24,95,
23,32,43,
23,33,52,
23,35,177,
23,38,84,
23,50,3,
23,55,138,
23,56,119,
23,59,21,
23,69,57,
23,74,51,
23,75,86,
23,80,113,
23,87,102,
23,88,10,
23,92,73,
23,93,101,
23,95,11,
23,103,39,
23,103,70,
23,111,78,
23,115,67,
23,121,38,
23,127,102,
23,127,127,
23,130,155,
23,135,139,
23,146,168,
23,148,18,
23,148,33,
23,148,54,
23,148,73,
23,153,165,
23,154,10,
23,162,135,
23,173,158,
23,176,120,
24,0,15,
24,11,40,
24,19,137,
24,26,132,
24,38,58,
24,44,1,
24,44,111,
24,53,63,
24,56,2,
24,72,150,
24,81,86,
24,84,125,
24,89,124,
24,101,81,
24,123,4,
24,132,136,
24,139,1,
24,143,17,
24,148,120,
24,150,44,
24,154,151,
24,160,68,
24,167,27,
24,173,19,
24,174,170,
24,178,72,
25,0,109,
25,2,131,
25,4,42,
25,6,22,
25,9,6,
25,19,45,
25,26,178,
25,28,37,
25,36,84,
25,45,85,
25,54,84,
25,58,157,
25,61,67,
25,63,176,
25,67,14,
25,74,120,
25,77,100,
25,78,71,
25,87,74,
25,89,35,
25,97,166,
25,102,14,
25,107,61,
25,129,33,
25,129,178,
25,137,49,
25,145,89,
25,146,28,
25,151,24,
25,153,165,
25,154,175,
25,155,98,
25,155,123,
25,159,19,
25,159,159,
25,160,23,
25,172,68,
25,172,171,
26,3,164,
26,8,63,
26,15,38,
26,16,35,
26,16,97,
26,24,25,
26,25,50,
26,28,69,
26,34,36,
26,38,25,
26,41,17,
26,44,88,
26,44,120,
26,45,12,
26,54,49,
26,58,21,
26,59,104,
26,62,77,
26,69,5,
26,72,59,
26,75,0,
26,76,3,
26,78,102,
26,79,94,
26,85,40,
26,86,131,
26,89,133,
26,95,81,
26,96,110,
26,105,112,
26,117,68,
26,123,29,
26,125,108,
26,135,107,
26,146,42,
26,153,113,
26,168,29,
26,168,132,
26,169,30,
26,176,175,
27,0,34,
27,9,172,
27,13,101,
27,21,176,
27,32,118,
27,38,160,
27,42,167,
27,49,145,
27,52,111,
27,53,32,
27,55,12,
27,60,139,
27,63,164,
27,65,130,
27,70,64,
27,74,27,
27,77,156,
27,82,41,
27,83,80,
27,83,123,
27,85,42,
27,86,20,
27,88,122,
27,89,84,
27,90,113,
27,91,85,
27,107,39,
27,110,77,
27,112,30,
27,121,100,
27,123,108,
27,131,165,
27,136,16,
27,140,58,
27,144,171,
27,145,39,
27,151,24,
28,9,112,
28,26,104,
28,35,106,
28,38,135,
28,42,118,
28,43,133,
28,44,138,
28,52,165,
28,55,4,
28,60,177,
28,63,74,
28,65,151,
28,82,46,
28,94,59,
28,94,147,
28,95,67,
28,96,123,
28,100,121,
28,102,104,
28,115,63,
28,133,168,
28,141,102,
28,145,93,
28,154,129,
28,162,152,
28,168,14,
28,173,85,
29,2,48,
29,5,103,
29,7,76,
29,14,83,
29,15,178,
29,17,163,
29,26,2,
29,31,5,
29,31,39,
29,39,9,
29,39,104,
29,40,31,
29,43,155,
29,56,157,
29,59,143,
29,62,22,
29,66,132,
29,78,170,
29,84,2,
29,85,4,
29,90,125,
29,94,38,
29,96,50,
29,103,63,
29,105,63,
29,110,67,
29,112,123,
29,118,72,
29,120,102,
29,120,166,
29,122,67,
29,145,55,
29,150,166,
29,160,153,
30,11,80,
30,18,31,
30,19,36,
30,25,122,
30,36,90,
30,41,166,
30,42,110,
30,44,172,
30,49,141,
30,52,11,
30,56,18,
30,58,6,
30,78,49,
30,102,52,
30,103,123,
30,104,56,
30,109,159,
30,114,39,
30,119,160,
30,120,10,
30,123,96,
30,126,73,
30,127,68,
30,132,56,
30,136,149,
30,137,168,
30,144,166,
30,147,29,
30,154,11,
30,167,172,
30,172,92,
31,4,138,
31,6,57,
31,21,148,
31,29,107,
31,30,34,
31,31,168,
31,35,62,
31,37,147,
31,40,103,
31,48,33,
31,53,90,
31,54,131,
31,59,134,
31,67,125,
31,70,9,
31,71,94,
31,72,10,
31,75,177,
31,83,64,
31,90,115,
31,95,108,
31,104,171,
31,105,142,
31,109,78,
31,110,98,
31,126,121,
31,137,47,
31,137,118,
31,148,134,
31,149,127,
31,152,83,
31,155,119,
31,157,1,
31,166,177,
31,168,83,
31,174,70,
31,174,94,
31,175,36,
31,175,86,
32,1,173,
32,5,30,
32,7,14,
32,17,1,
32,36,22,
32,43,50,
32,44,79,
32,45,8,
32,50,110,
32,58,66,
32,59,175,
32,72,3,
32,72,30,
32,78,33,
32,84,9,
32,101,87,
32,108,35,
32,111,94,
32,113,75,
32,120,118,
32,127,59,
32,132,131,
32,136,37,
32,150,138,
32,164,120,
32,166,108,
32,179,122,
33,2,122,
33,4,137,
33,13,57,
33,20,135,
33,23,179,
33,24,27,
33,24,61,
33,25,130,
33,31,136,
33,40,176,
33,47,48,
33,50,57,
33,54,20,
33,54,157,
33,60,141,
33,65,33,
33,70,37,
33,71,85,
33,81,165,
33,83,4,
33,84,124,
33,90,29,
33,97,145,
33,102,20,
33,105,46,
33,109,12,
33,117,100,
33,120,178,
33,122,131,
33,138,31,
33,148,106,
33,161,35,
33,169,12,
33,169,86,
33,171,59,
33,174,67,
34,1,95,
34,12,114,
34,14,70,
34,23,41,
34,26,104,
34,30,110,
34,36,116,
34,39,99,
34,42,48,
34,52,176,
34,61,54,
34,63,98,
34,65,155,
34,71,102,
34,74,124,
34,75,41,
34,78,72,
34,80,41,
34,80,114,
34,81,28,
34,81,141,
34,97,115,
34,98,62,
34,99,27,
34,101,163,
34,105,42,
34,111,88,
34,130,82,
34,132,104,
34,135,21,
34,139,97,
34,143,142,
34,144,25,
34,152,8,
34,156,135,
34,161,126,
34,163,58,
34,167,85,
35,0,4,
35,1,168,
35,5,97,
35,11,165,
35,16,93,
35,28,172,
35,31,142,
35,41,79,
35,42,103,
35,48,173,
35,58,76,
35,61,122,
35,61,133,
35,62,61,
35,62,72,
35,63,10,
35,67,156,
35,68,63,
35,76,25,
35,84,140,
35,91,179,
35,93,109,
35,96,161,
35,103,53,
35,116,113,
35,117,93,
35,125,12,
35,133,174,
35,138,29,
35,153,114,
35,157,132,
35,162,67,
35,167,27,
35,174,120,
36,6,44,
36,12,45,
36,23,137,
36,24,86,
36,34,64,
36,47,157,
36,50,22,
36,50,100,
36,53,97,
36,59,137,
36,60,46,
36,61,163,
36,65,6,
36,68,22,
36,73,36,
36,73,163,
36,74,5,
36,76,161,
36,80,142,
36,85,51,
36,89,110,
36,93,16,
36,95,83,
36,102,10,
36,112,157,
36,123,102,
36,136,4,
36,139,54,
36,139,75,
36,144,39,
36,145,161,
36,151,173,
36,155,29,
36,160,42,
36,166,67,
36,166,162,
36,178,168,
37,2,70,
37,20,59,
37,23,6,
37,23,41,
37,31,34,
37,31,171,
37,37,88,
37,47,33,
37,47,130,
37,52,29,
37,54,105,
37,55,32,
37,62,11,
37,69,28,
37,71,100,
37,73,38,
37,82,29,
37,88,163,
37,102,149,
37,104,92,
37,114,134,
37,117,53,
37,117,101,
37,118,173,
37,129,34,
37,129,76,
37,129,153,
37,130,87,
37,130,89,
37,133,177,
37,136,28,
37,139,60,
37,156,169,
37,159,76,
37,160,140,
37,162,87,
37,171,43,
37,175,124,
37,176,142,
37,177,175,
37,178,10,
38,18,74,
38,20,93,
38,29,131,
38,34,129,
38,35,161,
38,46,56,
38,53,15,
38,53,124,
38,63,50,
38,64,94,
38,74,47,
38,78,17,
38,83,141,
38,86,88,
38,94,145,
38,95,129,
38,98,11,
38,99,88,
38,99,127,
38,109,144,
38,120,62,
38,125,82,
38,130,101,
38,134,79,
38,142,24,
38,143,63,
38,144,106,
38,150,12,
38,150,88,
38,159,91,
38,170,29,
38,174,2,
38,177,121,
38,178,98,
39,5,145,
39,8,116,
39,8,168,
39,8,179,
39,10,153,
39,10,157,
39,16,21,
39,28,21,
39,36,19,
39,37,19,
39,42,54,
39,45,108,
39,52,93,
39,57,19,
39,62,42,
39,67,58,
39,68,91,
39,69,113,
39,71,7,
39,78,43,
39,78,110,
39,79,100,
39,80,87,
39,96,143,
39,108,121,
39,112,34,
39,115,143,
39,121,67,
39,125,82,
39,126,67,
39,131,66,
39,132,98,
39,135,119,
39,144,165,
39,153,84,
39,153,174,
39,161,17,
39,161,27,
39,167,49,
39,168,114,
39,169,33,
39,170,88,
39,173,118,
39,173,174,
39,175,166,
40,2,97,
40,8,127,
40,9,25,
40,15,71,
40,29,78,
40,31,65,
40,47,137,
40,55,9,
40,58,169,
40,68,17,
40,69,29,
40,71,22,
40,78,93,
40,78,141,
40,78,175,
40,79,175,
40,86,27,
40,89,127,
40,94,159,
40,105,11,
40,108,54,
40,117,45,
40,124,178,
40,133,105,
40,139,74,
40,143,62,
40,143,66,
40,149,74,
40,159,177,
40,161,149,
40,163,17,
40,164,125,
40,168,151,
40,169,40,
40,172,36,
40,175,3,
40,177,5,
40,178,167,
41,2,21,
41,12,111,
41,14,114,
41,20,130,
41,21,6,
41,22,97,
41,33,53,
41,34,47,
41,37,30,
41,46,130,
41,59,132,
41,66,141,
41,70,139,
41,70,143,
41,71,130,
41,83,158,
41,91,164,
41,95,125,
41,98,32,
41,99,169,
41,100,90,
41,114,13,
41,114,105,
41,127,97,
41,127,165,
41,131,101,
41,133,35,
41,140,17,
41,144,8,
41,149,53,
41,159,168,
42,1,44,
42,2,103,
42,3,66,
42,27,105,
42,28,140,
42,29,60,
42,41,122,
42,42,59,
42,49,32,
42,49,153,
42,49,156,
42,52,97,
42,53,67,
42,56,53,
42,60,139,
42,61,178,
42,66,10,
42,67,45,
42,69,2,
42,69,163,
42,70,146,
42,73,131,
42,75,87,
42,78,158,
42,81,99,
42,87,51,
42,89,97,
42,98,178,
42,100,36,
42,100,57,
42,111,60,
42,117,114,
42,117,139,
42,118,30,
42,122,50,
42,125,101,
42,126,148,
42,133,134,
42,135,174,
42,148,105,
42,151,81,
42,154,149,
42,156,125,
42,158,117,
42,162,126,
42,163,116,
42,165,158,
42,167,74,
42,168,179,
42,171,137,
42,173,156,
42,175,45,
42,175,84,
43,11,120,
43,28,157,
43,31,117,
43,33,179,
43,47,105,
43,51,28,
43,56,44,
43,65,140,
43,72,35,
43,72,134,
43,78,83,
43,89,116,
43,108,101,
43,123,149,
43,125,72,
43,130,168,
43,133,8,
43,134,36,
43,135,38,
43,140,174,
43,148,32,
43,154,159,
43,157,149,
43,157,169,
43,162,125,
43,163,168,
43,168,43,
43,168,45,
43,170,27,
43,175,74,
44,4,133,
44,9,8,
44,25,78,
44,25,172,
44,31,22,
44,38,57,
44,44,161,
44,46,53,
44,56,165,
44,57,32,
44,58,109,
44,59,76,
44,65,46,
44,67,126,
44,70,3,
44,73,149,
44,74,158,
44,80,24,
44,80,155,
44,81,49,
44,90,61,
44,107,140,
44,108,21,
44,110,49,
44,114,119,
44,118,169,
44,119,53,
44,124,49,
44,128,99,
44,131,37,
44,152,137,
44,153,126,
44,160,131,
44,166,89,
44,166,136,
44,171,110,
44,173,62,
45,8,110,
45,9,48,
45,14,100,
45,15,33,
45,24,47,
45,27,50,
45,31,21,
45,31,68,
45,33,56,
45,34,62,
45,49,64,
45,61,81,
45,67,144,
45,70,9,
45,70,63,
45,75,29,
45,75,154,
45,77,132,
45,84,49,
45,84,156,
45,86,1,
45,86,64,
45,86,79,
45,104,135,
45,115,166,
45,122,114,
45,124,60,
45,128,111,
45,128,122,
45,142,100,
45,153,74,
45,155,49,
45,155,178,
45,156,169,
45,178,37,
46,1,165,
46,18,107,
46,19,18,
46,41,152,
46,52,22,
46,62,42,
46,63,24,
46,65,60,
46,70,134,
46,73,116,
46,73,121,
46,73,170,
46,92,5,
46,92,10,
46,94,157,
46,108,156,
46,109,163,
46,111,66,
46,112,144,
46,119,4,
46,120,153,
46,121,148,
46,125,169,
46,134,34,
46,142,9,
46,148,122,
46,148,129,
46,149,27,
46,152,139,
46,175,16,
46,178,175,
47,0,100,
47,11,59,
47,16,141,
47,30,147,
47,40,64,
47,54,145,
47,55,147,
47,57,135,
47,58,111,
47,60,76,
47,62,100,
47,62,163,
47,66,9,
47,67,21,
47,82,91,
47,83,140,
47,93,41,
47,93,84,
47,96,101,
47,98,40,
47,99,134,
47,108,152,
47,109,129,
47,109,147,
47,109,176,
47,121,50,
47,135,31,
47,140,38,
47,141,32,
47,146,94,
47,148,68,
47,162,64,
48,6,43,
48,10,73,
48,19,145,
48,25,96,
48,25,150,
48,27,16,
48,28,83,
48,38,116,
48,40,109,
48,42,57,
48,47,53,
48,58,47,
48,64,88,
48,69,143,
48,74,79,
48,80,89,
48,84,32,
48,87,167,
48,92,18,
48,106,158,
48,110,66,
48,110,148,
48,112,150,
48,115,91,
48,123,32,
48,125,82,
48,133,24,
48,137,30,
48,146,111,
48,157,90,
48,162,59,
48,163,102,
48,168,128,
48,179,48,
49,1,60,
49,4,155,
49,11,9,
49,15,78,
49,16,127,
49,20,174,
49,23,154,
49,41,143,
49,47,118,
49,48,40,
49,52,7,
49,56,114,
49,59,24,
49,59,100,
49,60,58,
49,61,172,
49,81,41,
49,86,89,
49,91,158,
49,101,67,
49,101,139,
49,102,63,
49,104,157,
49,106,79,
49,117,110,
49,118,0,
49,136,47,
49,136,72,
49,137,164,
49,142,12,
49,142,32,
49,149,23,
49,151,120,
49,168,133,
49,176,169,
49,178,101,
49,178,110,
49,179,146,
50,0,60,
50,8,178,
50,23,86,
50,25,33,
50,36,166,
50,42,45,
50,51,174,
50,81,4,
50,86,61,
50,100,6,
50,102,49,
50,108,59,
50,112,98,
50,114,137,
50,123,147,
50,126,135,
50,132,168,
50,133,128,
50,138,138,
50,139,87,
50,143,108,
50,145,153,
50,149,166,
50,152,155,
50,156,157,
50,166,34,
50,167,175,
50,175,122,
50,177,78,
51,8,68,
51,9,82,
51,15,99,
51,24,53,
51,25,149,
51,28,43,
51,31,36,
51,33,18,
51,38,47,
51,40,8,
51,51,19,
51,54,41,
51,55,135,
51,58,49,
51,67,114,
51,78,88,
51,90,82,
51,103,27,
51,120,89,
51,120,101,
51,121,172,
51,126,115,
51,127,74,
51,130,8,
51,134,79,
51,135,114,
51,141,128,
51,142,95,
51,145,67,
51,155,90,
51,157,36,
51,164,97,
51,165,20,
51,165,68,
51,172,45,
51,172,47,
51,176,123,
52,4,16,
52,12,43,
52,14,174,
52,21,106,
52,24,20,
52,24,175,
52,29,69,
52,31,51,
52,41,103,
52,55,157,
52,56,37,
52,66,162,
52,67,121,
52,68,166,
52,70,105,
52,72,169,
52,76,172,
52,81,174,
52,83,94,
52,86,7,
52,94,3,
52,103,107,
52,108,142,
52,110,167,
52,113,140,
52,120,13,
52,127,67,
52,133,108,
52,145,137,
52,146,150,
52,147,122,
52,152,87,
52,162,104,
52,167,50,
52,170,23,
53,1,68,
53,14,130,
53,15,177,
53,19,113,
53,39,89,
53,40,60,
53,50,176,
53,55,143,
53,56,36,
53,63,73,
53,86,134,
53,91,62,
53,107,103,
53,112,102,
53,112,110,
53,126,115,
53,126,118,
53,133,163,
53,135,22,
53,142,168,
53,149,23,
53,150,97,
53,155,157,
53,159,14,
53,164,15,
53,165,52,
53,172,153,
54,4,78,
54,9,9,
54,15,44,
54,16,11,
54,19,78,
54,27,64,
54,34,86,
54,38,79,
54,82,19,
54,90,48,
54,95,170,
54,100,83,
54,104,112,
54,108,77,
54,113,105,
54,114,9,
54,116,56,
54,118,155,
54,119,83,
54,121,142,
54,123,178,
54,125,119,
54,132,82,
54,136,14,
54,137,36,
54,146,158,
54,149,5,
54,149,165,
54,154,173,
54,157,116,
54,175,85,
54,177,149,
54,178,61,
55,1,133,
55,7,109,
55,11,70,
55,25,112,
55,26,38,
55,26,101,
55,29,148,
55,36,140,
55,41,35,
55,41,69,
55,42,162,
55,45,135,
55,47,20,
55,57,150,
55,59,100,
55,64,102,
55,68,179,
55,72,48,
55,73,172,
55,78,17,
55,89,104,
55,90,110,
55,91,86,
55,93,91,
55,93,116,
55,99,2,
55,106,66,
55,106,70,
55,113,33,
55,115,114,
55,120,92,
55,124,33,
55,127,31,
55,132,97,
55,145,60,
55,146,64,
55,146,95,
55,159,19,
55,160,102,
55,163,172,
55,166,78,
55,171,125,
55,174,65,
56,14,35,
56,22,20,
56,36,58,
56,38,51,
56,41,64,
56,44,4,
56,44,56,
56,49,138,
56,73,11,
56,81,152,
56,83,94,
56,86,63,
56,93,29,
56,98,9,
56,105,158,
56,107,63,
56,108,81,
56,118,155,
56,134,68,
56,141,9,
56,144,111,
56,148,85,
56,149,154,
56,151,35,
56,152,125,
56,154,92,
56,157,179,
56,160,24,
56,168,170,
56,169,157,
56,173,77,
56,173,132,
56,174,151,
56,175,135,
57,5,44,
57,14,135,
57,14,138,
57,17,130,
57,23,87,
57,35,25,
57,43,68,
57,44,144,
57,46,112,
57,53,24,
57,55,89,
57,56,135,
57,58,8,
57,64,11,
57,66,100,
57,79,92,
57,82,109,
57,84,114,
57,85,169,
57,96,118,
57,110,169,
57,114,143,
57,115,33,
57,123,63,
57,128,11,
57,131,53,
57,134,4,
57,136,143,
57,141,30,
57,143,115,
57,144,145,
57,149,84,
57,151,37,
57,159,35,
57,164,13,
57,168,64,
57,176,34,
58,2,95,
58,3,94,
58,3,94,
58,20,24,
58,21,19,
58,23,151,
58,45,51,
58,58,82,
58,58,136,
58,59,114,
58,67,151,
58,69,82,
58,79,30,
58,89,78,
58,91,115,
58,94,109,
58,109,30,
58,121,143,
58,146,32,
58,163,159,
58,166,146,
58,170,116,
58,170,155,
58,171,113,
59,2,86,
59,5,48,
59,11,33,
59,14,165,
59,19,43,
59,21,18,
59,21,143,
59,22,94,
59,25,171,
59,34,153,
59,40,98,
59,40,117,
59,41,15,
59,42,71,
59,43,122,
59,43,150,
59,44,86,
59,49,113,
59,53,39,
59,59,155,
59,60,167,
59,73,50,
59,83,19,
59,83,119,
59,85,102,
59,85,160,
59,104,38,
59,108,119,
59,113,31,
59,113,83,
59,114,78,
59,117,56,
59,121,10,
59,126,131,
59,131,154,
59,146,78,
59,153,98,
59,155,144,
59,164,77,
59,165,6,
59,166,61,
59,169,4,
59,173,110,
59,179,55,
60,7,101,
60,10,32,
60,19,162,
60,31,126,
60,33,2,
60,44,101,
60,46,33,
60,49,138,
60,67,129,
60,75,176,
60,77,78,
60,80,23,
60,85,148,
60,85,169,
60,89,18,
60,89,162,
60,90,50,
60,91,179,
60,100,2,
60,101,96,
60,104,32,
60,108,160,
60,108,169,
60,109,117,
60,113,140,
60,126,32,
60,131,83,
60,140,44,
60,155,12,
60,165,79,
60,166,122,
60,167,104,
60,169,85,
61,1,64,
61,2,60,
61,5,95,
61,7,33,
61,16,62,
61,16,71,
61,17,129,
61,18,53,
61,29,141,
61,32,148,
61,35,125,
61,58,127,
61,68,177,
61,85,97,
61,87,92,
61,98,158,
61,101,112,
61,104,96,
61,112,47,
61,116,43,
61,120,5,
61,120,114,
61,124,115,
61,136,179,
61,139,35,
61,141,55,
61,142,155,
61,151,156,
61,152,45,
61,153,5,
61,153,81,
61,158,99,
61,161,27,
61,164,69,
61,165,164,
61,177,26,
62,3,81,
62,9,178,
62,16,171,
62,22,31,
62,27,148,
62,29,1,
62,30,133,
62,41,156,
62,43,142,
62,65,87,
62,73,125,
62,80,28,
62,92,78,
62,95,91,
62,107,56,
62,116,16,
62,117,147,
62,124,80,
62,134,55,
62,137,120,
62,140,153,
62,141,169,
62,149,111,
62,162,172,
62,179,149,
63,1,10,
63,1,93,
63,8,120,
63,9,91,
63,27,173,
63,31,69,
63,35,131,
63,37,45,
63,38,103,
63,40,83,
63,40,128,
63,43,95,
63,45,71,
63,47,40,
63,54,41,
63,54,41,
63,60,114,
63,70,40,
63,77,169,
63,85,116,
63,99,48,
63,103,99,
63,107,168,
63,112,9,
63,116,12,
63,118,82,
63,120,8,
63,123,119,
63,137,136,
63,138,146,
63,139,73,
63,148,146,
63,150,122,
63,156,123,
63,157,23,
63,157,132,
64,10,77,
64,14,130,
64,20,159,
64,27,45,
64,28,140,
64,38,54,
64,51,103,
64,58,98,
64,61,62,
64,67,10,
64,68,174,
64,70,82,
64,86,169,
64,94,118,
64,95,98,
64,99,118,
64,102,152,
64,106,77,
64,111,62,
64,112,137,
64,113,88,
64,118,43,
64,124,60,
64,125,54,
64,129,1,
64,133,68,
64,134,31,
64,134,127,
64,146,16,
64,154,126,
64,158,40,
64,159,174,
64,165,79,
64,168,72,
65,1,20,
65,5,112,
65,7,26,
65,26,118,
65,32,25,
65,35,50,
65,40,131,
65,56,99,
65,59,4,
65,61,145,
65,70,135,
65,72,42,
65,77,94,
65,79,74,
65,84,8,
65,84,89,
65,85,135,
65,92,158,
65,97,74,
65,98,129,
65,126,144,
65,131,74,
65,138,40,
65,138,168,
65,142,6,
65,150,15,
65,155,37,
66,3,7,
66,8,81,
66,13,68,
66,14,44,
66,24,155,
66,38,175,
66,39,160,
66,45,34,
66,53,19,
66,53,24,
66,55,6,
66,55,91,
66,55,130,
66,59,171,
66,59,178,
66,60,142,
66,67,104,
66,82,56,
66,100,140,
66,108,131,
66,119,170,
66,125,151,
66,155,71,
66,161,16,
66,175,94,
66,178,18,
66,178,97,
67,0,132,
67,5,109,
67,7,2,
67,9,51,
67,26,148,
67,36,143,
67,47,136,
67,48,109,
67,49,34,
67,49,146,
67,54,54,
67,56,71,
67,60,62,
67,67,155,
67,74,43,
67,97,52,
67,102,47,
67,102,150,
67,106,65,
67,107,144,
67,108,152,
67,112,28,
67,126,30,
67,126,53,
67,140,126,
67,148,55,
67,151,156,
67,154,156,
67,157,99,
67,162,43,
67,168,5,
68,11,149,
68,31,141,
68,40,71,
68,42,70,
68,42,110,
68,44,116,
68,45,155,
68,57,114,
68,57,130,
68,61,155,
68,66,41,
68,74,30,
68,77,47,
68,82,129,
68,84,100,
68,87,134,
68,88,18,
68,88,38,
68,93,178,
68,97,15,
68,122,47,
68,129,157,
68,143,112,
68,144,125,
68,155,146,
68,160,162,
68,161,1,
68,162,38,
68,163,53,
68,167,78,
68,171,101,
68,176,147,
69,4,172,
69,10,108,
69,10,112,
69,12,140,
69,17,58,
69,22,119,
69,23,17,
69,33,63,
69,33,80,
69,38,85,
69,40,119,
69,41,45,
69,51,127,
69,56,5,
69,60,157,
69,65,22,
69,68,101,
69,94,43,
69,95,113,
69,98,145,
69,101,4,
69,103,29,
69,105,51,
69,105,131,
69,108,55,
69,109,45,
69,110,8,
69,111,79,
69,117,44,
69,118,157,
69,124,64,
69,127,3,
69,136,84,
69,138,40,
69,143,43,
69,152,75,
69,153,128,
69,166,77,
69,177,113,
69,179,12,
70,3,63,
70,5,131,
70,12,45,
70,15,43,
70,17,169,
70,27,153,
70,39,104,
70,42,133,
70,45,50,
70,47,60,
70,62,52,
70,68,29,
70,68,42,
70,69,74,
70,71,49,
70,75,145,
70,76,99,
70,79,66,
70,80,165,
70,81,65,
70,100,94,
70,105,60,
70,111,174,
70,129,131,
70,135,121,
70,150,145,
70,156,99,
70,160,125,
70,169,130,
71,2,165,
71,8,72,
71,15,138,
71,24,46,
71,27,98,
71,29,171,
71,30,130,
71,31,173,
71,36,91,
71,38,9,
71,38,80,
71,40,39,
71,41,70,
71,43,50,
71,52,52,
71,56,174,
71,57,38,
71,61,78,
71,81,120,
71,93,117,
71,96,45,
71,96,70,
71,97,143,
71,101,165,
71,120,63,
71,120,101,
71,121,50,
71,121,100,
71,121,122,
71,129,56,
71,130,77,
71,135,170,
71,142,32,
71,148,149,
71,151,0,
71,152,109,
71,157,139,
71,160,23,
72,0,99,
72,0,171,
72,3,109,
72,6,89,
72,7,16,
72,14,168,
72,30,124,
72,39,176,
72,45,21,
72,45,23,
72,50,23,
72,52,46,
72,58,111,
72,70,108,
72,74,74,
72,78,29,
72,78,32,
72,83,143,
72,83,151,
72,85,150,
72,89,103,
72,94,44,
72,100,50,
72,132,40,
72,135,110,
72,140,17,
72,142,133,
72,154,155,
72,157,179,
72,159,9,
72,159,144,
72,165,63,
72,169,100,
72,174,90,
72,175,124,
72,178,160,
73,3,139,
73,8,32,
73,9,22,
73,16,139,
73,17,89,
73,18,5,
73,18,24,
73,21,3,
73,29,166,
73,30,167,
73,38,158,
73,44,125,
73,48,125,
73,56,129,
73,59,80,
73,60,114,
73,61,27,
73,69,1,
73,87,0,
73,90,148,
73,90,164,
73,91,72,
73,97,49,
73,98,83,
73,103,97,
73,110,11,
73,114,108,
73,120,131,
73,122,87,
73,123,98,
73,126,126,
73,130,155,
73,134,151,
73,139,159,
73,147,4,
73,153,175,
73,158,5,
73,158,8,
73,162,99,
73,162,127,
73,168,43,
73,169,111,
74,1,78,
74,4,152,
74,5,12,
74,15,87,
74,21,138,
74,22,62,
74,35,112,
74,37,3,
74,39,94,
74,40,113,
74,42,86,
74,45,133,
74,46,120,
74,55,24,
74,68,155,
74,86,51,
74,88,21,
74,91,35,
74,91,118,
74,97,93,
74,109,136,
74,116,173,
74,118,121,
74,119,100,
74,123,177,
74,128,157,
74,130,175,
74,138,47,
74,148,139,
74,152,34,
74,160,15,
74,163,157,
74,167,153,
74,172,163,
74,173,112,
74,175,15,
75,0,70,
75,1,109,
75,10,77,
75,14,53,
75,17,51,
75,26,33,
75,29,148,
75,41,133,
75,44,46,
75,49,120,
75,55,80,
75,64,17,
75,67,98,
75,70,92,
75,74,117,
75,97,114,
75,103,117,
75,113,16,
75,113,140,
75,120,120,
75,134,79,
75,136,32,
75,141,163,
75,142,132,
75,149,67,
75,150,109,
75,154,171,
75,163,17,
75,169,176,
75,174,8,
76,3,132,
76,6,82,
76,13,110,
76,26,147,
76,28,156,
76,51,147,
76,52,151,
76,56,83,
76,64,46,
76,75,38,
76,85,142,
76,86,64,
76,87,79,
76,89,39,
76,89,106,
76,99,2,
76,102,106,
76,103,105,
76,111,175,
76,113,175,
76,117,56,
76,127,125,
76,149,140,
76,152,75,
76,155,114,
76,174,35,
76,176,143,
77,2,18,
77,2,142,
77,10,118,
77,10,179,
77,26,164,
77,29,45,
77,31,160,
77,35,91,
77,42,170,
77,55,62,
77,56,64,
77,57,115,
77,61,127,
77,88,87,
77,91,69,
77,93,99,
77,94,137,
77,95,6,
77,100,55,
77,102,17,
77,106,66,
77,112,37,
77,113,36,
77,114,119,
77,116,78,
77,118,140,
77,125,91,
77,147,14,
77,158,24,
77,170,23,
77,170,103,
77,178,41,
78,9,80,
78,14,165,
78,17,38,
78,18,26,
78,22,175,
78,23,27,
78,23,79,
78,29,101,
78,36,26,
78,45,96,
78,47,93,
78,48,117,
78,50,18,
78,63,133,
78,65,122,
78,84,19,
78,84,98,
78,89,89,
78,99,171,
78,104,54,
78,104,58,
78,104,160,
78,107,14,
78,108,139,
78,129,26,
78,137,119,
78,141,2,
78,143,139,
78,147,20,
78,157,111,
78,158,13,
78,168,48,
78,168,147,
78,171,1,
78,171,100,
78,174,91,
79,3,118,
79,24,169,
79,25,5,
79,43,2,
79,49,46,
79,49,124,
79,52,96,
79,62,33,
79,64,142,
79,66,99,
79,68,133,
79,69,118,
79,85,172,
79,87,38,
79,91,132,
79,104,89,
79,104,153,
79,112,103,
79,112,167,
79,113,75,
79,116,118,
79,132,133,
79,134,106,
79,134,166,
79,137,102,
79,137,168,
79,144,106,
79,146,120,
79,147,16,
79,151,18,
79,155,1,
79,161,16,
79,163,172,
79,164,78,
79,164,119,
79,164,167,
79,166,90,
79,167,59,
79,170,34,
80,1,128,
80,4,171,
80,5,31,
80,35,5,
80,38,21,
80,41,63,
80,43,104,
80,56,173,
80,59,51,
80,60,6,
80,64,99,
80,77,145,
80,78,127,
80,83,63,
80,86,150,
80,91,20,
80,96,39,
80,98,129,
80,106,128,
80,108,3,
80,118,9,
80,121,135,
80,124,10,
80,124,85,
80,125,20,
80,150,119,
80,160,148,
80,164,142,
80,165,156,
80,166,77,
80,167,82,
80,171,167,
80,171,170,
81,10,115,
81,18,141,
81,23,164,
81,26,135,
81,31,118,
81,32,103,
81,36,26,
81,36,83,
81,38,113,
81,43,75,
81,54,15,
81,61,73,
81,65,166,
81,70,20,
81,75,5,
81,107,4,
81,114,88,
81,125,30,
81,125,137,
81,145,36,
81,151,25,
81,170,103,
81,171,93,
82,1,54,
82,1,66,
82,7,104,
82,9,12,
82,12,6,
82,13,40,
82,39,109,
82,45,51,
82,53,69,
82,72,143,
82,84,10,
82,97,13,
82,99,17,
82,102,121,
82,115,166,
82,120,175,
82,131,26,
82,137,96,
82,138,129,
82,141,130,
82,142,119,
82,147,29,
82,149,39,
82,160,27,
82,161,61,
82,164,119,
82,165,107,
82,166,163,
82,169,48,
83,1,19,
83,5,1,
83,8,85,
83,10,177,
83,12,77,
83,13,56,
83,20,7,
83,22,123,
83,32,69,
83,33,47,
83,33,73,
83,37,95,
83,37,164,
83,41,22,
83,44,14,
83,45,110,
83,59,87,
83,69,150,
83,73,1,
83,73,170,
83,75,44,
83,80,99,
83,89,131,
83,90,114,
83,102,22,
83,103,26,
83,109,64,
83,112,138,
83,114,144,
83,120,175,
83,125,169,
83,138,175,
83,147,66,
83,151,120,
83,152,96,
83,156,151,
83,167,50,
83,172,116,
84,5,37,
84,26,166,
84,28,137,
84,29,88,
84,34,170,
84,43,161,
84,44,33,
84,48,136,
84,49,113,
84,54,45,
84,64,119,
84,68,13,
84,69,28,
84,73,9,
84,75,73,
84,82,7,
84,83,143,
84,89,39,
84,94,104,
84,95,85,
84,102,7,
84,112,115,
84,117,54,
84,118,142,
84,121,57,
84,130,100,
84,132,39,
84,136,141,
84,146,121,
84,154,65,
84,160,59,
84,160,91,
84,164,141,
84,174,93,
84,175,41,
85,5,115,
85,16,41,
85,20,42,
85,22,118,
85,28,168,
85,29,105,
85,31,15,
85,38,127,
85,54,1,
85,58,59,
85,59,59,
85,68,95,
85,75,170,
85,76,167,
85,91,97,
85,93,88,
85,109,122,
85,133,56,
85,135,48,
85,143,121,
85,149,137,
85,156,71,
85,156,87,
85,161,171,
85,171,154,
85,172,129,
85,173,127,
85,178,111,
86,1,148,
86,6,20,
86,6,159,
86,12,76,
86,19,176,
86,26,150,
86,26,173,
86,42,154,
86,43,54,
86,43,54,
86,46,89,
86,47,6,
86,48,156,
86,49,148,
86,59,45,
86,66,82,
86,66,160,
86,72,91,
86,74,108,
86,76,25,
86,77,130,
86,86,79,
86,87,70,
86,92,140,
86,118,46,
86,129,127,
86,136,73,
86,140,9,
86,155,61,
86,156,156,
86,163,22,
86,176,140,
86,177,119,
87,5,94,
87,12,11,
87,13,84,
87,23,179,
87,37,141,
87,53,127,
87,54,133,
87,67,71,
87,69,78,
87,70,17,
87,77,83,
87,81,82,
87,82,53,
87,85,127,
87,88,135,
87,92,28,
87,92,108,
87,93,83,
87,97,102,
87,101,120,
87,102,5,
87,106,7,
87,109,30,
87,123,164,
87,125,29,
87,129,16,
87,130,87,
87,140,174,
87,148,28,
87,150,95,
87,150,104,
87,154,156,
87,161,64,
87,163,108,
87,165,124,
87,168,114,
87,175,133,
88,5,170,
88,13,114,
88,21,113,
88,22,177,
88,23,18,
88,44,134,
88,44,146,
88,49,160,
88,57,114,
88,57,169,
88,58,69,
88,86,40,
88,87,74,
88,87,170,
88,101,77,
88,103,106,
88,105,61,
88,107,55,
88,108,20,
88,116,24,
88,116,50,
88,116,122,
88,119,56,
88,120,9,
88,135,151,
88,138,160,
88,151,14,
88,157,74,
88,162,37,
88,165,7,
88,177,96,
89,9,63,
89,9,138,
89,12,28,
89,13,51,
89,14,12,
89,14,37,
89,31,159,
89,33,27,
89,38,13,
89,44,106,
89,62,103,
89,64,50,
89,68,39,
89,76,45,
89,87,109,
89,116,130,
89,124,3,
89,125,107,
89,128,166,
89,131,34,
89,140,76,
89,158,74,
89,177,93,
89,178,37,
90,10,39,
90,12,35,
90,13,39,
90,16,54,
90,18,63,
90,26,100,
90,30,179,
90,47,42,
90,57,106,
90,67,80,
90,76,48,
90,80,12,
90,83,143,
90,99,86,
90,103,172,
90,116,47,
90,128,136,
90,131,49,
90,133,138,
90,137,167,
90,145,43,
90,146,40,
90,148,27,
90,149,2,
90,151,15,
90,156,58,
90,158,173,
91,0,132,
91,0,172,
91,1,13,
91,8,82,
91,12,11,
91,32,27,
91,32,37,
91,33,177,
91,48,105,
91,62,135,
91,67,30,
91,79,6,
91,80,86,
91,93,81,
91,118,79,
91,123,37,
91,138,111,
91,140,66,
91,145,176,
91,148,38,
91,167,31,
91,168,139,
91,169,79,
91,175,41,
91,177,46,
92,4,159,
92,7,60,
92,20,142,
92,23,45,
92,23,122,
92,28,108,
92,42,169,
92,61,151,
92,67,72,
92,71,23,
92,75,135,
92,82,120,
92,96,10,
92,96,138,
92,100,150,
92,110,103,
92,114,85,
92,115,24,
92,124,139,
92,124,153,
92,139,46,
92,144,2,
92,153,106,
92,173,175,
92,177,160,
92,179,18,
93,5,52,
93,19,50,
93,23,158,
93,24,26,
93,27,172,
93,29,96,
93,31,168,
93,35,87,
93,40,168,
93,53,79,
93,55,166,
93,56,175,
93,57,170,
93,66,32,
93,66,171,
93,68,50,
93,69,56,
93,79,175,
93,91,18,
93,93,78,
93,101,136,
93,104,96,
93,117,64,
93,119,48,
93,124,135,
93,126,9,
93,132,20,
93,132,142,
93,134,136,
93,135,5,
93,137,125,
93,145,50,
93,146,160,
93,149,139,
93,169,163,
93,170,140,
93,171,32,
93,172,151,
93,175,144,
93,179,73,
94,1,141,
94,1,163,
94,12,118,
94,29,66,
94,34,130,
94,39,119,
94,51,53,
94,51,112,
94,51,118,
94,52,143,
94,58,68,
94,59,63,
94,64,90,
94,66,6,
94,66,107,
94,83,35,
94,83,89,
94,87,71,
94,92,127,
94,95,30,
94,110,129,
94,116,28,
94,118,35,
94,125,121,
94,137,57,
94,143,81,
94,146,11,
94,150,62,
94,159,139,
94,164,124,
94,166,179,
95,3,29,
95,4,33,
95,10,116,
95,13,115,
95,26,75,
95,27,47,
95,31,19,
95,56,96,
95,60,58,
95,66,106,
95,66,115,
95,69,179,
95,75,79,
95,75,119,
95,78,126,
95,83,72,
95,85,35,
95,88,10,
95,89,170,
95,90,145,
95,102,62,
95,102,179,
95,115,157,
95,118,177,
95,130,29,
95,140,38,
95,149,133,
95,163,36,
95,163,58,
95,164,173,
95,167,103,
95,178,3,
95,179,115,
96,3,58,
96,12,146,
96,21,24,
96,24,15,
96,30,134,
96,35,54,
96,36,88,
96,60,154,
96,61,3,
96,62,35,
96,66,43,
96,77,18,
96,77,99,
96,77,144,
96,83,94,
96,103,77,
96,121,103,
96,128,156,
96,137,178,
96,139,135,
96,140,35,
96,140,154,
96,143,105,
96,145,133,
96,146,122,
96,162,85,
96,171,109,
97,8,4,
97,17,42,
97,37,89,
97,38,123,
97,41,124,
97,60,65,
97,68,173,
97,71,3,
97,71,157,
97,74,14,
97,84,21,
97,90,31,
97,91,100,
97,102,14,
97,102,23,
97,108,71,
97,111,103,
97,115,179,
97,120,61,
97,125,84,
97,148,11,
97,160,40,
97,162,137,
97,165,151,
97,171,72,
97,179,167,
98,3,154,
98,4,35,
98,7,52,
98,11,9,
98,28,36,
98,31,167,
98,35,10,
98,39,83,
98,49,76,
98,50,27,
98,58,74,
98,58,161,
98,60,16,
98,61,65,
98,67,8,
98,68,96,
98,78,171,
98,83,128,
98,86,62,
98,91,142,
98,106,65,
98,123,5,
98,128,144,
98,134,152,
98,136,179,
98,140,4,
98,141,24,
98,143,65,
98,155,66,
98,158,88,
98,158,122,
98,161,175,
98,166,4,
98,166,83,
98,171,92,
98,174,5,
98,174,131,
99,12,127,
99,14,29,
99,17,44,
99,39,21,
99,39,178,
99,40,140,
99,42,105,
99,43,133,
99,55,179,
99,72,170,
99,72,170,
99,78,70,
99,88,38,
99,93,141,
99,101,177,
99,115,19,
99,118,2,
99,120,29,
99,126,178,
99,127,60,
99,127,174,
99,133,120,
99,141,75,
99,144,65,
99,151,38,
99,153,155,
99,157,54,
99,157,158,
99,159,35,
99,166,14,
100,1,23,
100,12,24,
100,14,161,
100,15,74,
100,19,95,
100,20,128,
100,25,176,
100,47,149,
100,67,159,
100,78,132,
100,79,136,
100,84,120,
100,90,167,
100,96,68,
100,98,166,
100,100,58,
100,103,12,
100,107,156,
100,109,142,
100,117,170,
100,118,117,
100,129,122,
100,141,34,
100,143,80,
100,165,70,
100,166,85,
100,169,112,
100,175,7,
100,179,130,
101,4,29,
101,7,169,
101,24,136,
101,33,121,
101,40,45,
101,41,6,
101,53,44,
101,63,164,
101,64,156,
101,71,13,
101,76,59,
101,90,178,
101,94,15,
101,98,167,
101,103,19,
101,103,147,
101,106,52,
101,108,130,
101,120,4,
101,120,112,
101,120,122,
101,121,72,
101,122,127,
101,126,116,
101,128,130,
101,133,119,
101,144,131,
101,148,99,
101,149,29,
101,153,170,
101,162,107,
101,163,14,
101,164,37,
101,173,17,
101,178,133,
101,179,161,
102,5,61,
102,11,67,
102,13,64,
102,19,93,
102,25,179,
102,32,76,
102,39,136,
102,46,73,
102,53,110,
102,62,66,
102,63,109,
102,63,149,
102,68,19,
102,72,150,
102,73,48,
102,76,75,
102,86,120,
102,87,157,
102,89,97,
102,91,139,
102,108,44,
102,108,89,
102,115,19,
102,118,144,
102,122,120,
102,128,4,
102,134,132,
102,149,57,
102,161,48,
102,164,20,
102,167,114,
102,168,49,
102,173,116,
102,178,147,
103,1,96,
103,7,24,
103,8,2,
103,8,136,
103,9,95,
103,18,75,
103,22,105,
103,29,57,
103,30,146,
103,32,118,
103,46,173,
103,49,44,
103,50,42,
103,56,103,
103,56,167,
103,72,177,
103,89,144,
103,96,114,
103,98,99,
103,105,34,
103,107,150,
103,115,50,
103,118,18,
103,118,69,
103,122,19,
103,123,165,
103,138,47,
103,139,31,
103,147,110,
103,152,23,
103,157,10,
103,157,48,
103,172,20,
103,179,6,
104,5,32,
104,19,113,
104,20,145,
104,31,53,
104,31,137,
104,32,36,
104,50,160,
104,54,153,
104,57,69,
104,60,111,
104,64,107,
104,72,27,
104,74,38,
104,76,133,
104,85,44,
104,102,6,
104,104,134,
104,106,7,
104,111,119,
104,112,115,
104,115,75,
104,117,159,
104,118,111,
104,138,58,
104,142,104,
104,157,39,
104,159,78,
104,160,55,
105,3,61,
105,3,172,
105,19,137,
105,27,108,
105,37,133,
105,51,171,
105,54,136,
105,56,144,
105,71,12,
105,72,159,
105,74,8,
105,78,10,
105,78,71,
105,79,174,
105,80,55,
105,83,173,
105,84,125,
105,89,93,
105,93,31,
105,103,115,
105,122,0,
105,131,19,
105,131,159,
105,137,81,
105,142,24,
105,142,159,
105,146,97,
105,158,161,
105,165,160,
105,171,147,
105,172,149,
105,173,115,
105,175,122,
105,176,41,
106,7,128,
106,7,159,
106,13,179,
106,16,154,
106,20,12,
106,28,61,
106,50,28,
106,52,176,
106,56,73,
106,65,162,
106,68,10,
106,76,82,
106,90,135,
106,93,159,
106,98,2,
106,100,165,
106,103,162,
106,115,165,
106,119,96,
106,136,128,
106,141,28,
106,150,42,
106,166,108,
106,173,74,
106,174,68,
106,176,121,
106,179,47,
107,1,127,
107,2,100,
107,13,101,
107,16,46,
107,18,156,
107,20,98,
107,23,59,
107,28,102,
107,40,70,
107,41,137,
107,42,112,
107,48,18,
107,51,112,
107,52,152,
107,53,3,
107,72,91,
107,80,169,
107,88,179,
107,95,130,
107,103,115,
107,104,106,
107,106,37,
107,107,110,
107,107,160,
107,114,82,
107,116,71,
107,118,71,
107,125,123,
107,128,176,
107,134,54,
107,139,42,
107,158,69,
107,159,110,
107,167,68,
107,169,48,
107,172,47,
107,176,141,
108,5,55,
108,9,58,
108,16,39,
108,23,132,
108,27,156,
108,44,138,
108,45,131,
108,48,163,
108,50,23,
108,54,27,
108,58,82,
108,64,85,
108,69,129,
108,72,31,
108,73,173,
108,76,159,
108,77,138,
108,78,16,
108,79,16,
108,80,69,
108,86,49,
108,90,162,
108,95,112,
108,97,59,
108,97,162,
108,99,80,
108,123,178,
108,129,46,
108,129,132,
108,142,1,
108,143,27,
108,164,5,
108,169,74,
108,172,153,
109,9,153,
109,25,27,
109,32,75,
109,42,39,
109,45,3,
109,46,104,
109,47,81,
109,52,112,
109,56,5,
109,60,154,
109,65,22,
109,91,99,
109,95,105,
109,95,177,
109,96,54,
109,106,174,
109,108,136,
109,121,25,
109,122,78,
109,126,5,
109,135,81,
109,138,141,
109,143,27,
109,154,75,
109,154,149,
109,159,29,
109,162,42,
109,163,151,
109,165,145,
109,166,26,
109,167,51,
109,172,169,
109,175,107,
110,0,50,
110,1,61,
110,7,6,
110,13,53,
110,15,166,
110,24,10,
110,27,45,
110,27,67,
110,34,126,
110,37,166,
110,40,44,
110,43,58,
110,44,73,
110,44,96,
110,44,111,
110,53,71,
110,60,60,
110,69,103,
110,76,99,
110,77,155,
110,79,165,
110,81,97,
110,81,167,
110,83,57,
110,83,90,
110,91,165,
110,92,52,
110,97,100,
110,97,164,
110,102,124,
110,103,75,
110,136,22,
110,138,108,
110,139,127,
110,140,22,
110,140,95,
110,170,122,
110,171,119,
110,172,49,
110,177,94,
111,9,11,
111,9,137,
111,9,179,
111,10,73,
111,18,148,
111,29,115,
111,35,22,
111,35,30,
111,54,154,
111,65,81,
111,73,111,
111,76,102,
111,85,25,
111,90,112,
111,96,149,
111,104,119,
111,107,163,
111,109,107,
111,119,161,
111,124,106,
111,146,56,
111,151,127,
111,152,35,
111,152,157,
111,160,141,
111,167,142,
111,170,33,
111,170,123,
111,173,18,
111,174,86,
111,174,124,
111,175,120,
112,10,152,
112,28,31,
112,28,83,
112,30,60,
112,44,153,
112,53,170,
112,60,162,
112,69,100,
112,70,118,
112,80,36,
112,83,17,
112,86,13,
112,88,25,
112,89,7,
112,90,145,
112,91,36,
112,92,21,
112,93,105,
112,103,85,
112,130,51,
112,137,121,
112,140,85,
112,140,100,
112,142,58,
112,148,33,
112,149,120,
112,152,37,
112,163,6,
112,165,142,
112,166,111,
112,168,75,
112,170,101,
112,174,5,
113,1,3,
113,1,117,
113,6,157,
113,10,113,
113,23,73,
113,24,36,
113,25,158,
113,26,56,
113,26,141,
113,28,123,
113,55,147,
113,62,9,
113,64,107,
113,66,78,
113,68,106,
113,70,107,
113,76,159,
113,101,30,
113,108,33,
113,131,18,
113,133,161,
113,140,51,
113,148,74,
113,151,59,
113,152,5,
113,155,64,
113,162,63,
114,0,140,
114,2,70,
114,4,84,
114,5,23,
114,8,158,
114,19,103,
114,20,169,
114,22,44,
114,25,44,
114,29,86,
114,31,24,
114,31,119,
114,31,169,
114,39,59,
114,45,31,
114,45,178,
114,48,36,
114,59,19,
114,63,55,
114,74,41,
114,81,0,
114,83,4,
114,84,160,
114,86,145,
114,92,0,
114,98,1,
114,99,151,
114,101,30,
114,106,79,
114,107,99,
114,111,106,
114,114,22,
114,121,172,
114,122,152,
114,123,25,
114,124,0,
114,133,155,
114,137,164,
114,141,143,
114,147,86,
114,150,23,
114,176,121,
115,3,125,
115,4,91,
115,8,73,
115,22,63,
115,32,97,
115,35,105,
115,38,12,
115,46,77,
115,52,75,
115,72,24,
115,77,155,
115,83,176,
115,97,90,
115,103,132,
115,113,119,
115,120,152,
115,122,13,
115,122,24,
115,122,175,
115,132,36,
115,140,75,
115,149,104,
115,149,126,
115,159,160,
115,160,132,
115,161,137,
115,162,93,
115,165,57,
115,168,126,
115,171,10,
115,172,8,
115,176,56,
116,13,34,
116,13,136,
116,16,134,
116,20,104,
116,28,17,
116,29,76,
116,34,34,
116,38,60,
116,41,151,
116,44,14,
116,54,8,
116,70,26,
116,73,130,
116,86,131,
116,90,163,
116,91,82,
116,99,61,
116,101,37,
116,110,30,
116,112,5,
116,113,61,
116,118,77,
116,122,34,
116,123,30,
116,127,59,
116,131,146,
116,132,77,
116,133,29,
116,143,177,
116,147,145,
116,148,148,
116,150,8,
116,158,128,
116,160,6,
116,161,62,
116,166,79,
116,167,94,
116,176,119,
117,2,11,
117,4,15,
117,4,49,
117,4,69,
117,8,147,
117,19,115,
117,45,126,
117,46,92,
117,48,157,
117,52,97,
117,58,150,
117,73,35,
117,74,97,
117,75,107,
117,75,145,
117,88,0,
117,90,171,
117,91,111,
117,98,81,
117,100,111,
117,114,63,
117,115,163,
117,117,144,
117,122,167,
117,128,88,
117,134,166,
117,137,64,
117,137,159,
117,145,81,
117,146,21,
117,153,7,
117,153,80,
117,154,102,
117,155,129,
117,173,16,
117,174,121,
118,3,177,
118,12,142,
118,20,148,
118,31,166,
118,40,66,
118,45,19,
118,45,143,
118,48,17,
118,54,95,
118,55,18,
118,60,40,
118,63,44,
118,76,66,
118,76,171,
118,80,159,
118,84,65,
118,86,62,
118,92,172,
118,98,92,
118,103,80,
118,111,94,
118,124,119,
118,130,58,
118,132,169,
118,134,147,
118,141,175,
118,142,108,
118,148,71,
118,151,57,
118,158,127,
118,172,63,
119,0,40,
119,3,147,
119,10,58,
119,21,64,
119,24,14,
119,28,34,
119,38,40,
119,39,113,
119,44,67,
119,47,66,
119,48,175,
119,50,154,
119,51,155,
119,53,79,
119,62,142,
119,64,6,
119,65,119,
119,65,156,
119,69,70,
119,69,118,
119,72,35,
119,85,177,
119,90,142,
119,92,91,
119,95,116,
119,117,12,
119,122,35,
119,123,137,
119,135,139,
119,145,149,
119,167,78,
119,172,42,
119,173,4,
119,179,53,
119,179,56,
120,20,25,
120,24,29,
120,24,44,
120,27,175,
120,39,127,
120,41,108,
120,52,138,
120,53,110,
120,55,32,
120,63,54,
120,65,93,
120,67,78,
120,89,119,
120,90,67,
120,90,178,
120,104,12,
120,107,65,
120,114,173,
120,137,1,
120,143,83,
120,144,70,
120,145,33,
120,156,173,
120,162,49,
120,162,77,
120,166,117,
120,171,179,
120,173,91,
120,173,126,
120,173,132,
120,174,11,
121,7,117,
121,10,38,
121,15,173,
121,18,62,
121,21,140,
121,28,98,
121,32,23,
121,35,69,
121,41,170,
121,43,115,
121,44,14,
121,44,21,
121,44,71,
121,44,118,
121,44,174,
121,55,17,
121,58,157,
121,62,111,
121,63,17,
121,64,146,
121,71,157,
121,75,154,
121,77,52,
121,80,158,
121,85,36,
121,86,130,
121,88,63,
121,90,164,
121,91,49,
121,95,93,
121,97,130,
121,99,166,
121,107,124,
121,110,159,
121,123,37,
121,124,83,
121,127,63,
121,129,106,
121,137,127,
121,139,137,
121,150,52,
121,154,63,
121,163,84,
121,163,165,
121,166,15,
121,170,77,
121,179,72,
122,1,94,
122,1,156,
122,2,1,
122,3,107,
122,3,127,
122,9,29,
122,10,22,
122,10,129,
122,13,24,
122,19,143,
122,25,80,
122,27,7,
122,28,19,
122,40,95,
122,44,120,
122,52,95,
122,61,74,
122,70,0,
122,71,54,
122,72,38,
122,78,166,
122,80,5,
122,82,99,
122,89,94,
122,102,0,
122,106,89,
122,108,89,
122,108,108,
122,126,23,
122,136,22,
122,140,7,
122,154,79,
122,160,141,
122,162,149,
122,168,150,
122,175,150,
122,178,114,
122,179,128,
123,12,75,
123,17,28,
123,24,133,
123,39,177,
123,42,174,
123,43,115,
123,49,14,
123,51,78,
123,55,6,
123,56,145,
123,59,95,
123,66,48,
123,74,66,
123,74,100,
123,75,86,
123,84,127,
123,92,82,
123,94,51,
123,99,16,
123,102,120,
123,114,73,
123,124,129,
123,125,118,
123,135,170,
123,136,11,
123,137,73,
123,139,160,
123,144,127,
123,147,65,
123,152,178,
123,153,53,
123,154,177,
123,157,92,
123,157,106,
123,176,136,
124,5,138,
124,20,23,
124,21,0,
124,28,93,
124,31,88,
124,64,143,
124,81,118,
124,87,19,
124,103,170,
124,110,148,
124,111,164,
124,119,98,
124,141,30,
124,147,67,
124,147,170,
124,153,95,
124,157,39,
124,168,175,
124,174,36,
124,179,118,
125,3,46,
125,8,158,
125,9,112,
125,16,97,
125,21,24,
125,27,68,
125,35,145,
125,36,137,
125,42,34,
125,50,170,
125,62,10,
125,63,162,
125,64,42,
125,72,86,
125,80,20,
125,82,162,
125,89,115,
125,91,41,
125,94,159,
125,96,166,
125,97,172,
125,102,148,
125,104,174,
125,107,115,
125,108,15,
125,110,55,
125,110,129,
125,112,146,
125,117,169,
125,118,18,
125,137,5,
125,140,70,
125,155,43,
125,161,131,
125,165,136,
125,169,13,
125,169,107,
125,171,97,
125,173,68,
125,173,88,
126,17,157,
126,23,165,
126,36,142,
126,44,4,
126,47,141,
126,61,22,
126,75,123,
126,77,82,
126,84,103,
126,84,169,
126,91,161,
126,92,145,
126,99,36,
126,105,34,
126,119,0,
126,120,145,
126,127,6,
126,130,64,
126,132,14,
126,132,133,
126,141,161,
126,162,11,
126,174,105,
126,178,29,
126,178,125,
127,14,36,
127,25,85,
127,28,135,
127,32,121,
127,34,100,
127,36,97,
127,49,28,
127,62,166,
127,70,159,
127,89,48,
127,90,86,
127,105,5,
127,133,12,
127,134,17,
127,144,107,
127,145,155,
127,167,118,
127,168,136,
127,173,95,
128,27,53,
128,30,92,
128,31,125,
128,43,76,
128,43,152,
128,48,115,
128,62,29,
128,69,172,
128,75,84,
128,81,140,
128,83,9,
128,86,12,
128,87,166,
128,98,63,
128,112,105,
128,115,27,
128,119,36,
128,124,120,
128,154,142,
128,161,13,
128,166,139,
128,167,121,
128,169,19,
129,3,77,
129,9,134,
129,10,93,
129,12,68,
129,16,161,
129,17,35,
129,32,56,
129,34,146,
129,40,6,
129,44,87,
129,51,32,
129,60,9,
129,60,41,
129,64,80,
129,65,39,
129,65,123,
129,67,145,
129,83,99,
129,85,27,
129,91,45,
129,98,15,
129,103,157,
129,125,10,
129,128,161,
129,135,158,
129,154,64,
129,155,48,
129,155,120,
129,166,5,
129,166,80,
129,166,89,
129,170,73,
130,2,4,
130,3,148,
130,23,35,
130,25,41,
130,34,26,
130,36,110,
130,36,149,
130,37,58,
130,51,115,
130,53,161,
130,62,53,
130,63,88,
130,65,58,
130,80,114,
130,84,120,
130,92,173,
130,113,19,
130,116,94,
130,126,86,
130,132,64,
130,132,82,
130,137,175,
130,148,17,
130,151,81,
130,153,84,
130,170,33,
130,179,49,
131,3,72,
131,4,14,
131,10,13,
131,14,2,
131,15,1,
131,20,4,
131,29,100,
131,35,133,
131,43,57,
131,46,69,
131,60,155,
131,62,15,
131,64,14,
131,73,164,
131,77,104,
131,83,41,
131,85,167,
131,90,51,
131,93,78,
131,93,138,
131,100,152,
131,104,11,
131,124,152,
131,125,100,
131,136,91,
131,145,127,
131,146,46,
131,175,140,
131,179,100,
132,10,108,
132,16,72,
132,22,173,
132,25,138,
132,27,129,
132,28,27,
132,30,84,
132,31,33,
132,43,62,
132,44,147,
132,57,46,
132,58,79,
132,60,163,
132,65,47,
132,71,110,
132,75,92,
132,82,61,
132,86,82,
132,88,102,
132,89,79,
132,93,144,
132,96,87,
132,104,63,
132,105,60,
132,115,35,
132,117,7,
132,118,176,
132,125,43,
132,125,148,
132,126,117,
132,127,92,
132,132,97,
132,140,158,
132,140,160,
132,144,149,
132,149,131,
132,153,70,
132,155,134,
132,157,22,
132,172,51,
133,12,87,
133,35,175,
133,36,90,
133,52,111,
133,52,166,
133,79,178,
133,85,78,
133,92,10,
133,92,178,
133,94,92,
133,100,127,
133,102,109,
133,113,51,
133,116,99,
133,119,62,
133,128,35,
133,138,138,
133,139,147,
133,147,81,
133,164,30,
133,166,119,
133,169,36,
133,176,46,
134,6,154,
134,9,45,
134,13,97,
134,16,178,
134,17,3,
134,18,25,
134,22,115,
134,24,51,
134,32,179,
134,42,122,
134,49,143,
134,66,13,
134,72,0,
134,73,83,
134,81,64,
134,82,161,
134,86,53,
134,87,58,
134,94,96,
134,96,97,
134,98,179,
134,106,69,
134,106,109,
134,108,108,
134,111,55,
134,120,178,
134,121,121,
134,147,27,
134,153,149,
134,162,163,
134,174,161,
135,7,179,
135,9,71,
135,12,75,
135,19,99,
135,24,13,
135,25,153,
135,35,114,
135,35,150,
135,50,151,
135,51,56,
135,51,121,
135,54,96,
135,60,153,
135,62,103,
135,64,62,
135,71,25,
135,71,77,
135,74,46,
135,79,37,
135,81,79,
135,89,109,
135,103,50,
135,107,86,
135,115,154,
135,133,159,
135,144,46,
135,153,20,
135,154,129,
135,162,170,
135,164,12,
135,168,145,
135,171,136,
135,175,3,
135,176,28,
135,177,88,
136,20,176,
136,23,93,
136,26,93,
136,27,3,
136,36,169,
136,36,171,
136,40,86,
136,42,121,
136,58,14,
136,60,28,
136,62,132,
136,68,62,
136,80,39,
136,82,179,
136,84,28,
136,93,93,
136,93,123,
136,111,153,
136,112,96,
136,122,100,
136,134,77,
136,139,173,
136,141,133,
136,145,12,
136,146,133,
136,149,33,
136,154,124,
136,155,1,
136,165,74,
136,169,61,
136,172,86,
136,173,58,
137,14,47,
137,18,79,
137,23,19,
137,25,116,
137,27,62,
137,31,147,
137,43,105,
137,46,65,
137,58,171,
137,60,110,
137,61,147,
137,72,47,
137,78,133,
137,92,68,
137,97,152,
137,97,177,
137,98,24,
137,110,177,
137,115,96,
137,116,109,
137,118,94,
137,119,128,
137,133,96,
137,136,119,
137,140,3,
137,177,149,
137,178,90,
137,179,159,
138,1,81,
138,4,178,
138,18,40,
138,18,69,
138,19,30,
138,28,67,
138,30,14,
138,34,97,
138,38,156,
138,39,157,
138,44,45,
138,48,157,
138,52,19,
138,53,159,
138,57,95,
138,63,90,
138,65,154,
138,75,111,
138,78,128,
138,85,127,
138,96,36,
138,107,76,
138,109,97,
138,112,31,
138,117,52,
138,132,25,
138,142,35,
138,146,18,
138,147,43,
138,155,151,
138,159,59,
138,164,92,
138,168,66,
138,175,25,
138,179,75,
139,23,156,
139,41,110,
139,42,166,
139,43,168,
139,68,37,
139,68,112,
139,93,115,
139,101,134,
139,108,45,
139,110,156,
139,120,153,
139,125,75,
139,129,10,
139,133,64,
139,133,159,
139,155,51,
139,157,7,
139,164,61,
139,173,68,
139,175,66,
139,176,146,
139,177,53,
140,1,15,
140,1,142,
140,5,57,
140,11,126,
140,15,106,
140,17,65,
140,27,87,
140,30,55,
140,51,80,
140,51,97,
140,52,39,
140,55,158,
140,60,74,
140,76,35,
140,84,128,
140,86,150,
140,88,25,
140,90,39,
140,92,138,
140,97,41,
140,102,140,
140,106,52,
140,108,159,
140,118,63,
140,123,66,
140,125,3,
140,125,90,
140,138,131,
140,146,106,
140,148,100,
140,149,119,
140,155,84,
140,160,152,
140,165,173,
140,177,8,
141,7,16,
141,7,40,
141,24,159,
141,30,103,
141,42,67,
141,78,82,
141,85,67,
141,86,49,
141,90,54,
141,92,92,
141,95,130,
141,95,138,
141,97,10,
141,106,48,
141,110,163,
141,116,160,
141,122,74,
141,127,93,
141,138,91,
141,139,72,
141,143,174,
141,159,24,
141,161,159,
141,163,108,
141,164,9,
141,176,98,
142,1,63,
142,5,8,
142,16,68,
142,32,108,
142,38,167,
142,39,162,
142,44,59,
142,51,28,
142,51,155,
142,54,3,
142,56,131,
142,58,100,
142,63,141,
142,64,80,
142,70,137,
142,72,83,
142,75,42,
142,88,145,
142,100,153,
142,106,179,
142,107,177,
142,115,144,
142,124,151,
142,126,109,
142,138,1,
142,150,35,
142,154,139,
142,159,179,
142,161,155,
142,175,71,
143,3,165,
143,7,145,
143,11,34,
143,12,128,
143,13,95,
143,24,70,
143,24,164,
143,61,161,
143,66,61,
143,76,15,
143,82,102,
143,88,108,
143,95,74,
143,95,96,
143,124,127,
143,125,12,
143,133,21,
143,133,130,
143,143,126,
143,146,29,
143,148,89,
143,151,81,
143,164,92,
143,174,80,
143,175,5,
144,2,156,
144,3,64,
144,6,105,
144,7,118,
144,15,147,
144,16,118,
144,37,114,
144,47,146,
144,51,26,
144,67,146,
144,78,28,
144,79,83,
144,79,96,
144,85,151,
144,96,123,
144,113,94,
144,116,29,
144,128,114,
144,134,49,
144,140,43,
144,142,26,
144,146,174,
144,152,41,
144,159,44,
144,161,170,
144,165,43,
144,171,158,
145,5,168,
145,13,54,
145,26,48,
145,34,157,
145,40,114,
145,41,133,
145,43,150,
145,44,51,
145,48,125,
145,57,116,
145,59,108,
145,59,141,
145,63,152,
145,70,1,
145,76,151,
145,85,136,
145,87,86,
145,87,86,
145,98,76,
145,105,77,
145,111,11,
145,120,173,
145,121,1,
145,141,64,
145,141,149,
145,144,120,
145,145,84,
145,148,54,
145,149,16,
145,150,111,
145,152,117,
145,160,36,
145,172,140,
145,179,69,
146,0,89,
146,6,19,
146,10,90,
146,12,71,
146,12,142,
146,13,141,
146,29,102,
146,31,27,
146,36,75,
146,43,31,
146,43,134,
146,50,17,
146,52,129,
146,62,140,
146,70,91,
146,70,135,
146,73,65,
146,77,172,
146,78,69,
146,78,172,
146,84,155,
146,86,10,
146,87,53,
146,87,130,
146,91,118,
146,96,129,
146,104,130,
146,112,106,
146,112,139,
146,119,173,
146,138,177,
146,140,177,
146,144,144,
146,153,4,
146,153,71,
146,153,159,
146,165,93,
147,5,34,
147,23,175,
147,26,32,
147,27,109,
147,32,66,
147,33,71,
147,38,84,
147,42,70,
147,44,138,
147,52,39,
147,86,132,
147,95,59,
147,99,85,
147,99,176,
147,101,33,
147,113,114,
147,123,25,
147,125,167,
147,132,22,
147,147,137,
147,155,115,
147,157,110,
147,166,30,
147,166,154,
147,171,73,
148,2,112,
148,5,146,
148,7,50,
148,12,147,
148,16,174,
148,29,28,
148,46,44,
148,56,83,
148,59,151,
148,64,175,
148,71,153,
148,75,126,
148,79,73,
148,79,179,
148,85,111,
148,88,126,
148,91,111,
148,105,9,
148,116,156,
148,123,139,
148,125,70,
148,127,95,
148,135,132,
148,136,105,
148,160,46,
148,161,129,
148,162,21,
148,167,91,
148,173,106,
149,6,120,
149,8,44,
149,8,45,
149,8,47,
149,10,91,
149,10,162,
149,24,62,
149,24,132,
149,32,144,
149,45,38,
149,46,152,
149,54,26,
149,58,142,
149,86,113,
149,97,139,
149,100,155,
149,101,94,
149,105,4,
149,115,13,
149,115,146,
149,121,97,
149,122,160,
149,132,174,
149,143,18,
149,144,140,
149,146,121,
149,153,160,
149,176,113,
149,177,1,
150,5,93,
150,9,82,
150,16,29,
150,18,52,
150,19,54,
150,22,148,
150,27,140,
150,30,71,
150,40,127,
150,48,123,
150,51,88,
150,54,137,
150,66,130,
150,70,116,
150,72,164,
150,77,56,
150,81,10,
150,96,142,
150,111,29,
150,112,4,
150,114,115,
150,119,93,
150,119,106,
150,120,17,
150,128,129,
150,130,170,
150,132,32,
150,134,101,
150,141,69,
150,165,108,
151,9,149,
151,20,93,
151,21,114,
151,25,68,
151,33,105,
151,38,33,
151,44,62,
151,46,105,
151,47,175,
151,51,12,
151,53,68,
151,56,41,
151,56,142,
151,60,123,
151,63,56,
151,83,62,
151,85,35,
151,96,23,
151,99,12,
151,110,114,
151,125,85,
151,127,51,
151,127,79,
151,130,73,
151,133,68,
151,134,160,
151,143,12,
151,146,169,
151,157,62,
151,168,39,
151,173,95,
151,175,91,
151,175,96,
151,176,84,
152,8,68,
152,10,69,
152,13,128,
152,22,69,
152,35,87,
152,38,65,
152,39,11,
152,45,157,
152,49,2,
152,57,122,
152,57,155,
152,62,168,
152,68,14,
152,69,50,
152,79,127,
152,79,167,
152,88,70,
152,90,51,
152,98,138,
152,100,65,
152,102,6,
152,102,95,
152,111,132,
152,118,140,
152,122,124,
152,129,18,
152,131,98,
152,132,152,
152,147,32,
152,147,78,
152,163,130,
152,164,158,
152,174,139,
152,176,101,
153,24,30,
153,25,24,
153,29,44,
153,32,156,
153,34,84,
153,37,164,
153,57,64,
153,59,78,
153,66,119,
153,79,115,
153,84,131,
153,88,135,
153,91,172,
153,98,133,
153,108,81,
153,124,175,
153,147,177,
153,159,25,
154,29,30,
154,29,73,
154,38,176,
154,47,64,
154,49,63,
154,50,114,
154,52,136,
154,58,30,
154,62,49,
154,70,128,
154,71,45,
154,72,11,
154,74,176,
154,75,133,
154,83,70,
154,85,50,
154,86,74,
154,87,37,
154,90,149,
154,93,28,
154,120,134,
154,121,150,
154,122,170,
154,135,86,
154,139,14,
154,143,45,
154,145,94,
154,152,34,
154,165,172,
155,3,19,
155,8,46,
155,12,110,
155,19,82,
155,24,14,
155,30,90,
155,42,70,
155,44,158,
155,46,59,
155,49,59,
155,49,62,
155,49,69,
155,55,31,
155,56,92,
155,59,145,
155,62,177,
155,63,141,
155,65,17,
155,69,80,
155,76,120,
155,82,36,
155,83,113,
155,83,123,
155,83,154,
155,85,158,
155,107,95,
155,114,71,
155,118,52,
155,120,116,
155,122,15,
155,122,40,
155,129,139,
155,137,126,
155,147,46,
155,147,59,
155,168,52,
155,170,81,
156,1,23,
156,2,152,
156,7,53,
156,24,78,
156,32,8,
156,33,157,
156,36,20,
156,38,7,
156,38,100,
156,50,177,
156,53,174,
156,57,67,
156,65,170,
156,83,45,
156,117,172,
156,123,18,
156,127,17,
156,133,63,
156,135,152,
156,144,21,
156,147,34,
156,149,115,
156,149,136,
156,156,29,
156,174,41,
156,174,68,
157,3,79,
157,10,7,
157,11,98,
157,14,4,
157,18,39,
157,23,92,
157,29,152,
157,35,132,
157,36,21,
157,36,93,
157,61,34,
157,61,66,
157,66,121,
157,71,165,
157,84,44,
157,94,169,
157,98,3,
157,102,46,
157,107,72,
157,109,92,
157,109,107,
157,113,139,
157,116,142,
157,117,108,
157,121,110,
157,126,92,
157,126,166,
157,128,66,
157,132,174,
157,134,130,
157,134,162,
157,136,146,
157,147,38,
157,148,31,
157,152,73,
157,154,92,
157,156,119,
157,159,25,
157,162,124,
158,4,105,
158,6,22,
158,7,108,
158,20,32,
158,31,102,
158,38,153,
158,39,158,
158,48,31,
158,61,14,
158,66,21,
158,67,25,
158,74,131,
158,76,22,
158,77,109,
158,87,48,
158,93,2,
158,110,134,
158,115,108,
158,119,93,
158,120,38,
158,122,1,
158,123,123,
158,126,163,
158,127,68,
158,140,137,
158,163,58,
158,170,47,
158,171,64,
158,175,64,
158,176,85,
158,178,150,
159,4,127,
159,5,13,
159,14,81,
159,28,31,
159,28,153,
159,29,145,
159,41,94,
159,44,0,
159,55,53,
159,62,88,
159,62,166,
159,63,122,
159,66,117,
159,69,78,
159,72,29,
159,75,32,
159,78,156,
159,79,143,
159,85,158,
159,92,100,
159,104,152,
159,110,43,
159,126,15,
159,127,124,
159,133,135,
159,141,108,
159,150,26,
159,156,120,
159,158,124,
159,175,63,
159,176,72,
159,178,66,
159,179,86,
160,3,45,
160,4,65,
160,5,135,
160,8,42,
160,15,9,
160,24,68,
160,30,61,
160,32,80,
160,39,42,
160,49,104,
160,53,28,
160,56,43,
160,65,165,
160,74,79,
160,77,69,
160,78,97,
160,79,135,
160,83,111,
160,86,5,
160,87,135,
160,90,74,
160,91,32,
160,94,57,
160,96,7,
160,96,72,
160,100,111,
160,103,76,
160,108,27,
160,115,142,
160,122,47,
160,123,174,
160,129,80,
160,133,177,
160,135,139,
160,142,3,
160,143,38,
160,148,155,
160,156,70,
160,166,145,
160,168,61,
160,176,133,
161,4,17,
161,6,1,
161,17,174,
161,25,15,
161,30,43,
161,41,65,
161,45,137,
161,46,55,
161,57,34,
161,69,115,
161,74,120,
161,76,169,
161,80,50,
161,80,51,
161,80,75,
161,84,55,
161,101,41,
161,102,48,
161,114,43,
161,131,45,
161,142,160,
161,146,44,
161,156,73,
161,179,116,
161,179,167,
162,8,32,
162,9,147,
162,11,60,
162,11,64,
162,14,95,
162,21,1,
162,21,34,
162,28,79,
162,28,134,
162,31,176,
162,40,162,
162,47,154,
162,49,56,
162,72,142,
162,74,10,
162,75,54,
162,82,18,
162,85,103,
162,87,83,
162,88,17,
162,101,176,
162,103,38,
162,115,173,
162,123,69,
162,129,91,
162,142,24,
162,160,35,
162,164,25,
162,177,88,
162,178,51,
163,0,140,
163,3,37,
163,7,178,
163,16,154,
163,17,158,
163,21,45,
163,30,112,
163,34,72,
163,45,110,
163,61,28,
163,63,174,
163,64,26,
163,67,101,
163,75,46,
163,89,71,
163,99,87,
163,104,99,
163,110,135,
163,113,110,
163,119,133,
163,121,171,
163,129,176,
163,133,2,
163,133,143,
163,136,41,
163,138,135,
163,150,82,
163,156,153,
163,167,82,
163,172,160,
163,176,147,
163,178,9,
164,2,123,
164,9,91,
164,13,55,
164,32,152,
164,49,147,
164,51,35,
164,57,157,
164,77,51,
164,82,165,
164,90,78,
164,98,76,
164,99,122,
164,105,79,
164,110,10,
164,117,171,
164,128,4,
164,130,166,
164,142,142,
164,144,114,
164,145,132,
164,153,174,
164,154,135,
164,160,69,
164,161,147,
164,167,149,
164,172,88,
164,176,109,
164,176,131,
164,177,23,
165,1,16,
165,3,176,
165,4,126,
165,11,45,
165,13,77,
165,14,9,
165,18,148,
165,23,169,
165,43,118,
165,45,21,
165,55,88,
165,57,34,
165,60,137,
165,63,140,
165,76,9,
165,91,60,
165,92,39,
165,97,11,
165,101,18,
165,103,6,
165,106,67,
165,108,148,
165,110,71,
165,126,109,
165,127,132,
165,134,62,
165,136,71,
165,138,169,
165,141,108,
165,145,58,
165,145,88,
165,146,95,
165,147,116,
165,151,37,
165,158,177,
165,168,89,
165,168,106,
165,173,158,
165,174,163,
166,9,119,
166,15,21,
166,15,149,
166,17,85,
166,18,144,
166,31,87,
166,31,126,
166,35,19,
166,49,101,
166,54,167,
166,56,47,
166,58,152,
166,58,171,
166,60,16,
166,64,86,
166,65,92,
166,67,150,
166,70,22,
166,75,54,
166,76,90,
166,89,44,
166,96,122,
166,108,53,
166,112,48,
166,119,24,
166,131,84,
166,133,42,
167,14,36,
167,15,72,
167,25,134,
167,42,82,
167,51,100,
167,55,43,
167,58,14,
167,58,171,
167,60,117,
167,65,51,
167,66,34,
167,71,144,
167,76,41,
167,97,116,
167,113,114,
167,113,156,
167,123,60,
167,126,178,
167,131,75,
167,143,86,
167,145,147,
167,147,17,
167,150,27,
167,164,153,
167,166,163,
167,177,41,
168,2,139,
168,4,41,
168,7,150,
168,24,132,
168,33,117,
168,59,60,
168,69,147,
168,74,96,
168,94,72,
168,98,13,
168,111,86,
168,120,81,
168,122,66,
168,125,109,
168,125,150,
168,127,130,
168,129,140,
168,132,119,
168,134,113,
168,138,82,
168,140,145,
168,146,61,
168,154,23,
168,170,0,
168,174,131,
168,179,109,
169,10,48,
169,11,28,
169,13,160,
169,25,41,
169,29,114,
169,34,78,
169,38,141,
169,39,65,
169,44,21,
169,45,109,
169,51,57,
169,57,144,
169,62,3,
169,74,57,
169,78,57,
169,79,159,
169,82,152,
169,86,38,
169,107,69,
169,116,113,
169,116,131,
169,119,95,
169,122,173,
169,124,7,
169,134,87,
169,159,142,
169,162,26,
169,174,90,
170,4,169,
170,6,19,
170,15,1,
170,16,48,
170,22,17,
170,22,50,
170,22,78,
170,25,3,
170,33,160,
170,34,58,
170,36,142,
170,43,90,
170,50,154,
170,53,25,
170,53,176,
170,65,21,
170,76,24,
170,82,102,
170,83,63,
170,88,106,
170,92,168,
170,96,68,
170,104,121,
170,107,148,
170,107,149,
170,112,27,
170,115,145,
170,135,92,
170,145,128,
170,149,115,
170,165,161,
171,7,90,
171,7,137,
171,8,27,
171,9,93,
171,22,35,
171,31,49,
171,34,96,
171,39,7,
171,39,143,
171,53,98,
171,55,102,
171,58,123,
171,59,108,
171,70,165,
171,85,124,
171,88,59,
171,88,137,
171,89,43,
171,91,33,
171,96,2,
171,99,38,
171,100,23,
171,109,177,
171,111,83,
171,117,104,
171,122,139,
171,126,139,
171,155,106,
171,158,52,
171,159,62,
171,170,170,
171,171,130,
172,2,14,
172,4,78,
172,6,107,
172,10,32,
172,10,43,
172,32,59,
172,36,70,
172,36,108,
172,37,94,
172,40,57,
172,41,137,
172,42,161,
172,50,110,
172,54,68,
172,63,126,
172,78,166,
172,83,157,
172,88,54,
172,93,58,
172,100,36,
172,100,117,
172,107,119,
172,111,73,
172,121,1,
172,121,158,
172,124,90,
172,136,36,
172,156,54,
172,160,19,
172,161,136,
172,164,18,
172,174,30,
173,6,170,
173,9,96,
173,10,40,
173,10,110,
173,11,70,
173,18,120,
173,24,114,
173,25,123,
173,28,140,
173,33,105,
173,44,32,
173,60,65,
173,61,83,
173,75,122,
173,90,137,
173,90,175,
173,93,165,
173,99,176,
173,107,50,
173,118,81,
173,132,28,
173,138,124,
173,140,72,
173,143,52,
173,144,146,
173,145,65,
173,150,63,
173,153,173,
173,155,179,
173,159,99,
173,159,153,
173,160,18,
173,161,41,
174,1,51,
174,7,82,
174,24,136,
174,34,171,
174,35,3,
174,40,44,
174,53,81,
174,57,146,
174,80,137,
174,87,39,
174,89,145,
174,90,41,
174,91,111,
174,92,47,
174,92,109,
174,107,75,
174,110,20,
174,111,108,
174,115,160,
174,122,71,
174,135,103,
174,145,136,
174,146,57,
174,163,144,
175,5,58,
175,6,153,
175,11,3,
175,15,15,
175,15,175,
175,38,97,
175,51,63,
175,61,120,
175,63,20,
175,63,176,
175,68,113,
175,72,55,
175,81,2,
175,87,166,
175,91,32,
175,93,171,
175,103,32,
175,103,106,
175,127,134,
175,130,109,
175,130,151,
175,134,86,
175,137,45,
175,146,113,
175,149,87,
175,158,123,
175,166,108,
175,173,55,
175,176,167,
175,177,172,
176,0,19,
176,14,106,
176,15,29,
176,22,59,
176,35,68,
176,38,167,
176,40,12,
176,44,126,
176,66,177,
176,94,82,
176,96,80,
176,99,30,
176,110,28,
176,116,3,
176,120,60,
176,120,65,
176,121,101,
176,122,108,
176,126,148,
176,127,157,
176,133,156,
176,145,39,
176,146,14,
176,159,101,
176,160,29,
176,165,60,
176,167,62,
176,167,157,
177,3,21,
177,9,120,
177,16,119,
177,17,81,
177,25,86,
177,43,122,
177,50,87,
177,50,168,
177,66,23,
177,67,103,
177,69,149,
177,75,158,
177,80,42,
177,80,120,
177,84,60,
177,100,96,
177,123,61,
177,127,112,
177,138,128,
177,146,148,
177,150,80,
177,153,151,
177,154,144,
177,157,170,
177,158,40,
177,160,175,
177,164,18,
178,5,108,
178,13,87,
178,14,148,
178,15,25,
178,21,81,
178,23,4,
178,26,41,
178,36,78,
178,36,131,
178,37,148,
178,40,84,
178,51,77,
178,53,72,
178,69,145,
178,71,24,
178,78,102,
178,80,156,
178,81,63,
178,95,79,
178,108,83,
178,125,6,
178,125,26,
178,128,144,
178,128,151,
178,129,52,
178,130,150,
178,137,135,
178,142,61,
178,150,158,
178,151,156,
178,163,155,
178,166,166,
178,169,105,
179,6,21,
179,9,147,
179,13,4,
179,16,65,
179,17,3,
179,26,98,
179,27,46,
179,45,68,
179,48,165,
179,54,77,
179,55,63,
179,56,168,
179,57,100,
179,62,170,
179,63,84,
179,75,0,
179,81,71,
179,81,126,
179,98,49,
179,98,95,
179,102,109,
179,103,9,
179,110,85,
179,115,139,
179,116,23,
179,119,101,
179,120,68,
179,134,70,
179,135,56,
179,140,73,
179,141,75,
179,152,3,
179,152,141,
179,169,157,
179,173,86,
