0,8,168,
0,11,70,
0,14,129,
0,15,73,
0,19,42,
0,19,172,
0,20,49,
0,30,135,
0,32,63,
0,47,178,
0,48,57,
0,48,150,
0,49,100,
0,70,11,
0,71,52,
0,78,50,
0,78,111,
0,79,42,
0,80,23,
0,83,107,
0,85,150,
0,109,107,
0,111,152,
0,136,170,
0,147,84,
0,150,86,
0,151,50,
0,155,57,
0,157,56,
0,159,48,
0,163,147,
0,169,170,
0,179,19,
1,1,47,
1,8,169,
1,12,158,
1,13,172,
1,20,23,
1,22,40,
1,25,142,
1,45,18,
1,47,16,
1,47,47,
1,74,42,
1,81,29,
1,87,44,
1,89,47,
1,108,109,
1,127,100,
1,137,69,
1,138,96,
1,149,65,
1,150,0,
1,161,120,
1,171,16,
2,0,29,
2,4,12,
2,5,71,
2,7,18,
2,17,56,
2,17,144,
2,24,100,
2,24,173,
2,27,89,
2,28,168,
2,39,161,
2,46,77,
2,55,108,
2,58,122,
2,59,179,
2,61,178,
2,102,60,
2,102,78,
2,111,104,
2,114,121,
2,116,97,
2,118,146,
2,119,12,
2,122,83,
2,124,154,
2,127,26,
2,141,6,
2,144,140,
2,146,114,
2,148,103,
2,152,39,
2,154,74,
2,170,9,
2,175,5,
3,3,155,
3,4,112,
3,4,162,
3,6,124,
3,12,113,
3,13,81,
3,15,111,
3,21,61,
3,25,58,
3,28,89,
3,31,131,
3,32,154,
3,35,100,
3,40,84,
3,42,163,
3,46,105,
3,49,152,
3,50,127,
3,62,3,
3,67,153,
3,68,110,
3,77,136,
3,78,149,
3,82,140,
3,82,159,
3,90,74,
3,91,146,
3,94,121,
3,99,27,
3,102,14,
3,112,169,
3,114,115,
3,124,129,
3,148,127,
3,151,7,
3,153,54,
3,158,42,
3,161,159,
3,162,99,
3,166,41,
3,174,162,
3,175,6,
3,176,113,
3,178,141,
4,0,95,
4,3,62,
4,7,108,
4,11,114,
4,18,127,
4,26,41,
4,28,84,
4,31,73,
4,45,7,
4,45,98,
4,56,32,
4,59,119,
4,64,124,
4,70,170,
4,76,27,
4,85,87,
4,90,151,
4,93,18,
4,95,44,
4,96,94,
4,107,128,
4,110,67,
4,114,129,
4,119,138,
4,119,153,
4,119,154,
4,125,51,
4,130,151,
4,133,161,
4,139,148,
4,139,172,
4,146,111,
4,147,82,
4,162,69,
4,163,56,
4,168,165,
4,176,151,
4,177,35,
5,4,107,
5,6,93,
5,14,126,
5,16,141,
5,26,139,
5,29,102,
5,36,86,
5,37,107,
5,40,84,
5,42,161,
5,54,128,
5,59,71,
5,63,27,
5,66,13,
5,75,83,
5,86,96,
5,91,9,
5,93,18,
5,108,106,
5,114,70,
5,115,120,
5,121,67,
5,126,40,
5,132,152,
5,138,103,
5,141,163,
5,142,150,
5,151,153,
5,153,0,
5,154,178,
5,155,97,
5,159,148,
5,164,47,
5,164,140,
5,164,140,
5,165,78,
5,168,64,
5,170,140,
5,177,81,
6,11,89,
6,20,128,
6,21,77,
6,22,34,
6,30,120,
6,41,48,
6,44,76,
6,44,175,
6,85,100,
6,110,110,
6,113,70,
6,119,15,
6,122,158,
6,130,15,
6,132,14,
6,135,150,
6,140,104,
6,144,102,
6,147,64,
6,149,108,
6,156,33,
7,1,67,
7,6,158,
7,13,96,
7,16,158,
7,24,155,
7,39,161,
7,40,54,
7,47,37,
7,48,32,
7,52,47,
7,68,154,
7,70,154,
7,71,89,
7,85,63,
7,85,93,
7,89,163,
7,96,166,
7,101,56,
7,104,60,
7,104,69,
7,106,104,
7,110,110,
7,111,157,
7,126,142,
7,141,109,
7,153,131,
7,157,40,
7,161,130,
7,164,124,
7,167,24,
7,171,45,
7,173,36,
7,174,166,
7,176,116,
8,2,80,
8,10,23,
8,17,44,
8,25,65,
8,27,69,
8,28,108,
8,29,54,
8,30,170,
8,33,53,
8,41,147,
8,42,67,
8,47,104,
8,54,54,
8,58,125,
8,60,121,
8,66,26,
8,71,51,
8,72,73,
8,73,20,
8,76,146,
8,84,96,
8,99,155,
8,100,117,
8,108,176,
8,113,54,
8,120,85,
8,128,45,
8,131,136,
8,132,155,
8,156,33,
8,158,151,
8,179,89,
9,5,163,
9,15,86,
9,17,0,
9,21,16,
9,21,69,
9,25,46,
9,28,44,
9,35,76,
9,46,148,
9,63,49,
9,65,16,
9,74,78,
9,90,0,
9,90,161,
9,97,58,
9,102,51,
9,103,158,
9,119,38,
9,124,123,
9,131,92,
9,139,175,
9,140,112,
9,149,124,
9,152,142,
9,154,162,
9,162,63,
9,163,157,
9,167,108,
9,169,27,
10,0,146,
10,5,57,
10,18,27,
10,19,88,
10,20,7,
10,20,177,
10,23,13,
10,25,136,
10,30,121,
10,32,36,
10,46,175,
10,49,139,
10,54,145,
10,56,98,
10,56,178,
10,85,78,
10,89,106,
10,92,53,
10,97,55,
10,125,39,
10,129,136,
10,134,37,
10,135,102,
10,137,81,
10,153,37,
10,153,105,
10,154,16,
10,154,149,
10,156,26,
10,156,61,
10,159,95,
10,166,105,
10,171,98,
11,1,65,
11,13,167,
11,18,42,
11,18,156,
11,27,13,
11,52,135,
11,62,43,
11,63,154,
11,66,6,
11,67,143,
11,75,75,
11,78,124,
11,82,66,
11,83,134,
11,89,153,
11,95,90,
11,97,65,
11,101,16,
11,104,5,
11,107,22,
11,109,92,
11,111,145,
11,117,35,
11,130,54,
11,131,35,
11,131,130,
11,135,109,
11,138,179,
11,144,100,
11,147,130,
11,150,92,
11,161,32,
12,2,15,
12,3,47,
12,3,75,
12,5,50,
12,14,156,
12,15,67,
12,20,3,
12,30,175,
12,31,108,
12,44,42,
12,49,154,
12,57,21,
12,63,42,
12,63,99,
12,65,18,
12,86,165,
12,89,69,
12,89,76,
12,93,128,
12,96,50,
12,97,39,
12,101,131,
12,104,168,
12,106,155,
12,107,15,
12,113,151,
12,115,77,
12,118,50,
12,123,150,
12,123,152,
12,124,78,
12,126,31,
12,133,13,
12,145,135,
12,149,170,
12,152,10,
12,152,41,
12,153,147,
12,163,122,
12,164,97,
12,166,100,
13,1,0,
13,6,69,
13,17,20,
13,18,93,
13,29,172,
13,32,71,
13,36,16,
13,37,78,
13,38,7,
13,51,51,
13,59,103,
13,61,19,
13,66,162,
13,72,164,
13,83,99,
13,97,31,
13,99,145,
13,101,153,
13,105,10,
13,107,83,
13,111,6,
13,112,116,
13,114,102,
13,118,71,
13,126,142,
13,141,71,
13,150,82,
13,150,127,
13,150,144,
13,153,11,
13,153,134,
13,158,111,
13,160,19,
13,163,161,
13,166,133,
13,167,100,
13,169,84,
13,171,68,
13,173,170,
13,179,130,
14,3,28,
14,11,155,
14,22,37,
14,37,4,
14,37,134,
14,45,82,
14,61,77,
14,84,52,
14,92,44,
14,95,139,
14,103,129,
14,104,132,
14,105,31,
14,123,160,
14,125,36,
14,130,97,
14,132,130,
14,136,11,
14,144,179,
14,145,61,
14,151,50,
14,156,121,
14,169,158,
14,171,31,
14,178,45,
15,6,34,
15,7,23,
15,9,84,
15,9,139,
15,21,132,
15,22,32,
15,23,79,
15,26,96,
15,41,6,
15,61,140,
15,63,13,
15,63,170,
15,64,165,
15,74,90,
15,74,154,
15,77,176,
15,82,18,
15,86,50,
15,89,152,
15,96,60,
15,100,32,
15,107,155,
15,111,52,
15,117,103,
15,118,12,
15,118,27,
15,118,119,
15,130,124,
15,136,140,
15,139,67,
15,146,143,
15,147,168,
15,154,83,
15,157,44,
15,157,96,
15,158,48,
15,159,42,
15,160,102,
15,161,6,
16,7,93,
16,13,158,
16,19,172,
16,24,121,
16,26,92,
16,44,131,
16,46,53,
16,53,74,
16,53,177,
16,56,51,
16,79,179,
16,81,118,
16,86,37,
16,91,153,
16,96,30,
16,97,90,
16,98,64,
16,121,157,
16,132,125,
16,138,66,
16,142,104,
16,149,136,
16,150,173,
16,152,117,
16,162,160,
16,166,29,
16,166,167,
16,172,126,
17,0,78,
17,0,116,
17,4,90,
17,5,175,
17,8,108,
17,14,9,
17,15,113,
17,16,36,
17,25,155,
17,27,28,
17,30,58,
17,43,154,
17,49,161,
17,58,111,
17,61,16,
17,83,1,
17,86,72,
17,92,48,
17,93,42,
17,97,114,
17,112,81,
17,120,136,
17,122,151,
17,123,103,
17,128,110,
17,148,55,
17,149,83,
17,161,151,
18,1,123,
18,11,0,
18,13,69,
18,14,20,
18,27,12,
18,38,145,
18,42,178,
18,48,61,
18,53,35,
18,55,79,
18,57,95,
18,59,7,
18,61,52,
18,63,16,
18,67,7,
18,75,11,
18,86,48,
18,87,115,
18,89,59,
18,93,78,
18,104,116,
18,107,105,
18,117,163,
18,133,166,
18,134,176,
18,141,67,
18,143,68,
18,144,16,
18,147,135,
18,153,119,
18,158,70,
18,158,118,
18,160,69,
18,169,98,
18,175,91,
19,2,92,
19,3,80,
19,3,172,
19,4,172,
19,6,69,
19,21,153,
19,23,133,
19,30,153,
19,38,92,
19,48,7,
19,54,99,
19,56,18,
19,61,33,
19,64,9,
19,65,138,
19,73,75,
19,77,13,
19,79,3,
19,79,35,
19,80,85,
19,85,47,
19,89,102,
19,111,71,
19,117,93,
19,118,74,
19,123,98,
19,124,13,
19,133,54,
19,136,89,
19,143,150,
19,148,32,
19,167,20,
19,173,126,
19,174,38,
20,0,3,
20,1,58,
20,8,43,
20,19,62,
20,27,105,
20,30,167,
20,36,59,
20,43,137,
20,53,50,
20,57,17,
20,61,5,
20,66,91,
20,66,175,
20,71,82,
20,72,99,
20,86,31,
20,91,175,
20,114,38,
20,115,34,
20,116,77,
20,118,155,
20,142,45,
20,144,106,
20,153,44,
20,157,98,
20,158,51,
20,165,98,
20,171,145,
20,172,18,
20,177,5,
20,177,119,
21,1,146,
21,6,124,
21,7,19,
21,11,136,
21,37,177,
21,45,168,
21,50,168,
21,53,100,
21,54,122,
21,64,155,
21,69,108,
21,69,167,
21,72,108,
21,80,151,
21,92,1,
21,104,90,
21,113,172,
21,120,176,
21,125,41,
21,126,83,
21,131,103,
21,143,79,
21,150,16,
21,155,111,
21,157,116,
21,171,54,
21,171,130,
22,7,106,
22,17,51,
22,19,77,
22,21,22,
22,21,79,
22,21,82,
22,24,2,
22,25,102,
22,29,135,
22,59,56,
22,62,178,
22,64,52,
22,69,9,
22,93,40,
22,100,76,
22,102,41,
22,114,87,
22,117,95,
22,118,61,
22,121,66,
22,127,33,
22,127,87,
22,134,56,
22,135,128,
22,136,56,
22,144,142,
22,146,135,
22,148,175,
22,150,129,
22,154,136,
22,167,114,
23,2,165,
23,9,101,
23,11,89,
23,14,13,
23,22,85,
23,28,89,
23,28,174,
23,30,174,
23,32,122,
23,33,9,
23,35,126,
23,51,142,
23,54,21,
23,60,57,
23,68,83,
23,69,103,
23,74,126,
23,75,80,
23,75,91,
23,77,18,
23,79,77,
23,80,145,
23,100,10,
23,108,147,
23,120,127,
23,120,146,
23,122,178,
23,127,19,
23,142,130,
23,149,167,
23,150,5,
24,16,53,
24,21,43,
24,22,23,
24,23,33,
24,31,105,
24,35,151,
24,36,41,
24,46,4,
24,48,161,
24,63,8,
24,75,88,
24,75,123,
24,81,19,
24,81,71,
24,85,148,
24,85,153,
24,88,172,
24,92,166,
24,100,122,
24,103,46,
24,108,77,
24,120,63,
24,129,179,
24,133,38,
24,140,13,
24,162,122,
24,170,9,
24,176,67,
25,12,115,
25,13,91,
25,24,163,
25,28,133,
25,29,145,
25,35,60,
25,35,71,
25,46,39,
25,49,30,
25,53,43,
25,57,120,
25,70,54,
25,72,157,
25,75,85,
25,76,40,
25,82,148,
25,100,151,
25,102,145,
25,102,167,
25,103,143,
25,108,145,
25,109,63,
25,121,110,
25,135,77,
25,147,43,
25,153,46,
25,165,0,
25,168,102,
25,172,167,
25,173,156,
25,174,130,
25,179,41,
26,0,26,
26,13,155,
26,22,99,
26,27,108,
26,32,2,
26,36,48,
26,43,57,
26,51,158,
26,51,159,
26,55,0,
26,55,20,
26,68,27,
26,76,36,
26,79,69,
26,82,99,
26,83,14,
26,87,28,
26,96,171,
26,98,161,
26,108,107,
26,110,146,
26,116,70,
26,120,51,
26,131,144,
26,137,133,
26,141,34,
26,157,143,
26,158,42,
26,164,146,
26,168,24,
26,168,67,
26,171,105,
26,174,84,
26,175,11,
26,176,31,
27,8,166,
27,33,66,
27,42,62,
27,61,40,
27,67,94,
27,68,53,
27,70,163,
27,89,127,
27,91,86,
27,106,120,
27,112,64,
27,116,24,
27,119,46,
27,124,107,
27,145,179,
27,146,170,
27,152,23,
27,159,57,
27,163,25,
27,166,65,
27,167,111,
27,174,20,
27,174,109,
27,177,8,
28,17,5,
28,17,105,
28,25,14,
28,59,137,
28,60,21,
28,64,131,
28,79,177,
28,90,151,
28,97,72,
28,98,170,
28,99,32,
28,111,129,
28,126,1,
28,128,27,
28,132,78,
28,140,5,
28,144,2,
28,144,104,
28,151,167,
28,153,16,
28,160,15,
28,171,39,
28,171,166,
28,176,61,
29,3,123,
29,11,143,
29,12,51,
29,15,29,
29,18,24,
29,25,27,
29,28,165,
29,35,48,
29,42,19,
29,50,75,
29,57,162,
29,61,55,
29,66,17,
29,66,170,
29,68,1,
29,73,161,
29,75,62,
29,76,153,
29,78,149,
29,82,40,
29,82,41,
29,93,34,
29,93,143,
29,94,24,
29,95,44,
29,95,142,
29,96,109,
29,102,152,
29,110,136,
29,124,19,
29,129,50,
29,132,76,
29,139,140,
29,154,59,
29,154,73,
29,163,56,
29,166,22,
29,174,35,
30,1,120,
30,10,114,
30,23,89,
30,29,58,
30,30,152,
30,31,80,
30,32,61,
30,40,74,
30,45,98,
30,46,169,
30,46,177,
30,69,103,
30,73,156,
30,73,176,
30,78,174,
30,80,119,
30,80,121,
30,83,24,
30,83,72,
30,85,33,
30,85,108,
30,87,2,
30,90,76,
30,95,17,
30,99,66,
30,99,102,
30,101,86,
30,108,114,
30,113,33,
30,124,47,
30,127,159,
30,147,54,
30,162,43,
30,168,42,
30,168,66,
30,171,119,
30,177,130,
30,179,17,
31,15,48,
31,19,21,
31,36,177,
31,40,172,
31,54,143,
31,57,25,
31,64,44,
31,64,162,
31,88,68,
31,90,10,
31,99,61,
31,112,96,
31,115,64,
31,119,176,
31,120,129,
31,125,168,
31,128,74,
31,133,135,
31,140,112,
31,142,148,
31,144,153,
31,156,3,
31,159,1,
31,169,44,
31,174,70,
31,178,0,
32,1,48,
32,22,145,
32,25,171,
32,31,72,
32,35,72,
32,41,174,
32,42,17,
32,57,27,
32,59,78,
32,62,127,
32,65,73,
32,66,92,
32,67,138,
32,69,10,
32,74,100,
32,76,116,
32,82,9,
32,87,148,
32,88,122,
32,95,41,
32,115,28,
32,117,103,
32,118,166,
32,119,86,
32,121,93,
32,129,152,
32,131,114,
32,142,119,
32,144,82,
32,147,16,
32,149,163,
32,156,142,
32,157,30,
32,160,125,
32,161,142,
32,164,29,
32,164,83,
32,166,105,
32,167,28,
32,173,31,
32,174,16,
33,4,116,
33,4,129,
33,9,100,
33,14,20,
33,19,130,
33,22,40,
33,24,178,
33,27,22,
33,27,41,
33,27,155,
33,47,69,
33,51,30,
33,56,41,
33,60,12,
33,62,71,
33,63,47,
33,73,41,
33,82,122,
33,89,68,
33,91,50,
33,103,111,
33,115,39,
33,117,90,
33,119,49,
33,126,110,
33,130,138,
33,130,139,
33,142,2,
33,152,34,
33,156,5,
33,158,97,
33,166,5,
33,167,4,
33,170,93,
34,1,61,
34,2,155,
34,4,55,
34,12,35,
34,15,153,
34,17,106,
34,18,147,
34,37,134,
34,40,75,
34,53,155,
34,54,158,
34,80,120,
34,84,130,
34,96,117,
34,99,55,
34,105,68,
34,109,116,
34,113,114,
34,122,36,
34,130,114,
34,136,122,
34,142,98,
34,152,96,
34,160,65,
34,165,162,
34,169,9,
34,179,69,
35,8,151,
35,10,78,
35,21,55,
35,52,59,
35,60,124,
35,61,110,
35,65,130,
35,67,155,
35,71,63,
35,72,52,
35,74,20,
35,77,138,
35,78,65,
35,78,177,
35,83,92,
35,88,37,
35,88,176,
35,89,79,
35,89,101,
35,94,66,
35,105,177,
35,107,12,
35,109,133,
35,112,135,
35,115,166,
35,122,118,
35,139,140,
35,141,110,
35,155,56,
35,157,176,
35,159,167,
35,174,141,
35,175,27,
36,0,34,
36,6,160,
36,8,45,
36,9,157,
36,12,4,
36,20,53,
36,20,157,
36,24,83,
36,26,57,
36,27,56,
36,30,89,
36,39,59,
36,42,71,
36,43,61,
36,44,38,
36,45,74,
36,51,21,
36,55,136,
36,60,67,
36,61,139,
36,68,130,
36,69,37,
36,76,98,
36,83,138,
36,86,121,
36,87,82,
36,87,120,
36,89,92,
36,89,176,
36,127,85,
36,127,179,
36,130,43,
36,131,179,
36,133,68,
36,136,22,
36,137,65,
36,145,112,
36,157,167,
36,163,43,
36,168,88,
36,177,163,
36,179,69,
37,3,62,
37,4,18,
37,11,44,
37,11,70,
37,11,90,
37,13,11,
37,15,141,
37,21,108,
37,22,95,
37,28,6,
37,32,53,
37,45,125,
37,51,94,
37,53,74,
37,64,50,
37,88,25,
37,93,3,
37,95,113,
37,103,52,
37,105,169,
37,106,145,
37,111,156,
37,112,6,
37,116,35,
37,118,125,
37,122,61,
37,122,82,
37,130,2,
37,138,71,
37,138,173,
37,149,149,
37,154,63,
37,169,167,
38,1,136,
38,6,68,
38,9,14,
38,20,42,
38,33,94,
38,36,114,
38,38,77,
38,43,142,
38,54,121,
38,58,133,
38,62,125,
38,63,16,
38,68,163,
38,72,0,
38,89,168,
38,92,167,
38,107,165,
38,111,138,
38,124,55,
38,129,63,
38,148,90,
38,151,117,
38,154,98,
38,159,84,
38,159,115,
39,11,81,
39,14,37,
39,17,49,
39,40,41,
39,56,107,
39,63,42,
39,72,146,
39,74,89,
39,81,145,
39,85,150,
39,102,179,
39,108,169,
39,113,1,
39,113,173,
39,122,53,
39,122,63,
39,124,85,
39,134,116,
39,139,20,
39,139,142,
39,141,118,
39,148,115,
39,149,73,
39,154,7,
39,155,49,
39,155,74,
39,161,48,
39,165,30,
39,166,103,
39,179,39,
40,1,99,
40,11,176,
40,13,0,
40,16,131,
40,18,109,
40,20,29,
40,23,16,
40,24,108,
40,26,68,
40,28,94,
40,28,152,
40,34,172,
40,38,60,
40,38,93,
40,43,5,
40,46,11,
40,48,47,
40,49,104,
40,50,17,
40,65,76,
40,65,166,
40,75,70,
40,77,60,
40,83,61,
40,85,35,
40,94,107,
40,97,141,
40,112,127,
40,120,146,
40,130,41,
40,131,66,
40,136,41,
40,144,170,
40,147,154,
40,156,114,
40,163,139,
40,166,70,
40,174,30,
41,11,60,
41,35,87,
41,46,37,
41,54,3,
41,54,135,
41,58,114,
41,59,16,
41,62,94,
41,64,33,
41,70,165,
41,73,88,
41,73,178,
41,75,119,
41,76,52,
41,76,169,
41,91,88,
41,102,125,
41,104,40,
41,110,7,
41,116,132,
41,117,152,
41,123,17,
41,134,97,
41,150,58,
41,153,152,
41,157,73,
41,158,43,
41,164,26,
41,166,58,
41,177,113,
42,13,89,
42,24,131,
42,25,11,
42,29,66,
42,30,30,
42,31,53,
42,36,147,
42,37,9,
42,46,91,
42,54,26,
42,55,143,
42,57,87,
42,77,169,
42,82,124,
42,87,29,
42,89,46,
42,95,174,
42,97,65,
42,98,69,
42,99,5,
42,107,1,
42,112,38,
42,117,80,
42,122,101,
42,130,67,
42,130,120,
42,131,79,
42,134,150,
42,135,84,
42,135,130,
42,139,3,
42,143,157,
42,159,17,
42,165,54,
42,170,176,
42,177,141,
42,178,138,
43,5,146,
43,6,162,
43,16,34,
43,17,43,
43,19,156,
43,36,127,
43,42,45,
43,48,31,
43,51,178,
43,52,37,
43,55,164,
43,57,8,
43,57,31,
43,67,73,
43,71,60,
43,74,87,
43,98,50,
43,105,166,
43,115,162,
43,125,155,
43,131,104,
43,132,66,
43,141,73,
43,141,96,
43,153,115,
43,161,26,
43,164,153,
43,169,140,
43,170,90,
43,174,109,
44,8,47,
44,18,113,
44,19,7,
44,19,114,
44,26,163,
44,29,65,
44,39,152,
44,41,79,
44,44,142,
44,51,60,
44,56,157,
44,57,110,
44,60,136,
44,66,60,
44,74,83,
44,75,45,
44,78,168,
44,90,103,
44,92,159,
44,101,162,
44,110,179,
44,128,173,
44,129,46,
44,131,75,
44,150,68,
44,157,171,
44,162,151,
45,2,144,
45,15,44,
45,17,79,
45,20,12,
45,39,120,
45,49,63,
45,58,122,
45,59,67,
45,60,163,
45,61,1,
45,61,11,
45,61,158,
45,68,28,
45,68,80,
45,72,133,
45,75,158,
45,78,156,
45,90,5,
45,94,13,
45,103,169,
45,117,69,
45,122,28,
45,126,84,
45,133,115,
45,135,54,
45,136,4,
45,146,160,
45,148,43,
45,148,74,
45,148,144,
45,151,11,
45,151,58,
45,154,99,
45,158,133,
45,175,55,
45,176,167,
45,178,76,
46,1,72,
46,14,47,
46,16,65,
46,23,85,
46,32,164,
46,37,66,
46,42,91,
46,45,77,
46,47,127,
46,54,95,
46,58,32,
46,66,20,
46,66,91,
46,73,22,
46,84,85,
46,95,176,
46,99,8,
46,104,7,
46,112,34,
46,118,120,
46,125,157,
46,128,107,
46,136,179,
46,146,162,
46,152,38,
46,161,45,
46,178,100,
46,179,80,
47,5,47,
47,10,95,
47,10,157,
47,11,57,
47,11,115,
47,12,35,
47,15,106,
47,16,87,
47,22,122,
47,25,93,
47,25,170,
47,30,94,
47,32,99,
47,33,40,
47,36,121,
47,42,105,
47,43,75,
47,44,134,
47,49,22,
47,50,45,
47,60,113,
47,71,81,
47,72,123,
47,77,25,
47,79,158,
47,80,64,
47,81,72,
47,81,173,
47,82,140,
47,85,143,
47,97,171,
47,98,154,
47,102,25,
47,106,43,
47,107,16,
47,112,101,
47,115,28,
47,116,127,
47,116,172,
47,122,118,
47,128,149,
47,129,31,
47,134,36,
47,142,105,
47,145,36,
47,149,54,
47,153,50,
47,158,119,
47,160,60,
47,164,51,
47,166,147,
47,167,179,
47,168,69,
47,168,82,
47,177,174,
48,1,33,
48,1,134,
48,7,49,
48,8,70,
48,14,57,
48,15,167,
48,35,98,
48,41,77,
48,44,80,
48,47,130,
48,52,154,
48,54,75,
48,64,45,
48,69,41,
48,70,83,
48,73,5,
48,90,86,
48,91,111,
48,97,18,
48,97,113,
48,101,110,
48,105,45,
48,105,170,
48,112,20,
48,126,163,
48,132,71,
48,137,171,
48,139,49,
48,153,141,
48,161,133,
48,163,121,
48,166,66,
48,166,74,
48,171,179,
48,177,145,
48,178,81,
49,13,67,
49,19,137,
49,21,135,
49,42,27,
49,45,152,
49,51,45,
49,51,50,
49,54,14,
49,54,60,
49,57,0,
49,73,179,
49,82,58,
49,85,72,
49,86,27,
49,86,107,
49,90,171,
49,95,76,
49,99,8,
49,99,49,
49,111,75,
49,113,47,
49,144,10,
49,149,66,
49,153,119,
49,157,55,
49,157,165,
49,167,44,
49,168,166,
49,175,19,
49,175,70,
49,176,93,
50,0,28,
50,3,28,
50,5,30,
50,11,100,
50,20,137,
50,23,110,
50,25,82,
50,35,115,
50,35,152,
50,41,80,
50,48,39,
50,51,156,
50,52,132,
50,58,21,
50,63,179,
50,64,145,
50,67,164,
50,75,104,
50,92,16,
50,93,119,
50,102,67,
50,105,16,
50,107,168,
50,109,145,
50,116,36,
50,121,9,
50,124,27,
50,128,108,
50,129,57,
50,133,175,
50,136,153,
50,142,177,
50,147,111,
50,148,146,
50,156,144,
50,158,61,
50,158,119,
50,159,68,
50,161,57,
50,174,146,
50,176,66,
50,177,27,
50,179,139,
51,0,115,
51,20,149,
51,26,100,
51,26,139,
51,28,59,
51,28,116,
51,29,118,
51,37,126,
51,37,127,
51,40,51,
51,42,75,
51,43,4,
51,54,165,
51,62,58,
51,82,92,
51,84,28,
51,92,167,
51,93,149,
51,100,109,
51,111,178,
51,112,100,
51,116,45,
51,131,34,
51,144,99,
51,149,141,
51,155,79,
51,161,177,
51,166,102,
51,175,108,
51,177,80,
52,3,137,
52,4,138,
52,11,27,
52,26,95,
52,27,86,
52,33,62,
52,42,8,
52,50,129,
52,56,11,
52,61,169,
52,65,171,
52,66,61,
52,67,20,
52,70,85,
52,72,115,
52,73,126,
52,82,119,
52,84,81,
52,100,174,
52,102,144,
52,112,22,
52,120,106,
52,121,15,
52,122,177,
52,126,14,
52,133,12,
52,134,104,
52,145,144,
52,166,158,
52,167,6,
52,168,155,
52,175,96,
53,0,163,
53,1,14,
53,15,24,
53,18,97,
53,33,55,
53,40,41,
53,44,82,
53,45,86,
53,51,125,
53,54,134,
53,60,66,
53,62,169,
53,70,4,
53,109,106,
53,110,20,
53,112,100,
53,126,88,
53,130,86,
53,135,67,
53,138,1,
53,139,53,
53,146,52,
53,146,90,
53,153,58,
53,154,70,
53,156,176,
53,169,25,
53,174,154,
53,178,150,
54,0,97,
54,17,130,
54,20,45,
54,22,151,
54,23,111,
54,30,5,
54,46,108,
54,47,25,
54,56,102,
54,65,62,
54,73,136,
54,75,12,
54,79,1,
54,81,35,
54,88,156,
54,93,81,
54,104,161,
54,111,57,
54,117,56,
54,123,32,
54,123,96,
54,125,28,
54,127,169,
54,130,177,
54,136,24,
54,146,96,
54,158,46,
54,169,58,
55,6,128,
55,14,97,
55,27,113,
55,34,143,
55,37,99,
55,42,128,
55,44,14,
55,55,173,
55,62,169,
55,73,20,
55,74,123,
55,77,92,
55,77,149,
55,79,0,
55,91,127,
55,93,80,
55,94,135,
55,94,154,
55,97,168,
55,101,44,
55,109,169,
55,113,100,
55,117,140,
55,118,171,
55,123,42,
55,128,160,
55,135,168,
55,136,82,
55,141,9,
55,141,29,
55,170,106,
55,173,154,
55,178,134,
56,3,126,
56,5,147,
56,18,65,
56,19,29,
56,28,71,
56,29,100,
56,36,16,
56,40,79,
56,56,110,
56,59,174,
56,76,45,
56,89,169,
56,89,178,
56,93,74,
56,97,92,
56,102,2,
56,113,20,
56,116,163,
56,117,103,
56,126,104,
56,129,34,
56,131,160,
56,145,128,
56,159,77,
56,162,104,
56,165,10,
56,166,85,
56,169,47,
56,176,72,
56,176,75,
57,22,17,
57,25,159,
57,29,110,
57,29,172,
57,33,113,
57,33,132,
57,39,79,
57,41,66,
57,49,80,
57,58,99,
57,59,12,
57,62,3,
57,65,100,
57,68,130,
57,71,42,
57,99,102,
57,107,94,
57,108,109,
57,110,92,
57,123,25,
57,123,27,
57,128,120,
57,130,89,
57,138,146,
57,141,48,
57,150,10,
57,153,113,
57,163,85,
57,165,59,
57,171,115,
57,175,45,
58,3,23,
58,13,169,
58,14,147,
58,17,26,
58,17,122,
58,20,94,
58,27,29,
58,39,90,
58,46,63,
58,48,98,
58,49,116,
58,58,80,
58,60,136,
58,68,90,
58,69,97,
58,71,67,
58,75,49,
58,82,98,
58,94,41,
58,99,168,
58,102,140,
58,111,17,
58,112,17,
58,117,82,
58,123,99,
58,131,62,
58,138,171,
58,142,44,
58,143,72,
58,150,82,
58,153,124,
58,154,37,
58,154,86,
58,163,108,
58,165,167,
58,173,86,
58,178,115,
59,7,108,
59,8,39,
59,16,45,
59,17,131,
59,17,174,
59,32,89,
59,33,99,
59,47,58,
59,47,81,
59,48,149,
59,60,62,
59,63,102,
59,75,101,
59,83,99,
59,92,107,
59,96,138,
59,99,2,
59,105,65,
59,107,50,
59,107,161,
59,108,50,
59,110,148,
59,111,89,
59,117,39,
59,118,27,
59,118,118,
59,130,158,
59,133,93,
59,136,148,
59,143,17,
59,143,174,
59,149,69,
59,155,156,
59,158,27,
59,160,117,
59,163,65,
59,167,138,
59,174,36,
59,179,13,
60,7,138,
60,13,110,
60,14,17,
60,17,58,
60,21,139,
60,37,14,
60,39,123,
60,40,10,
60,54,92,
60,55,48,
60,57,178,
60,62,35,
60,63,22,
60,72,145,
60,74,58,
60,80,17,
60,87,114,
60,107,75,
60,112,151,
60,113,89,
60,137,5,
60,140,43,
60,152,113,
60,152,175,
60,153,60,
60,154,157,
60,165,95,
60,167,114,
60,168,18,
60,168,81,
60,171,21,
60,176,127,
60,178,36,
61,4,118,
61,13,3,
61,17,135,
61,18,156,
61,19,141,
61,22,53,
61,29,6,
61,35,56,
61,36,4,
61,37,167,
61,48,111,
61,58,39,
61,61,158,
61,70,134,
61,76,112,
61,84,154,
61,88,85,
61,93,123,
61,119,73,
61,119,91,
61,141,102,
61,142,162,
61,147,136,
61,152,160,
61,169,117,
61,171,115,
61,171,138,
61,171,140,
61,174,82,
61,177,44,
61,178,167,
62,1,138,
62,16,82,
62,19,170,
62,22,93,
62,26,67,
62,28,97,
62,28,158,
62,30,82,
62,34,146,
62,40,151,
62,41,114,
62,42,109,
62,58,13,
62,58,78,
62,59,153,
62,66,26,
62,72,116,
62,85,22,
62,89,129,
62,90,62,
62,92,179,
62,95,46,
62,99,155,
62,100,46,
62,101,76,
62,106,66,
62,111,106,
62,120,5,
62,120,59,
62,126,51,
62,127,153,
62,129,23,
62,145,50,
62,148,24,
62,149,16,
62,156,167,
62,166,14,
62,166,129,
62,173,155,
63,4,110,
63,7,118,
63,13,67,
63,20,174,
63,28,167,
63,40,41,
63,44,37,
63,47,34,
63,49,139,
63,53,177,
63,60,30,
63,65,102,
63,77,7,
63,82,96,
63,84,13,
63,87,153,
63,88,85,
63,102,40,
63,107,86,
63,109,112,
63,115,52,
63,115,106,
63,115,135,
63,119,73,
63,120,19,
63,131,104,
63,135,100,
63,136,116,
63,139,105,
63,143,56,
63,158,25,
63,158,156,
63,159,55,
63,162,34,
63,171,14,
63,172,53,
63,173,166,
63,176,81,
64,9,118,
64,15,179,
64,19,35,
64,19,115,
64,30,113,
64,32,53,
64,40,94,
64,42,98,
64,46,75,
64,56,96,
64,57,54,
64,61,38,
64,61,104,
64,69,24,
64,77,111,
64,87,80,
64,91,128,
64,92,71,
64,105,37,
64,109,101,
64,113,102,
64,114,35,
64,116,42,
64,120,120,
64,121,133,
64,124,135,
64,138,112,
64,140,178,
64,143,20,
64,143,35,
64,143,79,
64,144,61,
64,145,15,
64,146,90,
64,155,3,
64,155,31,
64,157,86,
64,160,19,
64,162,47,
64,177,56,
65,0,11,
65,4,64,
65,11,36,
65,13,71,
65,13,79,
65,13,113,
65,14,148,
65,36,65,
65,39,70,
65,39,140,
65,52,45,
65,62,9,
65,62,138,
65,92,150,
65,96,49,
65,96,86,
65,103,14,
65,110,9,
65,110,48,
65,114,0,
65,126,58,
65,154,46,
65,165,130,
65,173,162,
65,177,5,
66,10,112,
66,29,108,
66,33,72,
66,34,178,
66,37,60,
66,43,38,
66,53,176,
66,60,151,
66,62,156,
66,67,110,
66,70,23,
66,72,25,
66,72,86,
66,78,70,
66,80,129,
66,83,120,
66,89,152,
66,95,119,
66,100,146,
66,101,36,
66,104,105,
66,105,66,
66,106,12,
66,109,169,
66,116,171,
66,117,48,
66,118,107,
66,120,108,
66,125,170,
66,131,89,
66,131,112,
66,138,17,
66,139,44,
66,154,17,
66,160,122,
66,166,114,
66,167,10,
66,172,110,
67,1,138,
67,5,107,
67,31,171,
67,38,179,
67,50,133,
67,56,26,
67,60,33,
67,67,10,
67,71,130,
67,74,90,
67,76,141,
67,84,105,
67,93,161,
67,95,117,
67,112,163,
67,115,145,
67,118,158,
67,122,53,
67,125,132,
67,127,22,
67,147,10,
67,166,20,
67,167,79,
67,171,19,
67,173,50,
67,175,139,
68,1,86,
68,6,49,
68,9,53,
68,10,30,
68,14,56,
68,17,61,
68,19,84,
68,22,25,
68,55,134,
68,57,30,
68,70,136,
68,75,111,
68,79,39,
68,80,84,
68,80,99,
68,81,16,
68,90,34,
68,92,73,
68,92,160,
68,96,13,
68,109,60,
68,119,34,
68,144,26,
68,146,99,
68,152,35,
68,152,43,
68,155,57,
68,156,164,
68,158,135,
68,160,10,
68,164,32,
68,175,22,
68,176,1,
68,178,140,
69,1,73,
69,10,173,
69,11,73,
69,13,95,
69,24,71,
69,27,98,
69,39,4,
69,45,5,
69,46,31,
69,46,94,
69,56,150,
69,59,73,
69,61,87,
69,68,139,
69,69,23,
69,75,33,
69,82,27,
69,85,158,
69,104,178,
69,114,24,
69,117,179,
69,131,127,
69,143,130,
69,144,171,
69,149,45,
69,165,106,
69,167,99,
69,175,33,
70,17,132,
70,19,62,
70,30,173,
70,39,132,
70,45,28,
70,48,20,
70,58,130,
70,59,152,
70,60,46,
70,76,60,
70,76,126,
70,79,153,
70,87,173,
70,88,39,
70,91,92,
70,94,127,
70,98,45,
70,104,140,
70,106,167,
70,111,125,
70,116,0,
70,118,3,
70,130,25,
70,144,158,
70,145,62,
70,150,71,
70,163,32,
70,168,38,
70,178,45,
71,0,90,
71,11,87,
71,12,125,
71,21,0,
71,34,36,
71,34,40,
71,43,32,
71,43,137,
71,57,13,
71,75,133,
71,79,93,
71,88,71,
71,101,16,
71,102,43,
71,107,107,
71,113,16,
71,113,139,
71,116,65,
71,120,19,
71,125,14,
71,127,131,
71,128,19,
71,133,109,
71,147,58,
71,153,32,
71,156,85,
71,158,173,
71,176,38,
71,179,63,
72,6,8,
72,6,89,
72,10,83,
72,21,70,
72,23,133,
72,32,101,
72,34,69,
72,37,78,
72,39,55,
72,39,150,
72,43,89,
72,44,27,
72,59,27,
72,59,88,
72,61,94,
72,68,5,
72,73,124,
72,83,148,
72,98,95,
72,105,67,
72,115,20,
72,115,103,
72,119,132,
72,119,165,
72,136,128,
72,137,30,
72,137,36,
72,146,111,
72,171,96,
73,7,110,
73,11,28,
73,18,48,
73,20,176,
73,25,179,
73,30,8,
73,32,85,
73,34,9,
73,37,21,
73,39,157,
73,45,158,
73,46,13,
73,80,50,
73,83,174,
73,90,153,
73,92,47,
73,103,111,
73,106,102,
73,108,16,
73,108,99,
73,112,137,
73,116,98,
73,120,88,
73,120,153,
73,122,69,
73,126,108,
73,136,172,
73,137,135,
73,139,146,
73,146,171,
73,156,6,
73,156,109,
73,157,154,
73,174,8,
73,175,45,
73,175,79,
74,15,70,
74,31,72,
74,41,105,
74,43,121,
74,55,53,
74,55,155,
74,60,137,
74,62,170,
74,67,153,
74,69,40,
74,69,165,
74,78,81,
74,80,126,
74,86,148,
74,92,5,
74,97,144,
74,98,77,
74,99,44,
74,108,6,
74,114,88,
74,118,108,
74,123,73,
74,126,110,
74,127,31,
74,133,64,
74,135,31,
74,140,13,
74,144,71,
74,167,42,
74,179,24,
75,8,109,
75,13,2,
75,31,165,
75,34,65,
75,43,100,
75,45,55,
75,45,115,
75,47,90,
75,61,76,
75,61,120,
75,62,96,
75,68,133,
75,70,150,
75,70,159,
75,72,159,
75,75,75,
75,78,145,
75,87,46,
75,90,71,
75,90,117,
75,98,27,
75,100,163,
75,108,114,
75,110,119,
75,113,121,
75,113,132,
75,116,135,
75,129,82,
75,131,28,
75,132,129,
75,133,31,
75,133,151,
75,134,48,
75,134,134,
75,142,76,
75,142,144,
75,146,176,
75,149,66,
75,149,113,
75,153,48,
75,153,137,
75,156,157,
75,156,159,
75,160,51,
75,164,162,
75,175,90,
76,0,34,
76,3,44,
76,9,169,
76,18,48,
76,19,137,
76,24,52,
76,27,175,
76,38,86,
76,44,111,
76,50,9,
76,54,149,
76,55,163,
76,56,99,
76,70,104,
76,71,57,
76,79,137,
76,85,96,
76,87,25,
76,95,4,
76,105,15,
76,110,39,
76,112,127,
76,129,163,
76,131,107,
76,134,166,
76,137,42,
76,137,171,
76,139,60,
76,147,90,
76,148,159,
76,150,162,
76,156,166,
76,158,40,
76,159,41,
76,173,173,
76,176,111,
77,4,166,
77,9,119,
77,13,73,
77,19,54,
77,28,142,
77,33,59,
77,34,132,
77,48,109,
77,53,154,
77,63,167,
77,65,0,
77,76,81,
77,76,175,
77,94,145,
77,96,63,
77,101,62,
77,105,84,
77,107,78,
77,111,43,
77,111,102,
77,114,124,
77,115,94,
77,119,167,
77,128,62,
77,138,42,
77,140,133,
77,143,128,
77,144,14,
77,147,48,
77,156,167,
77,159,44,
77,172,152,
78,0,162,
78,9,61,
78,9,172,
78,13,106,
78,20,43,
78,21,35,
78,26,83,
78,28,3,
78,31,62,
78,32,135,
78,32,144,
78,43,33,
78,52,112,
78,54,22,
78,60,40,
78,71,139,
78,77,28,
78,77,156,
78,84,140,
78,85,127,
78,86,40,
78,89,76,
78,96,74,
78,96,99,
78,102,32,
78,105,107,
78,107,65,
78,107,158,
78,108,121,
78,113,114,
78,115,158,
78,115,159,
78,123,4,
78,129,98,
78,133,35,
78,148,60,
78,151,9,
78,172,153,
78,178,70,
79,3,111,
79,4,82,
79,7,126,
79,9,49,
79,9,63,
79,9,71,
79,13,34,
79,21,125,
79,34,69,
79,37,49,
79,39,33,
79,39,60,
79,47,64,
79,50,53,
79,52,116,
79,59,56,
79,60,19,
79,69,96,
79,80,59,
79,85,120,
79,96,29,
79,99,41,
79,99,133,
79,101,169,
79,116,88,
79,121,164,
79,122,97,
79,135,119,
79,142,68,
79,143,136,
79,143,144,
79,149,73,
79,152,171,
79,157,75,
79,160,21,
79,160,80,
79,168,132,
79,171,53,
79,172,68,
79,176,8,
79,177,34,
80,10,25,
80,11,33,
80,11,41,
80,22,122,
80,25,43,
80,32,64,
80,33,100,
80,34,29,
80,45,67,
80,57,84,
80,61,17,
80,70,62,
80,87,130,
80,92,31,
80,96,112,
80,103,35,
80,111,123,
80,124,81,
80,128,107,
80,128,123,
80,140,37,
80,152,151,
80,154,80,
80,164,44,
80,172,62,
80,176,28,
81,5,151,
81,6,114,
81,16,49,
81,16,154,
81,26,137,
81,40,107,
81,46,147,
81,51,65,
81,55,48,
81,57,44,
81,68,83,
81,70,18,
81,78,136,
81,116,102,
81,118,139,
81,125,15,
81,128,53,
81,137,72,
81,137,163,
81,141,32,
81,142,79,
81,143,10,
81,153,41,
81,165,56,
82,0,102,
82,1,34,
82,4,97,
82,7,146,
82,8,148,
82,16,18,
82,20,15,
82,23,145,
82,25,18,
82,37,24,
82,52,76,
82,59,156,
82,63,39,
82,75,178,
82,80,33,
82,84,49,
82,91,79,
82,95,101,
82,96,24,
82,97,167,
82,98,12,
82,106,6,
82,114,108,
82,118,155,
82,121,176,
82,122,33,
82,126,135,
82,130,79,
82,139,39,
82,140,37,
82,140,86,
82,147,102,
82,160,174,
82,167,136,
83,6,175,
83,23,73,
83,24,21,
83,25,167,
83,32,35,
83,32,104,
83,34,155,
83,38,143,
83,42,101,
83,59,130,
83,65,107,
83,66,75,
83,67,99,
83,67,109,
83,77,29,
83,87,115,
83,88,111,
83,97,10,
83,99,71,
83,109,143,
83,121,67,
83,122,79,
83,125,120,
83,137,7,
83,157,7,
83,164,142,
83,170,153,
83,177,135,
83,178,88,
83,179,12,
84,7,140,
84,10,13,
84,15,47,
84,17,66,
84,19,148,
84,22,60,
84,29,59,
84,32,140,
84,36,47,
84,42,122,
84,49,6,
84,52,83,
84,53,67,
84,57,54,
84,57,127,
84,66,68,
84,74,97,
84,75,90,
84,77,101,
84,81,23,
84,83,47,
84,91,146,
84,96,2,
84,98,136,
84,104,62,
84,107,109,
84,125,174,
84,128,123,
84,130,79,
84,137,168,
84,146,132,
84,147,45,
84,149,47,
84,150,177,
84,157,70,
84,176,113,
85,4,108,
85,21,2,
85,21,122,
85,25,78,
85,25,106,
85,31,56,
85,32,70,
85,42,75,
85,47,42,
85,61,28,
85,61,148,
85,82,61,
85,90,94,
85,103,163,
85,109,31,
85,110,16,
85,118,139,
85,122,114,
85,126,48,
85,130,117,
85,132,104,
85,134,3,
85,137,80,
85,138,59,
85,142,131,
85,143,24,
85,146,143,
85,158,17,
85,161,7,
85,164,98,
85,172,17,
85,172,130,
85,174,21,
86,11,64,
86,17,144,
86,18,38,
86,21,43,
86,27,96,
86,30,62,
86,37,8,
86,39,0,
86,40,163,
86,41,136,
86,44,178,
86,46,26,
86,50,32,
86,52,35,
86,52,120,
86,55,97,
86,57,104,
86,64,178,
86,71,98,
86,76,131,
86,77,78,
86,79,26,
86,86,23,
86,91,8,
86,96,145,
86,104,71,
86,114,67,
86,115,13,
86,116,23,
86,125,171,
86,126,11,
86,130,156,
86,133,20,
86,135,108,
86,145,143,
86,147,158,
86,160,50,
86,160,164,
86,162,9,
86,170,148,
87,3,110,
87,8,132,
87,9,99,
87,13,121,
87,18,10,
87,27,143,
87,38,119,
87,43,119,
87,44,145,
87,47,71,
87,48,4,
87,56,92,
87,63,169,
87,66,33,
87,66,61,
87,72,45,
87,80,82,
87,83,118,
87,86,28,
87,91,143,
87,92,81,
87,93,43,
87,99,167,
87,107,25,
87,107,111,
87,110,90,
87,113,64,
87,119,152,
87,121,24,
87,129,145,
87,140,29,
87,149,94,
87,165,164,
87,167,9,
87,168,11,
87,171,86,
88,1,99,
88,4,177,
88,12,93,
88,23,14,
88,23,129,
88,25,29,
88,37,21,
88,57,143,
88,57,162,
88,62,28,
88,72,155,
88,73,15,
88,94,15,
88,96,45,
88,101,69,
88,110,165,
88,117,153,
88,128,156,
88,135,136,
88,146,48,
88,153,97,
88,160,28,
88,160,85,
88,160,130,
88,168,3,
88,169,4,
88,170,75,
88,171,92,
88,177,78,
89,10,5,
89,14,127,
89,22,82,
89,25,176,
89,35,156,
89,42,47,
89,42,90,
89,61,87,
89,81,107,
89,82,13,
89,84,69,
89,85,77,
89,89,4,
89,96,83,
89,105,33,
89,106,6,
89,111,171,
89,112,109,
89,123,99,
89,132,144,
89,142,89,
89,145,115,
89,152,160,
89,164,152,
89,168,4,
89,171,121,
89,175,57,
89,176,148,
90,8,147,
90,11,77,
90,20,7,
90,22,52,
90,26,59,
90,29,64,
90,37,163,
90,54,154,
90,60,28,
90,67,15,
90,71,139,
90,76,97,
90,130,155,
90,139,170,
90,162,72,
90,162,73,
90,177,28,
90,179,3,
91,1,24,
91,2,133,
91,2,144,
91,18,123,
91,22,52,
91,23,9,
91,23,76,
91,23,115,
91,25,127,
91,26,26,
91,30,152,
91,38,125,
91,40,105,
91,42,73,
91,46,134,
91,56,93,
91,66,128,
91,68,97,
91,69,145,
91,70,83,
91,76,64,
91,83,132,
91,83,133,
91,95,91,
91,105,151,
91,105,175,
91,106,19,
91,126,84,
91,127,178,
91,131,94,
91,139,161,
91,144,174,
91,146,27,
91,146,74,
91,151,48,
91,162,178,
91,165,83,
91,172,40,
91,176,164,
91,178,105,
92,0,114,
92,3,30,
92,19,61,
92,32,174,
92,38,103,
92,47,18,
92,61,5,
92,70,100,
92,78,19,
92,79,15,
92,79,125,
92,80,171,
92,81,16,
92,90,122,
92,97,112,
92,101,60,
92,102,112,
92,103,0,
92,103,3,
92,113,15,
92,114,73,
92,114,88,
92,115,145,
92,117,20,
92,120,85,
92,132,144,
92,137,50,
92,154,31,
92,156,74,
92,158,16,
92,161,5,
92,166,175,
92,172,138,
92,178,67,
93,1,53,
93,9,66,
93,9,88,
93,24,27,
93,25,171,
93,30,26,
93,30,107,
93,34,62,
93,34,121,
93,45,158,
93,65,153,
93,69,52,
93,72,127,
93,77,53,
93,84,160,
93,85,2,
93,111,18,
93,111,175,
93,114,138,
93,116,117,
93,131,26,
93,135,84,
93,139,109,
93,168,49,
93,174,32,
93,179,30,
94,2,170,
94,3,11,
94,11,14,
94,17,93,
94,34,26,
94,39,95,
94,45,138,
94,52,141,
94,53,64,
94,63,64,
94,73,57,
94,76,127,
94,78,11,
94,83,40,
94,107,34,
94,107,135,
94,108,76,
94,112,63,
94,113,16,
94,132,39,
94,134,112,
94,136,119,
94,138,92,
94,146,80,
94,153,113,
94,156,65,
94,159,128,
94,162,86,
94,164,120,
94,166,168,
95,6,3,
95,7,148,
95,14,161,
95,30,160,
95,31,97,
95,45,115,
95,47,39,
95,47,133,
95,49,57,
95,49,67,
95,54,146,
95,56,153,
95,77,140,
95,79,176,
95,85,72,
95,112,87,
95,114,158,
95,120,53,
95,121,42,
95,123,139,
95,130,132,
95,133,8,
95,140,6,
95,140,176,
95,142,108,
95,144,151,
95,144,164,
95,145,10,
95,149,57,
95,161,16,
95,166,156,
95,172,45,
95,179,10,
96,6,151,
96,10,133,
96,11,57,
96,12,149,
96,17,127,
96,19,66,
96,31,34,
96,34,46,
96,36,94,
96,42,97,
96,63,21,
96,63,116,
96,63,174,
96,78,154,
96,87,143,
96,87,159,
96,93,68,
96,96,11,
96,106,169,
96,110,115,
96,125,10,
96,128,80,
96,130,136,
96,138,167,
96,139,32,
96,142,35,
96,154,80,
96,162,174,
96,168,128,
96,168,165,
96,176,115,
96,178,159,
97,8,52,
97,9,35,
97,13,33,
97,13,117,
97,20,59,
97,31,123,
97,42,93,
97,49,161,
97,53,155,
97,55,113,
97,57,132,
97,59,8,
97,60,114,
97,60,139,
97,62,63,
97,65,116,
97,75,67,
97,81,94,
97,88,140,
97,93,120,
97,95,112,
97,108,165,
97,110,128,
97,112,4,
97,118,178,
97,129,168,
97,135,2,
97,145,24,
97,147,130,
97,151,119,
97,154,115,
97,154,178,
97,155,116,
97,165,163,
97,173,133,
97,179,6,
98,1,115,
98,10,168,
98,11,26,
98,24,21,
98,33,63,
98,34,44,
98,36,3,
98,40,114,
98,40,118,
98,48,159,
98,53,179,
98,60,52,
98,62,75,
98,69,27,
98,70,75,
98,71,139,
98,73,51,
98,79,71,
98,80,130,
98,92,18,
98,99,156,
98,105,98,
98,114,39,
98,115,102,
98,116,37,
98,125,98,
98,126,139,
98,128,52,
98,140,113,
98,144,71,
98,145,71,
98,157,157,
98,162,169,
98,165,107,
98,174,24,
99,12,129,
99,14,9,
99,16,172,
99,19,160,
99,23,132,
99,30,61,
99,32,29,
99,33,63,
99,42,73,
99,46,73,
99,50,69,
99,54,144,
99,57,118,
99,60,44,
99,62,126,
99,67,88,
99,93,106,
99,93,174,
99,95,115,
99,96,53,
99,96,68,
99,99,141,
99,101,167,
99,109,43,
99,114,25,
99,123,47,
99,128,9,
99,133,82,
99,134,114,
99,144,123,
99,144,129,
99,147,120,
99,150,106,
99,155,22,
99,157,69,
99,163,44,
99,167,125,
99,171,20,
99,174,143,
100,4,139,
100,8,56,
100,17,105,
100,19,159,
100,21,121,
100,23,150,
100,30,118,
100,34,81,
100,36,98,
100,37,29,
100,40,12,
100,44,57,
100,48,150,
100,53,11,
100,56,36,
100,57,9,
100,65,33,
100,75,82,
100,82,159,
100,88,18,
100,113,166,
100,127,113,
100,133,112,
100,136,115,
100,138,138,
100,140,48,
100,147,62,
100,151,156,
100,158,71,
100,168,140,
101,0,66,
101,2,82,
101,15,178,
101,18,69,
101,19,93,
101,19,176,
101,30,28,
101,30,123,
101,33,115,
101,36,100,
101,37,113,
101,45,46,
101,48,28,
101,51,179,
101,53,6,
101,56,141,
101,62,54,
101,62,59,
101,63,175,
101,65,60,
101,66,122,
101,66,130,
101,71,87,
101,89,89,
101,96,165,
101,100,31,
101,114,28,
101,118,129,
101,119,19,
101,120,23,
101,121,110,
101,125,171,
101,126,116,
101,135,163,
101,138,24,
101,147,35,
101,151,114,
101,173,25,
101,175,81,
101,175,158,
102,4,22,
102,14,65,
102,15,8,
102,15,86,
102,21,87,
102,25,36,
102,30,18,
102,38,10,
102,38,48,
102,38,71,
102,43,18,
102,51,100,
102,54,148,
102,62,12,
102,68,168,
102,87,161,
102,89,125,
102,93,27,
102,95,71,
102,96,4,
102,97,171,
102,102,82,
102,106,107,
102,120,132,
102,126,63,
102,128,102,
102,132,0,
102,134,44,
102,135,17,
102,137,65,
102,148,129,
102,150,26,
102,152,47,
102,153,54,
102,155,126,
102,171,111,
102,172,33,
102,177,153,
103,2,73,
103,14,69,
103,14,70,
103,17,109,
103,24,108,
103,30,109,
103,30,137,
103,31,21,
103,41,39,
103,45,122,
103,47,72,
103,61,80,
103,63,100,
103,64,46,
103,75,169,
103,75,172,
103,80,14,
103,112,86,
103,112,108,
103,114,51,
103,151,170,
103,153,122,
103,162,108,
103,163,125,
103,169,163,
103,173,34,
104,7,95,
104,13,99,
104,22,1,
104,22,87,
104,26,37,
104,36,163,
104,40,100,
104,46,136,
104,46,156,
104,48,118,
104,49,116,
104,53,111,
104,54,56,
104,59,175,
104,61,2,
104,67,115,
104,76,4,
104,76,161,
104,87,18,
104,88,94,
104,88,168,
104,97,28,
104,101,125,
104,105,66,
104,105,131,
104,110,105,
104,121,156,
104,135,149,
104,142,172,
104,146,81,
104,176,81,
105,5,144,
105,7,62,
105,8,178,
105,17,84,
105,22,173,
105,25,176,
105,26,110,
105,37,37,
105,40,8,
105,48,2,
105,48,6,
105,48,34,
105,55,73,
105,57,75,
105,59,97,
105,67,106,
105,80,51,
105,84,155,
105,85,44,
105,86,151,
105,101,145,
105,105,108,
105,107,111,
105,108,25,
105,113,122,
105,120,174,
105,124,141,
105,126,72,
105,132,89,
105,137,45,
105,154,116,
105,165,147,
105,168,65,
105,176,124,
106,11,23,
106,11,174,
106,13,122,
106,14,78,
106,15,31,
106,19,11,
106,19,137,
106,27,90,
106,27,162,
106,33,26,
106,34,9,
106,35,29,
106,43,177,
106,45,27,
106,47,99,
106,72,0,
106,74,33,
106,76,56,
106,79,85,
106,90,103,
106,110,111,
106,122,95,
106,123,80,
106,133,37,
106,138,29,
106,141,62,
106,146,69,
106,150,132,
106,151,164,
106,154,158,
106,156,163,
106,169,153,
106,171,152,
106,172,70,
107,9,161,
107,14,71,
107,14,139,
107,22,139,
107,34,56,
107,38,7,
107,45,92,
107,51,24,
107,57,50,
107,64,138,
107,69,53,
107,74,143,
107,85,133,
107,88,84,
107,93,128,
107,115,7,
107,115,55,
107,127,120,
107,134,40,
107,136,179,
107,156,96,
107,177,176,
108,7,63,
108,20,75,
108,29,94,
108,42,59,
108,46,37,
108,47,41,
108,48,99,
108,49,33,
108,53,176,
108,54,168,
108,56,16,
108,56,98,
108,60,23,
108,67,22,
108,67,142,
108,70,85,
108,76,161,
108,101,82,
108,101,128,
108,106,133,
108,108,173,
108,109,110,
108,117,14,
108,124,159,
108,127,32,
108,142,73,
108,144,173,
108,157,9,
108,160,106,
108,169,97,
108,176,18,
109,11,9,
109,12,147,
109,16,132,
109,22,134,
109,32,30,
109,35,115,
109,37,63,
109,38,153,
109,44,134,
109,61,19,
109,80,74,
109,87,40,
109,87,123,
109,88,139,
109,93,96,
109,96,37,
109,113,151,
109,116,22,
109,120,83,
109,133,54,
109,139,150,
109,145,83,
109,149,73,
109,150,29,
109,154,103,
109,161,139,
109,168,54,
109,178,115,
109,179,8,
110,0,175,
110,1,25,
110,3,119,
110,5,178,
110,10,148,
110,21,27,
110,23,53,
110,28,4,
110,28,143,
110,31,145,
110,32,44,
110,36,47,
110,38,28,
110,50,73,
110,59,157,
110,66,59,
110,66,78,
110,67,30,
110,68,152,
110,94,131,
110,96,36,
110,98,63,
110,110,150,
110,119,58,
110,120,27,
110,154,29,
110,154,155,
110,160,161,
110,163,72,
110,175,42,
111,3,136,
111,7,125,
111,11,29,
111,12,101,
111,23,107,
111,29,62,
111,30,113,
111,31,158,
111,35,75,
111,36,78,
111,41,66,
111,45,136,
111,48,132,
111,63,95,
111,64,104,
111,65,59,
111,72,36,
111,73,58,
111,76,30,
111,82,162,
111,90,163,
111,94,106,
111,102,100,
111,105,67,
111,106,4,
111,110,159,
111,115,75,
111,128,125,
111,130,84,
111,133,58,
111,141,83,
111,146,86,
111,146,172,
111,148,29,
111,148,49,
111,152,158,
111,154,19,
111,161,174,
111,167,70,
111,169,56,
112,1,157,
112,16,27,
112,17,57,
112,19,128,
112,38,31,
112,39,163,
112,46,150,
112,48,70,
112,54,0,
112,59,154,
112,65,138,
112,66,33,
112,67,91,
112,70,117,
112,93,8,
112,99,90,
112,102,65,
112,105,42,
112,109,84,
112,111,33,
112,118,113,
112,120,91,
112,141,84,
112,145,127,
112,148,142,
112,153,54,
112,153,146,
112,154,162,
112,162,23,
112,165,135,
112,166,145,
113,4,17,
113,16,4,
113,21,48,
113,22,99,
113,31,47,
113,32,44,
113,34,4,
113,36,20,
113,42,49,
113,43,20,
113,44,52,
113,64,156,
113,70,41,
113,70,165,
113,89,104,
113,94,63,
113,109,145,
113,113,145,
113,116,15,
113,120,17,
113,121,149,
113,121,173,
113,122,8,
113,126,173,
113,135,33,
113,135,40,
113,141,142,
113,141,158,
113,144,166,
113,149,35,
113,153,159,
113,160,45,
113,160,107,
113,162,78,
114,1,112,
114,2,170,
114,6,155,
114,31,44,
114,34,118,
114,40,36,
114,54,141,
114,56,30,
114,70,29,
114,72,14,
114,74,31,
114,74,59,
114,76,74,
114,80,145,
114,92,131,
114,96,77,
114,98,179,
114,101,42,
114,107,163,
114,114,159,
114,120,66,
114,121,37,
114,125,125,
114,129,120,
114,134,143,
114,148,138,
114,157,96,
114,159,63,
114,163,29,
114,168,21,
114,169,75,
114,171,74,
114,179,99,
115,19,74,
115,19,116,
115,23,120,
115,25,104,
115,29,28,
115,41,138,
115,70,2,
115,85,102,
115,91,173,
115,104,11,
115,105,130,
115,117,72,
115,117,114,
115,124,110,
115,127,41,
115,128,62,
115,130,114,
115,132,7,
115,134,139,
115,167,161,
115,172,92,
115,173,29,
115,177,6,
116,1,72,
116,1,118,
116,2,129,
116,9,122,
116,12,43,
116,18,54,
116,20,1,
116,23,91,
116,28,13,
116,45,8,
116,45,99,
116,51,73,
116,60,179,
116,70,15,
116,70,136,
116,73,49,
116,75,88,
116,81,128,
116,91,113,
116,115,97,
116,119,15,
116,123,147,
116,128,32,
116,140,29,
116,143,20,
116,151,132,
116,152,177,
116,153,51,
116,154,23,
116,158,40,
116,171,31,
116,177,104,
117,18,108,
117,19,15,
117,19,149,
117,21,77,
117,22,90,
117,22,92,
117,29,121,
117,33,135,
117,45,106,
117,48,58,
117,49,72,
117,51,132,
117,52,2,
117,58,6,
117,58,49,
117,73,64,
117,73,85,
117,77,12,
117,84,179,
117,86,39,
117,94,84,
117,112,107,
117,123,170,
117,124,24,
117,149,70,
117,153,63,
117,156,41,
117,161,88,
117,167,45,
117,168,18,
118,16,67,
118,19,6,
118,28,168,
118,31,148,
118,34,57,
118,35,90,
118,51,100,
118,59,60,
118,66,25,
118,66,106,
118,77,48,
118,79,26,
118,79,179,
118,84,58,
118,87,97,
118,94,157,
118,95,64,
118,111,151,
118,113,6,
118,125,15,
118,126,37,
118,139,138,
118,141,169,
118,150,17,
118,163,49,
118,164,1,
118,165,150,
118,171,131,
118,173,8,
118,173,47,
118,176,83,
119,4,168,
119,5,66,
119,12,18,
119,35,9,
119,40,57,
119,44,168,
119,45,27,
119,61,135,
119,67,169,
119,75,110,
119,82,113,
119,86,165,
119,91,56,
119,106,9,
119,109,122,
119,117,113,
119,121,49,
119,126,65,
119,138,109,
119,143,127,
119,146,1,
119,171,156,
119,172,172,
119,174,67,
120,0,68,
120,12,66,
120,15,60,
120,15,71,
120,25,140,
120,35,117,
120,37,8,
120,37,55,
120,40,29,
120,45,22,
120,46,157,
120,54,116,
120,55,25,
120,56,39,
120,62,40,
120,64,151,
120,73,2,
120,77,9,
120,86,125,
120,92,90,
120,106,10,
120,113,45,
120,127,114,
120,130,97,
120,139,81,
120,139,131,
120,148,49,
120,148,93,
120,154,107,
120,163,26,
120,169,169,
120,170,110,
120,176,106,
121,1,74,
121,2,63,
121,8,69,
121,10,6,
121,15,29,
121,25,101,
121,27,28,
121,38,39,
121,45,27,
121,47,176,
121,61,14,
121,69,54,
121,69,128,
121,98,178,
121,107,141,
121,113,96,
121,122,139,
121,133,91,
121,140,24,
121,149,57,
121,150,174,
121,154,105,
121,158,39,
121,158,51,
121,178,151,
121,179,154,
122,23,1,
122,33,34,
122,34,112,
122,35,177,
122,36,34,
122,44,81,
122,57,4,
122,57,15,
122,62,158,
122,67,164,
122,73,31,
122,77,128,
122,85,62,
122,88,46,
122,95,74,
122,96,89,
122,96,175,
122,98,125,
122,99,99,
122,101,77,
122,107,43,
122,107,80,
122,114,55,
122,130,150,
122,134,161,
122,136,56,
122,136,143,
122,140,154,
122,143,125,
122,146,130,
122,155,138,
122,172,170,
123,6,138,
123,18,52,
123,24,99,
123,28,160,
123,30,166,
123,38,131,
123,43,129,
123,47,52,
123,48,149,
123,56,145,
123,60,153,
123,65,107,
123,66,11,
123,67,54,
123,82,160,
123,91,85,
123,108,32,
123,109,115,
123,114,152,
123,118,46,
123,121,41,
123,124,7,
123,125,49,
123,133,97,
123,149,147,
123,153,1,
123,156,137,
123,164,24,
123,165,99,
123,168,29,
123,169,83,
123,170,55,
123,171,95,
123,174,39,
123,175,102,
123,178,17,
123,178,63,
124,9,129,
124,11,31,
124,24,7,
124,27,66,
124,29,30,
124,29,71,
124,33,137,
124,34,95,
124,45,28,
124,48,73,
124,50,176,
124,57,174,
124,62,52,
124,63,93,
124,67,101,
124,73,128,
124,86,115,
124,86,145,
124,94,178,
124,96,39,
124,96,138,
124,97,121,
124,101,85,
124,102,147,
124,107,93,
124,108,162,
124,111,81,
124,119,58,
124,121,48,
124,122,10,
124,138,20,
124,140,84,
124,142,141,
124,143,165,
124,144,177,
124,149,60,
124,150,10,
124,151,107,
124,159,145,
124,161,138,
125,14,79,
125,17,52,
125,22,113,
125,25,2,
125,27,29,
125,32,19,
125,42,18,
125,43,58,
125,47,42,
125,48,43,
125,53,105,
125,57,22,
125,68,9,
125,98,54,
125,107,100,
125,109,142,
125,110,125,
125,130,152,
125,148,131,
125,150,151,
125,159,7,
125,161,52,
125,166,146,
125,169,16,
125,170,112,
125,175,129,
125,178,88,
126,0,158,
126,3,105,
126,10,28,
126,25,47,
126,37,125,
126,40,63,
126,41,153,
126,44,17,
126,58,26,
126,73,75,
126,89,128,
126,91,120,
126,91,167,
126,107,72,
126,111,162,
126,116,91,
126,123,131,
126,127,54,
126,133,170,
126,135,46,
126,135,167,
126,142,170,
126,146,131,
126,150,171,
126,161,31,
126,162,49,
126,162,100,
126,163,57,
126,164,93,
126,169,109,
126,169,152,
126,170,156,
126,173,82,
126,176,67,
126,178,37,
127,0,28,
127,5,13,
127,10,155,
127,18,79,
127,19,108,
127,21,56,
127,41,113,
127,44,131,
127,52,45,
127,56,130,
127,57,154,
127,60,50,
127,60,81,
127,65,117,
127,81,20,
127,89,1,
127,89,23,
127,103,74,
127,103,137,
127,104,30,
127,108,129,
127,111,172,
127,112,116,
127,115,90,
127,116,106,
127,125,43,
127,129,147,
127,144,37,
127,158,86,
127,158,124,
127,166,48,
127,166,67,
127,171,7,
127,172,89,
127,175,32,
127,177,122,
128,0,149,
128,4,19,
128,15,37,
128,20,167,
128,21,150,
128,21,165,
128,33,122,
128,38,10,
128,50,61,
128,56,29,
128,57,77,
128,57,121,
128,77,26,
128,79,4,
128,90,40,
128,95,72,
128,96,45,
128,100,4,
128,105,56,
128,110,6,
128,113,119,
128,116,106,
128,120,122,
128,129,43,
128,141,93,
128,154,137,
128,156,158,
128,173,53,
128,173,116,
129,3,29,
129,4,78,
129,5,22,
129,10,21,
129,11,144,
129,22,86,
129,23,40,
129,33,5,
129,46,165,
129,49,102,
129,54,99,
129,56,20,
129,63,108,
129,64,98,
129,65,61,
129,78,114,
129,85,93,
129,99,46,
129,105,146,
129,106,57,
129,106,71,
129,108,32,
129,111,38,
129,112,21,
129,117,116,
129,117,126,
129,127,105,
129,129,61,
129,130,72,
129,149,36,
129,155,5,
129,157,68,
129,160,110,
130,0,83,
130,5,75,
130,8,56,
130,26,64,
130,44,146,
130,48,178,
130,60,46,
130,60,105,
130,63,124,
130,64,124,
130,65,34,
130,65,147,
130,66,155,
130,68,5,
130,70,103,
130,73,154,
130,83,161,
130,85,74,
130,95,51,
130,100,169,
130,105,124,
130,108,88,
130,115,90,
130,116,104,
130,117,172,
130,132,177,
130,140,144,
130,144,22,
130,154,46,
130,155,21,
130,155,53,
130,172,113,
131,2,124,
131,5,108,
131,12,153,
131,13,156,
131,15,128,
131,19,117,
131,37,51,
131,50,34,
131,57,92,
131,62,135,
131,70,16,
131,80,50,
131,80,121,
131,82,32,
131,82,107,
131,82,173,
131,84,41,
131,86,148,
131,98,60,
131,104,10,
131,106,38,
131,106,177,
131,108,89,
131,115,177,
131,117,32,
131,117,155,
131,119,167,
131,121,109,
131,125,133,
131,127,92,
131,134,34,
131,136,50,
131,137,170,
131,140,32,
131,144,46,
131,154,64,
131,164,2,
131,165,62,
131,165,107,
131,171,175,
131,176,109,
132,2,58,
132,3,3,
132,4,19,
132,6,119,
132,9,41,
132,11,116,
132,27,112,
132,30,170,
132,34,89,
132,44,103,
132,50,99,
132,55,45,
132,58,7,
132,61,57,
132,61,166,
132,69,120,
132,75,158,
132,76,151,
132,76,151,
132,96,167,
132,99,35,
132,106,141,
132,112,145,
132,115,135,
132,120,154,
132,122,79,
132,124,97,
132,126,54,
132,129,66,
132,132,108,
132,142,60,
132,144,59,
132,145,68,
132,149,33,
132,159,3,
132,167,59,
132,178,32,
132,179,5,
132,179,141,
132,179,167,
133,3,66,
133,9,10,
133,10,106,
133,11,137,
133,18,116,
133,32,95,
133,34,131,
133,48,36,
133,56,114,
133,61,18,
133,65,90,
133,72,11,
133,73,106,
133,76,36,
133,80,145,
133,85,11,
133,86,70,
133,100,160,
133,111,166,
133,137,27,
133,137,74,
133,142,0,
133,143,177,
133,145,56,
133,148,118,
133,149,71,
133,151,10,
133,152,176,
133,160,48,
133,166,59,
133,166,94,
133,172,73,
133,176,33,
134,1,115,
134,2,122,
134,3,58,
134,14,123,
134,23,35,
134,29,174,
134,36,164,
134,38,52,
134,63,3,
134,67,46,
134,67,162,
134,80,37,
134,91,140,
134,96,16,
134,107,40,
134,118,28,
134,119,107,
134,124,34,
134,128,97,
134,137,135,
134,137,177,
134,138,9,
134,143,166,
134,144,5,
134,147,139,
134,158,35,
134,160,34,
134,165,58,
134,168,28,
134,168,163,
135,4,130,
135,7,174,
135,8,114,
135,13,130,
135,20,49,
135,30,15,
135,30,89,
135,31,98,
135,38,27,
135,56,74,
135,70,35,
135,74,96,
135,93,41,
135,93,163,
135,96,99,
135,99,147,
135,112,159,
135,113,150,
135,119,170,
135,124,140,
135,131,22,
135,141,3,
135,149,8,
135,150,172,
135,151,164,
135,155,139,
135,156,98,
135,157,14,
135,157,143,
135,161,165,
135,163,45,
136,15,139,
136,16,43,
136,21,128,
136,29,48,
136,29,64,
136,31,124,
136,31,169,
136,35,125,
136,39,13,
136,43,100,
136,45,139,
136,52,141,
136,60,85,
136,62,78,
136,64,95,
136,68,26,
136,70,46,
136,72,162,
136,84,66,
136,86,25,
136,90,73,
136,96,1,
136,98,38,
136,107,67,
136,113,159,
136,116,56,
136,122,111,
136,133,106,
136,136,171,
136,139,6,
136,147,121,
136,160,92,
136,162,139,
136,163,177,
136,168,102,
136,174,23,
137,0,1,
137,4,129,
137,6,78,
137,7,103,
137,8,59,
137,12,163,
137,16,157,
137,18,42,
137,33,22,
137,44,90,
137,46,0,
137,47,72,
137,52,159,
137,54,137,
137,60,69,
137,62,75,
137,73,154,
137,75,133,
137,82,18,
137,85,111,
137,93,16,
137,93,170,
137,98,147,
137,102,48,
137,104,143,
137,120,107,
137,125,126,
137,127,43,
137,128,150,
137,137,173,
137,141,61,
137,142,55,
137,142,100,
137,144,94,
137,149,31,
137,172,17,
138,0,146,
138,3,176,
138,13,122,
138,16,60,
138,16,176,
138,17,60,
138,20,43,
138,21,138,
138,22,1,
138,24,13,
138,35,116,
138,45,81,
138,63,7,
138,64,39,
138,73,20,
138,74,145,
138,77,136,
138,84,16,
138,84,40,
138,101,74,
138,120,123,
138,125,20,
138,126,5,
138,130,95,
138,138,129,
138,143,49,
138,160,108,
139,5,165,
139,8,9,
139,11,5,
139,18,61,
139,26,77,
139,26,133,
139,42,164,
139,53,21,
139,59,175,
139,68,75,
139,74,0,
139,92,80,
139,99,96,
139,99,161,
139,100,146,
139,102,36,
139,103,95,
139,105,122,
139,110,177,
139,112,78,
139,129,153,
139,144,81,
139,151,119,
139,153,123,
139,157,37,
139,158,60,
139,162,29,
139,179,54,
140,5,162,
140,13,91,
140,16,153,
140,18,123,
140,18,148,
140,42,138,
140,53,21,
140,54,71,
140,60,70,
140,63,48,
140,64,166,
140,69,63,
140,82,138,
140,88,87,
140,101,38,
140,109,157,
140,121,126,
140,122,7,
140,122,88,
140,123,15,
140,137,36,
140,139,63,
140,151,118,
140,152,152,
140,165,91,
140,168,46,
140,171,22,
140,175,153,
141,1,108,
141,7,107,
141,10,69,
141,13,40,
141,13,46,
141,22,71,
141,24,171,
141,36,53,
141,44,33,
141,52,72,
141,61,83,
141,72,163,
141,73,75,
141,77,41,
141,82,146,
141,94,102,
141,105,39,
141,105,121,
141,112,50,
141,112,78,
141,112,98,
141,113,174,
141,114,76,
141,120,28,
141,122,68,
141,124,17,
141,126,50,
141,127,80,
141,133,118,
141,146,128,
141,153,97,
141,156,1,
141,160,154,
141,163,32,
141,169,179,
141,170,120,
141,176,47,
141,177,30,
142,11,4,
142,11,89,
142,13,91,
142,19,32,
142,20,84,
142,24,69,
142,32,94,
142,41,103,
142,46,78,
142,71,62,
142,73,29,
142,74,16,
142,74,83,
142,85,91,
142,100,31,
142,102,118,
142,110,72,
142,112,22,
142,116,76,
142,122,37,
142,124,6,
142,127,40,
142,129,119,
142,130,27,
142,131,151,
142,143,135,
142,146,76,
142,146,77,
142,150,144,
142,151,82,
142,153,26,
142,159,145,
143,10,148,
143,16,58,
143,17,34,
143,27,147,
143,36,171,
143,42,91,
143,44,26,
143,47,161,
143,49,151,
143,54,88,
143,62,78,
143,72,179,
143,76,52,
143,98,53,
143,102,14,
143,111,8,
143,114,142,
143,115,43,
143,119,51,
143,123,4,
143,123,100,
143,126,172,
143,144,57,
143,144,73,
143,144,123,
143,145,145,
143,147,37,
143,155,19,
144,6,97,
144,6,131,
144,11,85,
144,14,171,
144,30,50,
144,35,43,
144,52,24,
144,54,60,
144,54,89,
144,60,95,
144,63,130,
144,64,151,
144,71,147,
144,72,47,
144,80,170,
144,83,175,
144,104,60,
144,105,102,
144,121,30,
144,124,83,
144,133,42,
144,138,179,
144,143,44,
144,152,130,
144,157,53,
144,158,31,
144,160,56,
144,160,150,
144,164,8,
145,2,58,
145,4,7,
145,7,161,
145,12,83,
145,39,161,
145,40,119,
145,46,53,
145,47,135,
145,52,3,
145,57,13,
145,58,40,
145,60,49,
145,61,13,
145,64,70,
145,64,157,
145,72,92,
145,74,53,
145,75,134,
145,84,140,
145,87,127,
145,102,44,
145,104,28,
145,105,48,
145,106,67,
145,119,118,
145,123,174,
145,131,79,
145,131,163,
145,136,142,
145,143,12,
145,149,30,
145,156,125,
145,159,128,
145,164,16,
145,166,53,
145,167,19,
146,0,95,
146,4,58,
146,9,89,
146,18,135,
146,35,64,
146,37,151,
146,44,111,
146,49,11,
146,55,99,
146,58,134,
146,62,157,
146,62,168,
146,65,131,
146,80,105,
146,89,131,
146,94,78,
146,94,87,
146,110,42,
146,110,61,
146,113,135,
146,115,41,
146,131,146,
146,136,40,
146,143,13,
146,145,171,
146,154,31,
146,167,163,
146,170,169,
146,173,177,
147,1,28,
147,8,121,
147,11,147,
147,17,66,
147,23,2,
147,23,131,
147,26,43,
147,32,126,
147,37,81,
147,41,27,
147,49,82,
147,53,11,
147,56,92,
147,57,16,
147,63,18,
147,66,91,
147,71,101,
147,73,92,
147,78,75,
147,94,34,
147,102,33,
147,103,26,
147,107,83,
147,115,174,
147,126,116,
147,127,47,
147,128,25,
147,130,53,
147,133,40,
147,143,33,
147,152,176,
147,153,3,
147,163,17,
147,166,77,
147,168,137,
148,2,18,
148,5,174,
148,9,3,
148,10,38,
148,17,70,
148,43,124,
148,69,99,
148,78,76,
148,80,133,
148,95,156,
148,96,114,
148,112,55,
148,119,8,
148,121,131,
148,133,88,
148,145,140,
148,146,152,
148,151,4,
148,155,164,
148,158,99,
148,169,97,
149,7,125,
149,14,107,
149,16,7,
149,22,0,
149,28,158,
149,36,67,
149,36,144,
149,41,162,
149,50,9,
149,53,159,
149,54,92,
149,61,39,
149,73,159,
149,82,166,
149,83,51,
149,91,176,
149,100,7,
149,103,99,
149,107,130,
149,114,89,
149,120,70,
149,127,66,
149,145,123,
149,146,128,
149,149,19,
149,159,28,
149,161,145,
150,3,77,
150,12,5,
150,18,38,
150,19,119,
150,19,119,
150,33,163,
150,34,52,
150,35,7,
150,38,19,
150,48,61,
150,49,8,
150,51,30,
150,73,163,
150,84,135,
150,85,13,
150,87,89,
150,94,26,
150,100,13,
150,107,121,
150,118,9,
150,118,26,
150,119,9,
150,129,78,
150,137,87,
150,141,27,
150,146,85,
150,149,31,
150,163,137,
151,1,160,
151,8,169,
151,11,135,
151,13,174,
151,17,67,
151,31,170,
151,36,105,
151,38,137,
151,46,56,
151,53,36,
151,56,139,
151,63,113,
151,75,39,
151,84,97,
151,89,113,
151,103,119,
151,110,178,
151,118,175,
151,124,69,
151,127,55,
151,129,35,
151,136,177,
151,141,44,
151,144,22,
151,145,60,
151,151,59,
151,152,143,
151,152,177,
151,162,19,
151,167,148,
151,176,106,
151,178,130,
152,0,95,
152,1,16,
152,9,167,
152,15,151,
152,21,114,
152,41,97,
152,43,79,
152,46,5,
152,52,164,
152,62,59,
152,65,153,
152,90,28,
152,91,20,
152,97,41,
152,100,165,
152,102,4,
152,103,22,
152,108,64,
152,108,139,
152,112,44,
152,115,152,
152,116,119,
152,125,41,
152,138,21,
152,142,38,
152,144,8,
152,148,23,
152,155,5,
152,158,141,
152,162,23,
152,165,36,
152,172,37,
153,0,53,
153,2,32,
153,5,66,
153,7,165,
153,14,111,
153,16,95,
153,24,145,
153,27,145,
153,29,94,
153,44,107,
153,45,54,
153,47,0,
153,47,174,
153,50,151,
153,51,70,
153,61,167,
153,62,57,
153,67,89,
153,67,130,
153,69,96,
153,75,65,
153,85,107,
153,89,91,
153,98,2,
153,100,122,
153,108,56,
153,117,90,
153,119,125,
153,140,133,
153,140,161,
153,141,63,
153,147,138,
153,158,95,
153,169,35,
154,2,24,
154,2,164,
154,7,68,
154,17,2,
154,22,89,
154,22,159,
154,26,95,
154,33,52,
154,33,83,
154,34,113,
154,38,174,
154,42,46,
154,44,41,
154,44,172,
154,71,93,
154,72,4,
154,75,114,
154,83,47,
154,94,178,
154,110,124,
154,120,120,
154,124,93,
154,128,58,
154,134,168,
154,148,32,
154,156,142,
154,170,5,
154,177,177,
155,0,132,
155,5,78,
155,8,100,
155,10,105,
155,11,27,
155,20,95,
155,22,123,
155,25,177,
155,32,58,
155,43,86,
155,50,111,
155,53,57,
155,54,32,
155,60,84,
155,61,112,
155,73,24,
155,73,48,
155,75,8,
155,76,92,
155,77,177,
155,78,47,
155,88,88,
155,91,93,
155,113,177,
155,114,62,
155,116,18,
155,121,105,
155,124,10,
155,124,155,
155,126,121,
155,131,81,
155,141,138,
155,143,167,
155,146,86,
155,147,112,
156,2,32,
156,6,47,
156,8,50,
156,15,67,
156,18,163,
156,20,82,
156,34,133,
156,40,151,
156,46,114,
156,52,22,
156,52,58,
156,64,92,
156,64,156,
156,72,3,
156,78,86,
156,89,25,
156,94,24,
156,96,141,
156,99,73,
156,106,144,
156,114,168,
156,117,21,
156,120,134,
156,124,101,
156,125,76,
156,130,136,
156,135,29,
156,135,129,
156,141,167,
156,145,172,
156,152,3,
156,155,22,
156,155,96,
156,157,101,
156,163,2,
156,164,83,
156,165,31,
157,9,10,
157,13,171,
157,17,123,
157,19,101,
157,24,15,
157,24,20,
157,25,66,
157,26,99,
157,31,2,
157,41,175,
157,47,160,
157,48,69,
157,48,166,
157,62,59,
157,82,147,
157,85,146,
157,96,12,
157,110,66,
157,112,74,
157,116,177,
157,119,100,
157,120,99,
157,133,26,
157,133,108,
157,170,8,
157,170,35,
158,11,9,
158,13,25,
158,42,179,
158,43,115,
158,45,52,
158,51,179,
158,58,92,
158,60,31,
158,67,80,
158,74,28,
158,74,59,
158,78,84,
158,90,148,
158,96,147,
158,96,176,
158,97,143,
158,99,38,
158,99,161,
158,110,140,
158,122,47,
158,143,29,
158,144,96,
158,149,127,
158,160,34,
158,163,43,
158,164,57,
158,170,36,
158,175,141,
159,0,6,
159,2,110,
159,8,106,
159,27,31,
159,28,42,
159,47,123,
159,49,159,
159,54,69,
159,58,113,
159,69,175,
159,88,40,
159,89,126,
159,97,119,
159,102,31,
159,118,89,
159,119,145,
159,125,144,
159,132,62,
159,136,23,
159,137,87,
159,153,176,
159,163,68,
159,176,178,
159,178,42,
159,179,86,
160,0,171,
160,2,64,
160,4,114,
160,17,20,
160,23,72,
160,34,123,
160,50,43,
160,52,80,
160,57,65,
160,63,132,
160,70,77,
160,72,148,
160,76,139,
160,86,143,
160,96,43,
160,102,49,
160,115,24,
160,119,36,
160,128,50,
160,136,25,
160,141,19,
160,147,28,
160,149,17,
160,150,84,
160,162,34,
160,164,154,
160,168,70,
160,169,113,
160,170,94,
160,174,84,
161,14,1,
161,17,176,
161,18,12,
161,20,61,
161,33,17,
161,44,123,
161,49,148,
161,57,17,
161,60,123,
161,79,64,
161,90,70,
161,99,115,
161,102,36,
161,102,79,
161,116,171,
161,125,164,
161,134,149,
161,135,103,
161,143,36,
161,148,84,
161,154,37,
161,159,61,
161,167,10,
161,170,75,
161,177,139,
162,16,3,
162,22,29,
162,23,175,
162,31,124,
162,31,174,
162,35,142,
162,40,100,
162,40,137,
162,47,84,
162,48,3,
162,60,95,
162,67,0,
162,69,46,
162,71,6,
162,71,39,
162,72,25,
162,88,104,
162,103,61,
162,112,160,
162,118,63,
162,120,46,
162,122,133,
162,129,90,
162,131,67,
162,133,163,
162,136,64,
162,139,102,
162,139,157,
162,146,57,
162,150,67,
162,153,32,
162,154,67,
162,171,93,
162,172,153,
162,176,8,
162,179,140,
163,8,156,
163,13,49,
163,18,80,
163,28,140,
163,30,30,
163,42,140,
163,46,6,
163,82,62,
163,88,53,
163,93,58,
163,94,123,
163,104,99,
163,106,120,
163,109,119,
163,112,82,
163,113,67,
163,116,5,
163,120,170,
163,130,140,
163,134,174,
163,138,170,
163,139,120,
163,141,8,
163,148,134,
163,154,105,
163,156,5,
163,161,41,
163,172,44,
163,178,176,
163,179,122,
163,179,154,
164,0,74,
164,5,11,
164,12,146,
164,13,124,
164,34,27,
164,36,3,
164,56,108,
164,58,165,
164,59,11,
164,60,136,
164,62,50,
164,64,45,
164,65,143,
164,72,22,
164,79,87,
164,82,11,
164,89,46,
164,90,86,
164,110,7,
164,112,98,
164,112,114,
164,113,19,
164,113,84,
164,117,144,
164,121,97,
164,128,124,
164,129,95,
164,131,104,
164,149,129,
164,149,173,
164,155,96,
164,159,58,
164,160,19,
164,162,171,
164,163,100,
164,167,109,
164,179,29,
165,16,68,
165,22,133,
165,31,173,
165,34,116,
165,44,21,
165,57,130,
165,68,108,
165,70,87,
165,72,29,
165,74,8,
165,77,157,
165,85,26,
165,91,124,
165,93,56,
165,101,42,
165,106,93,
165,107,21,
165,111,138,
165,112,127,
165,120,90,
165,124,161,
165,129,91,
165,136,147,
165,139,5,
165,140,19,
165,140,34,
165,171,101,
165,171,129,
165,177,86,
166,2,30,
166,2,77,
166,4,108,
166,6,175,
166,15,1,
166,18,150,
166,25,0,
166,28,61,
166,32,116,
166,33,143,
166,37,110,
166,58,136,
166,60,105,
166,71,163,
166,78,118,
166,82,178,
166,87,148,
166,89,146,
166,99,132,
166,100,28,
166,105,12,
166,106,172,
166,118,81,
166,120,22,
166,125,39,
166,129,178,
166,134,127,
166,136,45,
166,157,63,
166,159,136,
166,161,37,
166,163,31,
166,167,34,
167,4,10,
167,6,11,
167,18,68,
167,18,169,
167,19,133,
167,20,100,
167,24,72,
167,52,50,
167,52,145,
167,53,13,
167,55,123,
167,55,161,
167,56,139,
167,59,75,
167,62,105,
167,65,36,
167,72,173,
167,73,22,
167,75,66,
167,79,65,
167,83,49,
167,87,138,
167,87,141,
167,88,25,
167,92,144,
167,93,117,
167,110,148,
167,111,14,
167,117,7,
167,117,103,
167,122,44,
167,132,52,
167,136,54,
167,138,94,
167,144,17,
167,153,98,
167,157,83,
167,165,162,
167,168,141,
167,171,14,
167,173,33,
167,174,35,
168,0,16,
168,13,177,
168,17,44,
168,26,31,
168,26,121,
168,28,46,
168,29,41,
168,34,114,
168,42,62,
168,46,107,
168,55,147,
168,61,27,
168,75,99,
168,101,34,
168,104,96,
168,104,168,
168,112,121,
168,113,79,
168,114,109,
168,120,40,
168,121,45,
168,121,95,
168,127,154,
168,139,3,
168,148,8,
168,155,103,
168,156,10,
168,156,179,
168,160,141,
168,161,124,
168,162,33,
168,162,164,
168,168,80,
168,171,141,
168,178,116,
169,6,151,
169,9,102,
169,13,32,
169,13,148,
169,21,22,
169,27,117,
169,28,57,
169,35,172,
169,36,48,
169,37,8,
169,51,94,
169,51,107,
169,54,165,
169,58,37,
169,62,90,
169,77,30,
169,85,27,
169,85,173,
169,86,151,
169,99,148,
169,126,140,
169,130,167,
169,139,5,
169,152,77,
169,156,15,
169,164,29,
169,175,98,
170,4,81,
170,13,71,
170,25,22,
170,36,64,
170,37,45,
170,49,58,
170,52,103,
170,52,152,
170,57,121,
170,64,27,
170,66,156,
170,68,149,
170,69,54,
170,69,107,
170,73,107,
170,75,129,
170,76,133,
170,80,48,
170,80,101,
170,82,150,
170,102,55,
170,102,134,
170,106,36,
170,124,12,
170,139,0,
170,140,161,
170,142,9,
170,142,25,
170,143,175,
170,150,150,
170,164,70,
170,164,157,
170,164,164,
170,165,37,
170,170,50,
171,3,20,
171,11,114,
171,15,176,
171,16,94,
171,26,165,
171,27,146,
171,38,124,
171,41,125,
171,50,46,
171,50,150,
171,54,119,
171,58,108,
171,64,23,
171,73,98,
171,92,139,
171,100,140,
171,101,52,
171,101,178,
171,111,101,
171,111,129,
171,115,9,
171,121,21,
171,128,145,
171,133,7,
171,141,83,
171,143,159,
171,160,112,
171,162,66,
171,166,71,
171,166,98,
171,170,105,
171,175,3,
171,175,7,
172,1,141,
172,3,163,
172,3,171,
172,4,96,
172,8,154,
172,13,160,
172,25,2,
172,41,71,
172,44,89,
172,46,32,
172,75,51,
172,81,145,
172,83,130,
172,90,96,
172,105,65,
172,108,61,
172,116,110,
172,119,110,
172,133,18,
172,134,39,
172,136,169,
172,152,135,
172,159,155,
172,162,68,
172,165,38,
172,167,167,
172,168,19,
172,169,31,
172,172,28,
173,11,45,
173,15,172,
173,16,152,
173,33,88,
173,37,136,
173,49,32,
173,49,72,
173,49,104,
173,65,173,
173,71,92,
173,71,115,
173,75,2,
173,75,98,
173,78,120,
173,85,159,
173,86,115,
173,91,16,
173,101,165,
173,104,150,
173,105,162,
173,109,25,
173,111,164,
173,133,66,
173,140,134,
173,150,101,
173,161,115,
173,167,50,
174,0,38,
174,3,67,
174,4,8,
174,8,50,
174,9,84,
174,10,80,
174,13,167,
174,28,130,
174,35,46,
174,35,144,
174,44,82,
174,47,165,
174,49,25,
174,49,74,
174,50,41,
174,50,75,
174,51,123,
174,57,39,
174,72,67,
174,78,116,
174,79,69,
174,80,173,
174,84,62,
174,86,23,
174,96,89,
174,109,128,
174,111,27,
174,127,118,
174,128,154,
174,131,133,
174,135,68,
174,152,5,
174,162,17,
174,163,78,
174,166,141,
174,168,122,
174,173,34,
174,174,8,
174,177,121,
174,178,86,
175,4,77,
175,9,107,
175,11,28,
175,13,168,
175,14,62,
175,16,76,
175,16,166,
175,35,94,
175,42,79,
175,43,45,
175,43,83,
175,49,16,
175,50,122,
175,62,141,
175,63,10,
175,66,152,
175,79,117,
175,82,158,
175,114,174,
175,119,170,
175,124,119,
175,127,68,
175,134,91,
175,141,135,
175,144,103,
175,148,33,
175,150,171,
175,163,14,
175,173,140,
176,6,123,
176,8,179,
176,37,99,
176,55,122,
176,56,107,
176,66,110,
176,71,139,
176,77,146,
176,81,60,
176,83,4,
176,89,27,
176,92,86,
176,93,65,
176,95,84,
176,98,151,
176,100,95,
176,101,66,
176,112,72,
176,115,66,
176,118,14,
176,126,122,
176,127,150,
176,134,109,
176,137,104,
176,146,8,
176,155,143,
176,158,144,
176,163,145,
177,0,165,
177,2,48,
177,4,76,
177,8,6,
177,20,71,
177,23,40,
177,31,23,
177,37,72,
177,43,63,
177,53,112,
177,56,145,
177,62,18,
177,95,88,
177,100,157,
177,111,21,
177,111,157,
177,113,122,
177,113,169,
177,115,112,
177,122,161,
177,128,103,
177,130,94,
177,137,124,
177,149,109,
177,155,14,
177,156,60,
177,159,53,
177,167,139,
177,169,53,
177,173,120,
178,0,99,
178,0,156,
178,14,171,
178,17,142,
178,30,109,
178,33,155,
178,35,53,
178,36,20,
178,39,52,
178,40,57,
178,54,143,
178,67,112,
178,67,148,
178,71,41,
178,81,53,
178,81,63,
178,90,19,
178,92,171,
178,93,12,
178,93,13,
178,99,165,
178,101,171,
178,104,109,
178,108,92,
178,110,129,
178,114,173,
178,116,155,
178,125,91,
178,132,121,
178,141,99,
178,145,82,
178,149,130,
178,151,170,
178,152,147,
178,156,52,
178,165,89,
178,173,0,
178,175,60,
179,8,16,
179,11,107,
179,29,83,
179,33,84,
179,34,12,
179,35,122,
179,36,19,
179,37,96,
179,41,102,
179,55,103,
179,62,17,
179,64,129,
179,66,87,
179,67,85,
179,70,82,
179,72,103,
179,73,47,
179,80,24,
179,82,157,
179,91,76,
179,93,90,
179,94,51,
179,94,156,
179,107,41,
179,111,108,
179,118,27,
179,125,31,
179,128,130,
179,140,62,
179,144,117,
179,153,41,
179,156,164,
179,166,87,
179,168,154,
179,172,145,
