0,0,0,
0,0,0,
0,0,0,
0,0,0,
0,0,0,
0,0,0,
0,0,0,
0,0,0,
0,0,0,
0,0,0,
0,0,0,
0,0,0,
0,0,0,
0,0,0,
0,0,0,
0,0,1,
0,0,1,
0,0,1,
0,0,1,
0,0,1,
0,0,1,
0,0,2,
0,0,2,
0,0,2,
0,0,2,
0,0,3,
0,0,3,
0,0,4,
0,0,4,
0,0,5,
0,0,5,
0,0,5,
0,0,5,
0,0,6,
0,0,6,
0,0,6,
0,0,8,
0,0,9,
0,0,11,
0,0,12,
0,0,12,
0,0,12,
0,0,13,
0,0,14,
0,0,16,
0,0,17,
0,0,19,
0,0,19,
0,0,20,
0,0,20,
0,0,24,
0,0,27,
0,0,29,
0,0,31,
0,0,35,
0,0,36,
0,0,41,
0,0,44,
0,0,45,
0,0,45,
0,0,46,
0,0,46,
0,0,51,
0,0,53,
0,0,62,
0,0,62,
0,0,63,
0,0,66,
0,0,81,
0,0,83,
0,0,84,
0,0,88,
0,0,90,
0,0,95,
0,0,98,
0,0,99,
0,0,104,
0,0,104,
0,0,116,
0,0,122,
0,0,127,
0,0,142,
0,1,0,
0,1,0,
0,1,0,
0,1,0,
0,1,0,
0,1,1,
0,1,1,
0,1,1,
0,1,1,
0,1,1,
0,1,1,
0,1,2,
0,1,2,
0,1,3,
0,1,4,
0,1,5,
0,1,5,
0,1,6,
0,1,8,
0,1,8,
0,1,9,
0,1,11,
0,1,12,
0,1,12,
0,1,12,
0,1,12,
0,1,14,
0,1,15,
0,1,16,
0,1,18,
0,1,21,
0,1,22,
0,1,23,
0,1,27,
0,1,28,
0,1,35,
0,1,36,
0,1,42,
0,1,45,
0,1,54,
0,1,62,
0,1,63,
0,1,66,
0,1,70,
0,1,90,
0,1,91,
0,1,97,
0,1,99,
0,1,103,
0,1,107,
0,1,123,
0,1,126,
0,1,136,
0,1,152,
0,1,158,
0,2,0,
0,2,0,
0,2,0,
0,2,0,
0,2,1,
0,2,1,
0,2,3,
0,2,3,
0,2,5,
0,2,6,
0,2,8,
0,2,9,
0,2,10,
0,2,12,
0,2,14,
0,2,15,
0,2,17,
0,2,22,
0,2,28,
0,2,34,
0,2,37,
0,2,42,
0,2,44,
0,2,70,
0,2,74,
0,2,79,
0,2,89,
0,2,101,
0,2,110,
0,2,111,
0,3,0,
0,3,0,
0,3,0,
0,3,0,
0,3,1,
0,3,2,
0,3,3,
0,3,4,
0,3,5,
0,3,7,
0,3,8,
0,3,10,
0,3,10,
0,3,10,
0,3,11,
0,3,14,
0,3,18,
0,3,20,
0,3,21,
0,3,35,
0,3,37,
0,3,39,
0,3,76,
0,3,122,
0,3,139,
0,3,148,
0,4,0,
0,4,0,
0,4,2,
0,4,3,
0,4,4,
0,4,14,
0,4,15,
0,4,17,
0,4,29,
0,4,36,
0,4,61,
0,4,71,
0,4,94,
0,4,101,
0,4,109,
0,5,0,
0,5,1,
0,5,3,
0,5,4,
0,5,4,
0,5,5,
0,5,6,
0,5,7,
0,5,8,
0,5,8,
0,5,10,
0,5,17,
0,5,31,
0,5,43,
0,5,85,
0,5,121,
0,5,125,
0,5,144,
0,6,0,
0,6,1,
0,6,1,
0,6,1,
0,6,2,
0,6,3,
0,6,6,
0,6,20,
0,6,40,
0,6,48,
0,6,76,
0,6,83,
0,7,0,
0,7,0,
0,7,0,
0,7,1,
0,7,1,
0,7,3,
0,7,3,
0,7,7,
0,7,10,
0,7,19,
0,7,28,
0,7,33,
0,7,45,
0,7,48,
0,7,56,
0,7,67,
0,7,69,
0,7,114,
0,7,153,
0,8,0,
0,8,1,
0,8,1,
0,8,2,
0,8,2,
0,8,4,
0,8,5,
0,8,9,
0,8,12,
0,8,14,
0,8,35,
0,8,74,
0,8,99,
0,8,121,
0,8,144,
0,9,3,
0,9,7,
0,9,18,
0,9,40,
0,9,48,
0,9,98,
0,10,0,
0,10,0,
0,10,1,
0,10,1,
0,10,1,
0,10,3,
0,10,7,
0,10,11,
0,10,20,
0,10,27,
0,10,53,
0,10,84,
0,11,0,
0,11,0,
0,11,4,
0,11,16,
0,11,53,
0,11,115,
0,11,127,
0,12,1,
0,12,1,
0,12,3,
0,12,8,
0,12,14,
0,12,15,
0,12,22,
0,12,37,
0,12,37,
0,12,71,
0,13,0,
0,13,0,
0,13,3,
0,13,9,
0,14,1,
0,14,6,
0,14,6,
0,14,7,
0,14,7,
0,14,9,
0,14,12,
0,14,15,
0,14,48,
0,14,49,
0,14,63,
0,14,101,
0,15,1,
0,15,2,
0,15,2,
0,15,125,
0,16,0,
0,16,0,
0,17,0,
0,17,2,
0,17,16,
0,17,43,
0,17,54,
0,17,146,
0,18,2,
0,18,4,
0,18,5,
0,18,6,
0,18,15,
0,18,147,
0,19,3,
0,19,6,
0,19,9,
0,19,63,
0,19,126,
0,20,0,
0,20,3,
0,20,19,
0,20,69,
0,20,109,
0,20,118,
0,20,139,
0,21,0,
0,21,0,
0,21,1,
0,21,2,
0,21,10,
0,21,32,
0,21,154,
0,22,0,
0,22,0,
0,22,1,
0,22,2,
0,22,6,
0,22,8,
0,22,9,
0,22,18,
0,22,68,
0,22,69,
0,23,0,
0,23,11,
0,23,36,
0,23,68,
0,24,1,
0,24,47,
0,24,50,
0,25,0,
0,25,0,
0,25,1,
0,25,2,
0,25,8,
0,25,103,
0,26,0,
0,26,1,
0,26,15,
0,26,30,
0,26,33,
0,26,127,
0,27,4,
0,27,6,
0,27,57,
0,28,1,
0,28,4,
0,28,4,
0,28,14,
0,28,67,
0,29,1,
0,29,8,
0,29,10,
0,29,31,
0,29,56,
0,29,73,
0,30,1,
0,30,2,
0,30,5,
0,30,25,
0,30,84,
0,31,2,
0,31,6,
0,31,7,
0,32,0,
0,32,0,
0,32,4,
0,32,21,
0,32,68,
0,33,39,
0,33,92,
0,34,2,
0,34,2,
0,34,71,
0,34,137,
0,35,1,
0,35,7,
0,35,30,
0,35,39,
0,35,140,
0,36,83,
0,37,1,
0,37,103,
0,38,0,
0,38,15,
0,39,1,
0,39,8,
0,39,11,
0,40,98,
0,41,3,
0,41,8,
0,41,11,
0,42,1,
0,42,17,
0,42,28,
0,42,36,
0,43,11,
0,45,0,
0,45,0,
0,45,1,
0,45,4,
0,45,72,
0,46,6,
0,46,19,
0,46,41,
0,47,23,
0,48,31,
0,49,0,
0,49,3,
0,50,0,
0,50,2,
0,50,2,
0,51,156,
0,52,5,
0,53,5,
0,55,80,
0,56,3,
0,56,5,
0,56,25,
0,57,20,
0,57,50,
0,57,103,
0,58,6,
0,58,13,
0,58,143,
0,60,19,
0,60,58,
0,61,14,
0,63,0,
0,63,1,
0,63,1,
0,63,2,
0,63,5,
0,63,63,
0,63,154,
0,65,2,
0,65,2,
0,65,11,
0,66,0,
0,66,92,
0,67,39,
0,68,2,
0,68,19,
0,68,34,
0,69,10,
0,69,22,
0,70,0,
0,70,14,
0,70,24,
0,71,7,
0,71,28,
0,71,106,
0,72,0,
0,72,10,
0,72,121,
0,72,133,
0,73,0,
0,73,5,
0,74,12,
0,74,15,
0,75,4,
0,75,21,
0,76,1,
0,76,5,
0,77,6,
0,78,1,
0,78,20,
0,79,0,
0,81,20,
0,81,145,
0,82,1,
0,82,25,
0,83,19,
0,84,3,
0,85,34,
0,86,1,
0,86,82,
0,88,10,
0,89,3,
0,89,58,
0,91,1,
0,91,1,
0,92,11,
0,92,50,
0,93,148,
0,94,9,
0,95,72,
0,96,8,
0,97,2,
0,99,0,
0,99,27,
0,100,6,
0,101,34,
0,102,0,
0,102,4,
0,103,0,
0,103,4,
0,103,46,
0,104,0,
0,105,3,
0,106,62,
0,109,3,
0,109,7,
0,111,52,
0,113,29,
0,113,35,
0,114,0,
0,115,2,
0,115,23,
0,117,0,
0,117,16,
0,119,0,
0,121,0,
0,121,4,
0,125,113,
0,127,0,
0,127,8,
0,129,0,
0,129,3,
0,131,0,
0,131,2,
0,136,0,
0,137,0,
0,143,1,
0,143,44,
0,143,133,
0,145,4,
0,145,37,
0,146,1,
0,146,9,
0,148,0,
0,148,94,
0,151,3,
0,151,73,
0,154,0,
0,154,3,
0,155,22,
0,156,8,
0,156,10,
0,158,23,
1,0,0,
1,0,0,
1,0,0,
1,0,0,
1,0,0,
1,0,1,
1,0,1,
1,0,1,
1,0,1,
1,0,1,
1,0,2,
1,0,3,
1,0,3,
1,0,3,
1,0,4,
1,0,4,
1,0,5,
1,0,5,
1,0,6,
1,0,7,
1,0,7,
1,0,8,
1,0,9,
1,0,13,
1,0,14,
1,0,14,
1,0,14,
1,0,27,
1,0,29,
1,0,32,
1,0,34,
1,0,37,
1,0,38,
1,0,42,
1,0,55,
1,0,118,
1,0,119,
1,0,156,
1,1,0,
1,1,0,
1,1,0,
1,1,0,
1,1,0,
1,1,0,
1,1,0,
1,1,0,
1,1,1,
1,1,3,
1,1,3,
1,1,3,
1,1,5,
1,1,6,
1,1,6,
1,1,7,
1,1,11,
1,1,15,
1,1,15,
1,1,29,
1,1,46,
1,1,53,
1,1,61,
1,1,69,
1,1,72,
1,1,88,
1,1,94,
1,1,100,
1,1,108,
1,1,132,
1,2,0,
1,2,0,
1,2,0,
1,2,0,
1,2,0,
1,2,2,
1,2,11,
1,2,24,
1,2,35,
1,2,36,
1,2,52,
1,2,59,
1,2,63,
1,2,86,
1,2,97,
1,2,99,
1,2,137,
1,2,156,
1,3,0,
1,3,1,
1,3,1,
1,3,1,
1,3,2,
1,3,8,
1,3,21,
1,3,108,
1,3,133,
1,4,0,
1,4,0,
1,4,0,
1,4,2,
1,4,3,
1,4,19,
1,4,23,
1,4,79,
1,4,85,
1,5,0,
1,5,1,
1,5,2,
1,5,7,
1,5,9,
1,5,26,
1,5,55,
1,5,62,
1,5,109,
1,5,129,
1,5,133,
1,5,134,
1,6,0,
1,6,0,
1,6,1,
1,6,1,
1,6,1,
1,6,3,
1,6,4,
1,6,5,
1,6,5,
1,6,10,
1,6,11,
1,6,14,
1,6,20,
1,6,27,
1,6,32,
1,6,65,
1,6,77,
1,6,98,
1,7,0,
1,7,0,
1,7,2,
1,7,5,
1,7,6,
1,7,26,
1,7,26,
1,7,33,
1,7,49,
1,7,69,
1,8,21,
1,8,34,
1,8,70,
1,8,102,
1,9,1,
1,9,1,
1,9,20,
1,9,33,
1,9,47,
1,9,54,
1,9,59,
1,10,5,
1,10,9,
1,10,39,
1,10,125,
1,11,0,
1,11,0,
1,11,39,
1,11,50,
1,11,72,
1,12,0,
1,12,1,
1,12,7,
1,12,10,
1,12,15,
1,12,17,
1,12,52,
1,12,69,
1,12,86,
1,12,105,
1,14,0,
1,14,18,
1,14,119,
1,15,1,
1,15,114,
1,16,0,
1,16,15,
1,17,0,
1,17,8,
1,17,11,
1,17,15,
1,17,34,
1,18,3,
1,18,7,
1,18,33,
1,18,39,
1,19,0,
1,19,6,
1,19,87,
1,20,33,
1,20,46,
1,20,82,
1,21,28,
1,21,95,
1,22,0,
1,22,8,
1,22,14,
1,22,35,
1,23,0,
1,23,3,
1,23,5,
1,23,21,
1,23,44,
1,24,0,
1,24,3,
1,24,4,
1,25,9,
1,25,12,
1,25,25,
1,26,2,
1,26,18,
1,27,0,
1,27,6,
1,27,60,
1,28,30,
1,29,0,
1,29,8,
1,29,107,
1,32,2,
1,32,27,
1,32,43,
1,33,4,
1,33,25,
1,33,65,
1,34,43,
1,36,4,
1,36,6,
1,37,5,
1,38,4,
1,38,38,
1,39,4,
1,39,16,
1,40,114,
1,40,144,
1,41,6,
1,41,78,
1,42,2,
1,42,7,
1,43,28,
1,43,40,
1,44,2,
1,44,14,
1,44,116,
1,45,8,
1,45,84,
1,46,22,
1,46,103,
1,48,5,
1,50,2,
1,50,14,
1,51,16,
1,54,3,
1,54,5,
1,54,36,
1,54,48,
1,55,0,
1,56,0,
1,56,50,
1,57,4,
1,57,65,
1,57,152,
1,59,4,
1,60,4,
1,60,5,
1,62,63,
1,63,4,
1,63,10,
1,65,43,
1,65,114,
1,66,0,
1,68,64,
1,72,5,
1,74,2,
1,74,85,
1,77,59,
1,77,92,
1,78,1,
1,78,56,
1,81,2,
1,84,10,
1,86,41,
1,88,2,
1,89,4,
1,92,139,
1,94,3,
1,96,28,
1,96,107,
1,98,30,
1,100,0,
1,100,3,
1,100,48,
1,103,1,
1,104,33,
1,106,6,
1,106,134,
1,107,0,
1,107,31,
1,107,102,
1,107,112,
1,109,0,
1,110,0,
1,114,40,
1,115,22,
1,115,32,
1,117,0,
1,121,0,
1,122,0,
1,127,9,
1,128,0,
1,128,2,
1,131,77,
1,132,0,
1,134,89,
1,137,11,
1,138,6,
1,144,113,
1,151,2,
1,152,8,
1,155,60,
1,156,28,
1,158,75,
1,159,13,
2,0,0,
2,0,0,
2,0,0,
2,0,0,
2,0,0,
2,0,0,
2,0,1,
2,0,2,
2,0,2,
2,0,3,
2,0,5,
2,0,5,
2,0,6,
2,0,11,
2,0,18,
2,0,20,
2,0,27,
2,0,31,
2,0,34,
2,0,41,
2,0,43,
2,0,55,
2,0,81,
2,0,82,
2,1,0,
2,1,0,
2,1,0,
2,1,0,
2,1,1,
2,1,1,
2,1,1,
2,1,1,
2,1,2,
2,1,3,
2,1,10,
2,1,10,
2,1,26,
2,1,29,
2,1,30,
2,1,33,
2,1,35,
2,1,53,
2,1,82,
2,2,0,
2,2,0,
2,2,1,
2,2,2,
2,2,5,
2,2,5,
2,2,6,
2,2,7,
2,2,8,
2,2,14,
2,2,17,
2,2,47,
2,2,54,
2,2,63,
2,2,71,
2,2,96,
2,2,103,
2,2,111,
2,2,151,
2,3,1,
2,3,1,
2,3,2,
2,3,13,
2,3,17,
2,3,17,
2,3,53,
2,3,71,
2,3,98,
2,4,0,
2,4,2,
2,4,3,
2,4,7,
2,4,11,
2,4,16,
2,4,74,
2,4,122,
2,5,0,
2,5,1,
2,5,2,
2,5,10,
2,5,18,
2,5,111,
2,6,0,
2,6,1,
2,6,4,
2,6,37,
2,6,56,
2,6,132,
2,7,3,
2,7,7,
2,7,21,
2,7,26,
2,7,114,
2,8,0,
2,8,4,
2,8,13,
2,8,29,
2,9,0,
2,9,9,
2,9,13,
2,9,72,
2,10,0,
2,10,0,
2,10,14,
2,10,55,
2,10,67,
2,11,2,
2,12,0,
2,12,1,
2,12,17,
2,12,74,
2,13,5,
2,13,20,
2,13,50,
2,13,55,
2,13,96,
2,14,2,
2,14,7,
2,14,21,
2,15,10,
2,16,3,
2,16,26,
2,16,49,
2,16,135,
2,17,10,
2,17,14,
2,18,31,
2,18,101,
2,19,14,
2,19,14,
2,19,92,
2,20,4,
2,21,116,
2,22,7,
2,22,46,
2,22,50,
2,23,4,
2,23,5,
2,23,9,
2,24,1,
2,24,133,
2,25,5,
2,26,0,
2,26,9,
2,27,0,
2,27,5,
2,29,12,
2,29,18,
2,30,16,
2,31,0,
2,31,33,
2,34,91,
2,35,9,
2,40,10,
2,40,51,
2,41,2,
2,42,5,
2,42,130,
2,43,38,
2,43,47,
2,44,0,
2,47,5,
2,47,86,
2,49,105,
2,50,23,
2,51,0,
2,51,14,
2,52,38,
2,53,97,
2,56,62,
2,58,1,
2,58,3,
2,59,10,
2,60,78,
2,63,6,
2,64,0,
2,65,12,
2,65,46,
2,67,64,
2,71,8,
2,73,25,
2,73,53,
2,74,1,
2,74,15,
2,75,4,
2,75,46,
2,78,157,
2,80,19,
2,82,1,
2,82,37,
2,85,0,
2,85,29,
2,85,71,
2,86,13,
2,87,92,
2,91,13,
2,91,26,
2,92,71,
2,95,115,
2,98,44,
2,99,0,
2,100,76,
2,101,1,
2,101,86,
2,104,0,
2,105,23,
2,106,1,
2,106,11,
2,107,6,
2,107,39,
2,111,1,
2,114,10,
2,116,22,
2,116,152,
2,120,15,
2,120,19,
2,120,76,
2,120,139,
2,125,0,
2,129,0,
2,129,6,
2,132,36,
2,134,90,
2,135,28,
2,135,50,
2,138,3,
2,138,12,
2,142,47,
2,146,8,
2,148,12,
2,149,13,
2,152,2,
2,154,0,
3,0,0,
3,0,0,
3,0,0,
3,0,0,
3,0,1,
3,0,1,
3,0,2,
3,0,2,
3,0,2,
3,0,6,
3,0,6,
3,0,8,
3,0,9,
3,0,9,
3,0,10,
3,0,15,
3,0,18,
3,0,19,
3,0,20,
3,0,20,
3,0,26,
3,0,37,
3,0,40,
3,0,43,
3,0,58,
3,0,60,
3,0,92,
3,0,104,
3,0,127,
3,1,1,
3,1,1,
3,1,3,
3,1,5,
3,1,6,
3,1,6,
3,1,22,
3,1,36,
3,1,44,
3,1,48,
3,1,63,
3,1,78,
3,1,101,
3,1,158,
3,2,0,
3,2,0,
3,2,2,
3,2,3,
3,2,5,
3,2,7,
3,2,9,
3,2,20,
3,2,59,
3,2,130,
3,3,0,
3,3,0,
3,3,2,
3,3,3,
3,3,3,
3,3,40,
3,4,0,
3,4,2,
3,4,3,
3,4,13,
3,4,40,
3,4,48,
3,4,48,
3,4,102,
3,5,1,
3,5,4,
3,5,8,
3,5,11,
3,5,85,
3,6,2,
3,6,36,
3,6,73,
3,6,130,
3,7,0,
3,7,1,
3,7,21,
3,7,74,
3,7,133,
3,8,1,
3,8,2,
3,9,18,
3,9,38,
3,9,41,
3,9,46,
3,9,106,
3,9,130,
3,10,36,
3,11,0,
3,11,0,
3,11,0,
3,11,1,
3,11,15,
3,11,42,
3,11,51,
3,11,79,
3,11,83,
3,12,25,
3,13,4,
3,13,40,
3,14,2,
3,14,10,
3,14,54,
3,14,64,
3,14,127,
3,15,0,
3,15,1,
3,15,20,
3,15,87,
3,15,153,
3,16,30,
3,16,144,
3,17,0,
3,17,2,
3,18,1,
3,21,1,
3,22,0,
3,22,71,
3,23,0,
3,23,4,
3,23,12,
3,23,94,
3,24,4,
3,24,13,
3,25,2,
3,25,22,
3,26,1,
3,28,46,
3,29,26,
3,29,88,
3,30,3,
3,30,96,
3,31,13,
3,31,43,
3,31,78,
3,32,0,
3,32,0,
3,32,63,
3,35,3,
3,35,22,
3,37,1,
3,37,31,
3,38,0,
3,39,3,
3,40,6,
3,40,157,
3,42,43,
3,42,45,
3,44,0,
3,46,2,
3,47,8,
3,49,12,
3,49,33,
3,50,7,
3,51,0,
3,52,12,
3,53,1,
3,55,20,
3,58,0,
3,59,7,
3,61,1,
3,62,1,
3,64,74,
3,65,18,
3,68,0,
3,71,32,
3,74,140,
3,80,4,
3,81,28,
3,82,37,
3,83,24,
3,83,68,
3,86,5,
3,87,86,
3,87,91,
3,90,11,
3,97,61,
3,102,4,
3,105,27,
3,116,11,
3,117,0,
3,117,3,
3,123,5,
3,136,2,
3,137,6,
3,141,1,
3,145,0,
3,149,16,
3,156,6,
4,0,0,
4,0,0,
4,0,1,
4,0,1,
4,0,1,
4,0,1,
4,0,3,
4,0,4,
4,0,4,
4,0,4,
4,0,5,
4,0,5,
4,0,7,
4,0,7,
4,0,7,
4,0,16,
4,0,17,
4,0,26,
4,0,26,
4,0,35,
4,0,44,
4,0,93,
4,0,105,
4,1,0,
4,1,1,
4,1,2,
4,1,7,
4,1,10,
4,1,20,
4,1,21,
4,1,60,
4,1,65,
4,1,91,
4,1,99,
4,1,117,
4,2,0,
4,2,0,
4,2,2,
4,2,16,
4,2,20,
4,2,36,
4,2,54,
4,2,100,
4,2,100,
4,2,105,
4,2,120,
4,3,1,
4,3,21,
4,4,2,
4,4,9,
4,4,16,
4,4,20,
4,4,23,
4,4,29,
4,4,34,
4,4,50,
4,4,138,
4,5,0,
4,5,1,
4,5,1,
4,5,2,
4,5,6,
4,5,9,
4,5,113,
4,6,0,
4,7,1,
4,7,47,
4,7,100,
4,7,148,
4,9,28,
4,9,35,
4,10,0,
4,10,0,
4,12,2,
4,13,42,
4,15,5,
4,15,5,
4,16,0,
4,16,0,
4,16,26,
4,17,2,
4,17,3,
4,17,7,
4,18,0,
4,20,80,
4,21,4,
4,21,101,
4,22,11,
4,22,142,
4,23,59,
4,24,1,
4,24,114,
4,26,87,
4,29,2,
4,31,5,
4,34,0,
4,34,47,
4,35,1,
4,37,79,
4,38,10,
4,38,101,
4,39,3,
4,40,2,
4,40,81,
4,41,0,
4,46,23,
4,48,0,
4,50,46,
4,51,28,
4,53,7,
4,55,13,
4,55,33,
4,57,4,
4,57,41,
4,59,0,
4,59,2,
4,62,0,
4,65,6,
4,71,4,
4,77,0,
4,79,12,
4,84,0,
4,86,17,
4,97,6,
4,98,2,
4,101,3,
4,104,154,
4,106,0,
4,118,12,
4,118,149,
4,131,124,
4,140,2,
4,142,101,
4,143,18,
4,145,0,
4,148,6,
4,149,92,
5,0,0,
5,0,0,
5,0,0,
5,0,1,
5,0,1,
5,0,1,
5,0,1,
5,0,3,
5,0,3,
5,0,3,
5,0,12,
5,0,12,
5,0,20,
5,0,25,
5,0,58,
5,1,0,
5,1,1,
5,1,2,
5,1,3,
5,1,3,
5,1,4,
5,1,20,
5,1,21,
5,1,35,
5,1,46,
5,1,67,
5,2,1,
5,2,1,
5,2,2,
5,2,5,
5,2,7,
5,2,23,
5,2,34,
5,3,11,
5,3,13,
5,3,26,
5,3,42,
5,4,0,
5,4,1,
5,4,15,
5,4,29,
5,5,1,
5,5,5,
5,5,11,
5,5,48,
5,6,0,
5,7,26,
5,7,36,
5,7,48,
5,7,132,
5,8,0,
5,8,2,
5,8,40,
5,9,7,
5,9,35,
5,10,3,
5,10,108,
5,11,1,
5,11,9,
5,11,11,
5,11,18,
5,11,38,
5,12,103,
5,13,29,
5,13,110,
5,14,14,
5,15,92,
5,16,10,
5,17,26,
5,18,0,
5,19,0,
5,19,93,
5,23,14,
5,26,0,
5,26,11,
5,27,65,
5,27,65,
5,28,1,
5,28,11,
5,28,38,
5,29,36,
5,29,96,
5,30,5,
5,30,138,
5,31,1,
5,33,20,
5,34,0,
5,39,1,
5,39,16,
5,39,151,
5,40,7,
5,41,0,
5,44,1,
5,44,2,
5,45,3,
5,46,0,
5,47,27,
5,50,6,
5,50,58,
5,51,70,
5,56,48,
5,57,16,
5,58,0,
5,59,103,
5,66,63,
5,70,20,
5,70,26,
5,80,9,
5,84,0,
5,85,9,
5,86,17,
5,95,2,
5,98,7,
5,99,1,
5,101,28,
5,108,25,
5,108,79,
5,111,27,
5,112,54,
5,117,31,
5,118,80,
5,119,19,
5,122,24,
5,123,2,
5,125,1,
5,128,9,
5,128,89,
5,139,5,
5,144,49,
5,145,2,
5,146,5,
5,147,38,
5,153,6,
5,159,0,
6,0,0,
6,0,2,
6,0,5,
6,0,6,
6,0,9,
6,0,10,
6,0,20,
6,0,31,
6,0,33,
6,0,145,
6,1,0,
6,1,0,
6,1,0,
6,1,7,
6,1,12,
6,1,13,
6,1,67,
6,2,1,
6,2,7,
6,2,7,
6,2,10,
6,2,13,
6,2,85,
6,2,152,
6,3,1,
6,3,3,
6,3,21,
6,3,40,
6,3,62,
6,3,110,
6,4,0,
6,4,1,
6,4,14,
6,4,38,
6,4,105,
6,5,0,
6,5,5,
6,5,5,
6,5,35,
6,5,103,
6,5,130,
6,6,3,
6,6,5,
6,7,1,
6,7,20,
6,9,6,
6,9,36,
6,9,57,
6,10,15,
6,12,122,
6,12,154,
6,14,28,
6,14,64,
6,17,3,
6,18,15,
6,18,128,
6,20,1,
6,20,7,
6,21,6,
6,21,42,
6,24,0,
6,26,4,
6,29,0,
6,31,0,
6,32,1,
6,33,87,
6,34,1,
6,35,38,
6,35,43,
6,36,1,
6,40,6,
6,43,120,
6,44,78,
6,46,3,
6,46,4,
6,47,39,
6,48,17,
6,52,62,
6,54,0,
6,58,10,
6,60,12,
6,60,105,
6,62,54,
6,63,4,
6,64,107,
6,66,8,
6,69,5,
6,70,5,
6,70,15,
6,71,45,
6,75,30,
6,79,8,
6,81,68,
6,86,12,
6,88,99,
6,92,0,
6,93,2,
6,95,40,
6,120,3,
6,121,7,
6,122,63,
6,122,136,
6,125,0,
6,136,24,
6,148,2,
6,149,1,
6,158,2,
7,0,0,
7,0,0,
7,0,0,
7,0,0,
7,0,18,
7,0,63,
7,1,0,
7,1,0,
7,1,0,
7,1,3,
7,1,5,
7,1,7,
7,1,16,
7,1,30,
7,1,37,
7,2,0,
7,2,1,
7,2,3,
7,2,12,
7,2,12,
7,2,25,
7,2,146,
7,3,5,
7,3,6,
7,3,9,
7,3,13,
7,3,17,
7,4,13,
7,4,24,
7,5,12,
7,5,17,
7,5,39,
7,5,47,
7,5,112,
7,5,144,
7,6,0,
7,6,1,
7,6,31,
7,7,0,
7,7,3,
7,7,12,
7,7,29,
7,8,16,
7,8,80,
7,8,87,
7,9,7,
7,9,9,
7,10,1,
7,11,1,
7,12,2,
7,12,109,
7,13,4,
7,13,13,
7,14,0,
7,14,76,
7,15,5,
7,15,123,
7,18,11,
7,20,4,
7,20,146,
7,21,1,
7,22,135,
7,23,0,
7,24,0,
7,25,23,
7,29,18,
7,30,23,
7,31,30,
7,34,20,
7,34,51,
7,36,35,
7,37,0,
7,41,75,
7,44,12,
7,47,2,
7,47,11,
7,48,26,
7,48,51,
7,54,6,
7,58,4,
7,59,36,
7,61,17,
7,63,9,
7,76,14,
7,83,47,
7,83,119,
7,84,19,
7,96,27,
7,97,2,
7,119,7,
7,150,5,
7,152,32,
7,153,0,
7,159,5,
8,0,0,
8,0,0,
8,0,1,
8,0,2,
8,0,3,
8,0,54,
8,0,77,
8,0,82,
8,0,159,
8,1,61,
8,1,122,
8,1,132,
8,2,0,
8,2,1,
8,2,3,
8,2,10,
8,2,17,
8,2,21,
8,3,2,
8,3,8,
8,3,12,
8,3,26,
8,4,20,
8,4,25,
8,4,54,
8,5,2,
8,5,31,
8,7,12,
8,7,57,
8,8,2,
8,9,0,
8,9,1,
8,10,73,
8,11,4,
8,11,12,
8,11,115,
8,12,6,
8,12,95,
8,12,144,
8,13,134,
8,14,1,
8,14,5,
8,15,3,
8,17,9,
8,17,72,
8,20,3,
8,20,5,
8,20,149,
8,21,0,
8,21,8,
8,21,12,
8,24,18,
8,25,8,
8,25,111,
8,28,104,
8,31,0,
8,32,130,
8,34,76,
8,38,0,
8,39,7,
8,42,43,
8,44,1,
8,59,21,
8,72,0,
8,80,3,
8,92,27,
8,99,33,
8,106,25,
8,115,24,
8,141,28,
8,143,0,
8,151,0,
8,159,63,
9,0,0,
9,0,0,
9,0,0,
9,0,1,
9,0,1,
9,0,1,
9,0,6,
9,0,16,
9,0,20,
9,0,23,
9,0,33,
9,0,82,
9,0,116,
9,0,117,
9,1,0,
9,1,0,
9,1,0,
9,1,0,
9,1,0,
9,1,2,
9,1,49,
9,1,107,
9,1,115,
9,3,0,
9,3,2,
9,3,3,
9,3,8,
9,3,13,
9,3,48,
9,3,155,
9,5,29,
9,5,108,
9,6,3,
9,6,3,
9,6,12,
9,7,0,
9,7,9,
9,9,58,
9,10,3,
9,10,17,
9,11,1,
9,11,15,
9,15,4,
9,18,6,
9,19,0,
9,19,129,
9,23,98,
9,25,12,
9,28,5,
9,29,7,
9,30,17,
9,31,4,
9,33,19,
9,33,23,
9,38,8,
9,39,94,
9,40,7,
9,41,83,
9,43,4,
9,44,11,
9,48,0,
9,48,12,
9,49,64,
9,54,3,
9,55,2,
9,55,121,
9,56,1,
9,58,19,
9,61,14,
9,66,17,
9,67,129,
9,68,45,
9,78,0,
9,78,30,
9,100,9,
9,122,17,
9,128,39,
9,133,145,
9,141,138,
10,0,0,
10,0,1,
10,0,3,
10,0,8,
10,0,35,
10,1,2,
10,1,17,
10,1,96,
10,2,0,
10,2,11,
10,3,0,
10,3,6,
10,3,13,
10,3,99,
10,3,142,
10,4,0,
10,4,11,
10,4,56,
10,4,94,
10,5,1,
10,6,2,
10,6,6,
10,6,18,
10,8,3,
10,11,1,
10,11,2,
10,12,6,
10,13,18,
10,19,1,
10,25,149,
10,27,2,
10,29,2,
10,34,146,
10,35,61,
10,37,13,
10,37,105,
10,38,1,
10,39,92,
10,39,132,
10,41,39,
10,43,4,
10,50,2,
10,51,12,
10,54,52,
10,56,35,
10,56,83,
10,61,157,
10,75,65,
10,83,2,
10,86,142,
10,89,36,
10,94,134,
10,96,24,
10,103,24,
10,108,11,
10,109,96,
10,115,47,
10,119,61,
10,125,9,
10,134,93,
10,142,3,
10,145,1,
10,148,3,
10,149,50,
11,0,0,
11,0,0,
11,0,1,
11,0,1,
11,0,1,
11,0,2,
11,0,4,
11,0,45,
11,0,52,
11,0,61,
11,0,73,
11,0,144,
11,1,0,
11,1,1,
11,1,2,
11,1,117,
11,1,119,
11,2,0,
11,2,15,
11,3,0,
11,3,0,
11,3,36,
11,3,64,
11,3,78,
11,4,2,
11,4,4,
11,5,0,
11,5,16,
11,5,25,
11,6,1,
11,6,23,
11,6,134,
11,7,1,
11,7,1,
11,9,1,
11,9,3,
11,9,32,
11,10,0,
11,10,35,
11,12,3,
11,12,7,
11,13,143,
11,14,3,
11,14,12,
11,14,35,
11,19,52,
11,20,39,
11,33,157,
11,39,42,
11,42,44,
11,43,3,
11,45,34,
11,64,2,
11,80,64,
11,82,153,
11,84,0,
11,104,1,
11,105,110,
11,120,113,
11,125,45,
11,145,1,
11,147,9,
11,152,14,
12,0,2,
12,0,5,
12,0,25,
12,0,26,
12,0,69,
12,0,96,
12,1,0,
12,1,1,
12,1,10,
12,1,29,
12,1,31,
12,1,34,
12,1,89,
12,1,154,
12,2,0,
12,2,0,
12,2,1,
12,2,1,
12,2,112,
12,3,1,
12,3,4,
12,3,61,
12,4,83,
12,4,118,
12,5,0,
12,5,64,
12,8,3,
12,8,4,
12,8,14,
12,10,1,
12,12,0,
12,13,0,
12,14,3,
12,14,15,
12,14,22,
12,14,104,
12,19,66,
12,20,17,
12,22,12,
12,23,73,
12,26,15,
12,27,0,
12,30,8,
12,34,0,
12,34,5,
12,35,5,
12,36,12,
12,37,37,
12,38,30,
12,53,6,
12,53,68,
12,56,35,
12,57,13,
12,73,16,
12,80,76,
12,92,140,
12,122,3,
12,125,2,
12,129,12,
12,140,0,
13,0,1,
13,0,5,
13,0,8,
13,0,19,
13,0,31,
13,1,0,
13,1,19,
13,1,20,
13,2,4,
13,2,84,
13,2,88,
13,3,29,
13,3,64,
13,4,0,
13,4,9,
13,5,4,
13,5,61,
13,8,1,
13,8,9,
13,8,20,
13,9,35,
13,13,34,
13,14,47,
13,17,7,
13,22,1,
13,23,17,
13,25,1,
13,30,2,
13,30,5,
13,33,62,
13,37,5,
13,40,3,
13,41,2,
13,43,40,
13,53,23,
13,62,35,
13,75,28,
13,82,2,
13,84,38,
13,91,10,
13,97,6,
13,110,15,
13,115,23,
13,116,3,
14,0,0,
14,0,0,
14,0,1,
14,0,2,
14,0,12,
14,0,20,
14,0,26,
14,0,36,
14,0,63,
14,1,0,
14,1,2,
14,1,119,
14,2,6,
14,2,53,
14,3,49,
14,3,58,
14,5,60,
14,6,15,
14,7,2,
14,7,2,
14,8,3,
14,8,3,
14,9,0,
14,9,1,
14,9,2,
14,9,140,
14,11,1,
14,12,14,
14,13,1,
14,13,29,
14,14,6,
14,15,5,
14,15,58,
14,16,0,
14,16,46,
14,16,124,
14,18,2,
14,22,48,
14,25,98,
14,33,16,
14,38,20,
14,39,1,
14,40,78,
14,44,151,
14,45,8,
14,52,8,
14,52,9,
14,52,29,
14,58,0,
14,61,3,
14,66,88,
14,82,40,
14,84,86,
14,85,6,
14,88,44,
14,96,3,
14,97,7,
14,125,6,
14,135,28,
14,140,7,
14,156,41,
15,0,0,
15,0,10,
15,0,19,
15,0,22,
15,0,28,
15,0,140,
15,1,0,
15,1,4,
15,1,5,
15,2,0,
15,2,0,
15,2,5,
15,2,20,
15,2,27,
15,2,48,
15,2,107,
15,2,113,
15,3,1,
15,4,0,
15,4,1,
15,5,31,
15,5,61,
15,7,0,
15,7,15,
15,8,0,
15,8,1,
15,8,10,
15,8,33,
15,8,72,
15,11,0,
15,20,4,
15,22,43,
15,24,7,
15,26,0,
15,28,18,
15,29,0,
15,30,3,
15,31,0,
15,32,1,
15,37,7,
15,37,113,
15,39,38,
15,42,26,
15,50,11,
15,56,144,
15,60,7,
15,73,16,
15,93,3,
15,103,0,
15,106,56,
15,107,30,
15,110,77,
15,122,17,
15,123,39,
15,129,2,
15,157,1,
16,0,2,
16,0,3,
16,0,6,
16,0,7,
16,0,21,
16,0,26,
16,0,135,
16,0,155,
16,1,3,
16,1,9,
16,2,1,
16,2,3,
16,2,6,
16,4,2,
16,4,9,
16,4,65,
16,4,157,
16,5,1,
16,7,15,
16,8,8,
16,9,0,
16,10,40,
16,11,1,
16,14,6,
16,24,125,
16,25,52,
16,28,13,
16,29,80,
16,30,19,
16,31,113,
16,38,8,
16,38,34,
16,39,5,
16,41,2,
16,45,114,
16,48,0,
16,73,96,
16,78,21,
16,118,28,
16,120,0,
16,130,23,
16,137,85,
16,139,0,
17,0,1,
17,0,3,
17,0,4,
17,0,42,
17,0,47,
17,0,69,
17,0,77,
17,1,1,
17,1,45,
17,1,52,
17,2,12,
17,2,25,
17,2,74,
17,2,86,
17,3,1,
17,3,40,
17,4,21,
17,4,25,
17,8,94,
17,8,137,
17,9,2,
17,9,15,
17,9,35,
17,12,1,
17,14,25,
17,15,147,
17,17,1,
17,17,14,
17,19,10,
17,25,6,
17,26,24,
17,28,14,
17,29,91,
17,33,78,
17,37,3,
17,38,130,
17,47,96,
17,53,9,
17,56,0,
17,70,0,
17,79,11,
17,92,13,
17,96,0,
17,109,156,
17,138,15,
18,0,3,
18,0,12,
18,0,18,
18,1,3,
18,1,5,
18,1,31,
18,1,71,
18,2,77,
18,2,93,
18,2,103,
18,3,0,
18,3,17,
18,4,4,
18,4,27,
18,5,105,
18,7,31,
18,7,104,
18,11,108,
18,14,30,
18,15,4,
18,16,52,
18,19,1,
18,19,2,
18,19,12,
18,21,8,
18,23,0,
18,26,70,
18,27,22,
18,27,25,
18,31,5,
18,34,7,
18,34,25,
18,39,45,
18,44,4,
18,58,13,
18,65,25,
18,67,2,
18,76,41,
18,77,4,
18,78,13,
18,108,7,
18,116,12,
18,144,159,
19,0,4,
19,0,5,
19,0,14,
19,0,17,
19,0,22,
19,0,77,
19,0,95,
19,2,5,
19,3,62,
19,4,142,
19,10,0,
19,11,86,
19,13,48,
19,14,89,
19,15,9,
19,17,5,
19,19,36,
19,20,139,
19,24,0,
19,25,0,
19,38,0,
19,38,17,
19,45,28,
19,55,126,
19,58,1,
19,58,27,
19,63,16,
19,67,101,
19,87,29,
19,94,13,
19,97,122,
19,102,0,
19,117,10,
19,133,3,
19,144,6,
19,148,18,
19,155,47,
20,0,3,
20,0,106,
20,1,1,
20,1,145,
20,2,1,
20,2,3,
20,2,7,
20,2,73,
20,3,54,
20,3,84,
20,4,37,
20,5,0,
20,5,47,
20,6,34,
20,8,6,
20,15,138,
20,16,137,
20,18,0,
20,18,38,
20,18,140,
20,22,7,
20,22,140,
20,28,42,
20,34,2,
20,47,2,
20,59,8,
20,80,56,
20,82,1,
20,85,7,
20,91,0,
20,131,0,
20,140,67,
20,141,87,
20,152,1,
21,0,1,
21,0,6,
21,0,93,
21,0,120,
21,1,15,
21,1,27,
21,2,132,
21,2,146,
21,3,21,
21,3,114,
21,4,1,
21,4,19,
21,5,5,
21,5,8,
21,5,12,
21,5,16,
21,7,11,
21,7,33,
21,7,74,
21,10,25,
21,11,55,
21,12,5,
21,13,1,
21,15,18,
21,15,46,
21,19,1,
21,20,11,
21,21,152,
21,27,3,
21,39,4,
21,43,129,
21,47,22,
21,48,0,
21,49,1,
21,57,3,
21,63,51,
21,91,139,
21,97,146,
21,111,14,
22,0,2,
22,0,7,
22,0,9,
22,0,16,
22,0,153,
22,1,0,
22,1,74,
22,2,0,
22,2,1,
22,2,115,
22,3,129,
22,3,136,
22,6,7,
22,6,56,
22,7,0,
22,7,1,
22,7,53,
22,12,0,
22,15,13,
22,17,21,
22,24,17,
22,28,7,
22,29,0,
22,29,50,
22,30,8,
22,42,53,
22,46,2,
22,47,47,
22,92,1,
22,100,14,
23,0,1,
23,0,13,
23,0,18,
23,0,39,
23,1,0,
23,2,39,
23,2,59,
23,2,91,
23,3,1,
23,4,8,
23,6,12,
23,7,45,
23,7,76,
23,7,104,
23,9,9,
23,11,1,
23,11,32,
23,18,50,
23,20,20,
23,27,9,
23,27,38,
23,28,18,
23,29,150,
23,40,59,
23,44,10,
23,61,101,
23,62,5,
23,64,71,
23,156,78,
24,0,0,
24,0,0,
24,0,0,
24,0,1,
24,1,35,
24,1,159,
24,2,0,
24,2,1,
24,2,28,
24,3,0,
24,3,0,
24,3,15,
24,4,7,
24,4,156,
24,5,13,
24,6,6,
24,9,15,
24,9,22,
24,11,15,
24,12,9,
24,12,68,
24,17,33,
24,22,25,
24,23,155,
24,27,0,
24,28,62,
24,31,4,
24,37,13,
24,38,10,
24,41,93,
24,45,69,
24,59,50,
24,61,0,
24,70,31,
24,79,67,
24,115,24,
24,122,155,
24,131,14,
24,146,0,
24,153,11,
25,0,1,
25,0,2,
25,0,2,
25,0,47,
25,1,0,
25,1,36,
25,2,73,
25,5,13,
25,6,7,
25,10,0,
25,10,0,
25,12,137,
25,12,144,
25,13,6,
25,13,100,
25,14,4,
25,15,13,
25,17,0,
25,19,11,
25,39,116,
25,49,8,
25,50,48,
25,52,0,
25,54,19,
25,97,145,
25,103,0,
25,110,2,
25,142,1,
25,153,57,
26,0,0,
26,0,10,
26,0,12,
26,0,36,
26,0,135,
26,1,0,
26,1,1,
26,2,4,
26,4,20,
26,5,32,
26,6,4,
26,6,5,
26,6,40,
26,8,127,
26,10,21,
26,10,36,
26,11,36,
26,11,41,
26,11,139,
26,12,8,
26,16,2,
26,21,3,
26,25,3,
26,25,8,
26,40,5,
26,40,19,
26,44,22,
26,49,0,
26,53,1,
26,58,0,
26,60,157,
26,61,59,
26,63,134,
26,67,132,
26,77,13,
26,115,1,
26,154,156,
27,0,0,
27,0,2,
27,0,8,
27,0,35,
27,0,114,
27,1,1,
27,2,2,
27,2,85,
27,3,17,
27,4,12,
27,7,3,
27,7,113,
27,15,55,
27,16,52,
27,17,7,
27,22,8,
27,22,11,
27,34,39,
27,36,1,
27,74,4,
27,79,2,
27,138,24,
27,149,12,
27,152,10,
27,156,6,
28,0,1,
28,0,3,
28,0,22,
28,1,15,
28,1,75,
28,3,30,
28,4,50,
28,5,6,
28,12,0,
28,17,3,
28,28,1,
28,31,49,
28,33,4,
28,59,0,
28,60,31,
28,61,15,
28,66,33,
28,104,102,
28,112,27,
28,125,0,
28,127,1,
28,137,24,
29,0,53,
29,0,110,
29,1,0,
29,1,5,
29,1,7,
29,1,15,
29,1,26,
29,3,1,
29,3,8,
29,5,0,
29,7,0,
29,16,36,
29,33,26,
29,52,1,
29,57,151,
29,74,49,
29,114,1,
30,0,0,
30,0,0,
30,0,2,
30,0,14,
30,1,1,
30,2,18,
30,3,17,
30,4,0,
30,5,29,
30,9,142,
30,10,6,
30,10,53,
30,16,1,
30,24,54,
30,26,74,
30,40,32,
30,54,108,
30,98,40,
30,138,0,
30,138,81,
31,0,0,
31,0,89,
31,2,7,
31,2,8,
31,2,11,
31,2,148,
31,3,0,
31,4,7,
31,7,1,
31,7,11,
31,8,5,
31,12,38,
31,19,0,
31,20,94,
31,41,6,
31,60,87,
31,67,0,
31,98,17,
31,133,0,
32,0,0,
32,0,8,
32,0,134,
32,2,4,
32,2,7,
32,2,9,
32,3,0,
32,3,5,
32,4,25,
32,4,34,
32,4,132,
32,6,1,
32,7,1,
32,9,4,
32,9,17,
32,10,46,
32,14,1,
32,19,1,
32,19,3,
32,36,31,
32,46,47,
32,49,1,
32,55,88,
32,114,0,
32,115,15,
32,121,128,
32,155,0,
33,0,3,
33,1,1,
33,1,4,
33,2,3,
33,2,20,
33,5,27,
33,5,124,
33,6,45,
33,11,44,
33,11,130,
33,12,0,
33,16,0,
33,17,0,
33,26,0,
33,29,25,
33,29,35,
33,37,0,
33,40,0,
33,46,6,
33,53,2,
33,60,19,
33,65,67,
33,95,14,
34,0,0,
34,0,0,
34,0,3,
34,0,21,
34,1,1,
34,1,4,
34,1,7,
34,2,0,
34,2,16,
34,3,1,
34,3,5,
34,3,85,
34,3,106,
34,4,6,
34,6,5,
34,8,51,
34,9,0,
34,9,5,
34,13,52,
34,15,0,
34,15,110,
34,16,87,
34,20,1,
34,27,9,
34,30,0,
34,121,7,
34,155,44,
35,0,3,
35,0,138,
35,1,1,
35,1,37,
35,3,0,
35,3,5,
35,4,1,
35,4,6,
35,10,4,
35,15,5,
35,15,17,
35,15,74,
35,16,21,
35,19,6,
35,30,1,
35,33,6,
35,37,18,
35,42,56,
35,90,8,
35,143,46,
36,0,5,
36,0,120,
36,1,1,
36,1,3,
36,1,4,
36,1,18,
36,2,2,
36,2,10,
36,3,1,
36,9,1,
36,9,43,
36,13,3,
36,16,11,
36,25,4,
36,52,0,
36,60,23,
36,76,17,
36,78,2,
36,78,117,
36,102,9,
36,143,58,
37,0,0,
37,0,1,
37,0,44,
37,0,83,
37,0,111,
37,1,35,
37,3,8,
37,3,126,
37,4,97,
37,6,0,
37,8,1,
37,8,27,
37,10,4,
37,11,11,
37,15,3,
37,16,7,
37,16,38,
37,16,85,
37,18,77,
37,39,20,
37,46,6,
37,52,152,
37,62,38,
37,68,4,
37,73,2,
37,76,100,
37,85,96,
37,92,1,
37,110,0,
37,116,85,
37,116,149,
37,125,11,
38,0,35,
38,1,0,
38,4,1,
38,6,39,
38,6,140,
38,7,86,
38,8,0,
38,9,0,
38,12,0,
38,18,9,
38,22,24,
38,28,14,
38,39,113,
38,45,3,
38,50,5,
38,54,9,
38,59,1,
38,61,53,
38,79,6,
38,84,22,
38,121,151,
38,149,27,
39,0,0,
39,0,14,
39,1,6,
39,1,10,
39,1,17,
39,1,23,
39,2,3,
39,2,7,
39,5,3,
39,7,35,
39,15,0,
39,17,30,
39,20,4,
39,24,115,
39,28,1,
39,42,29,
39,44,18,
39,68,0,
39,84,67,
39,98,6,
39,134,49,
39,154,6,
40,0,16,
40,1,22,
40,1,35,
40,1,141,
40,2,28,
40,5,12,
40,7,5,
40,8,56,
40,10,8,
40,10,118,
40,10,136,
40,11,1,
40,17,0,
40,27,45,
40,36,157,
40,85,1,
40,111,0,
40,144,33,
40,156,9,
41,0,0,
41,0,0,
41,0,2,
41,3,17,
41,3,36,
41,7,31,
41,7,46,
41,8,1,
41,8,26,
41,10,1,
41,11,18,
41,12,0,
41,17,1,
41,21,78,
41,24,1,
41,30,1,
41,41,0,
41,68,0,
41,86,14,
41,138,5,
42,0,0,
42,0,0,
42,1,11,
42,1,12,
42,1,81,
42,2,21,
42,2,100,
42,5,11,
42,6,20,
42,6,58,
42,20,6,
42,25,5,
42,28,66,
42,34,0,
42,48,1,
42,49,31,
42,60,14,
42,79,18,
43,0,3,
43,0,21,
43,1,76,
43,3,4,
43,4,115,
43,8,20,
43,12,112,
43,23,9,
43,34,0,
43,44,26,
43,45,10,
43,77,0,
43,141,61,
44,0,4,
44,0,65,
44,0,74,
44,1,56,
44,2,60,
44,3,0,
44,4,9,
44,5,10,
44,5,45,
44,7,21,
44,7,69,
44,9,0,
44,11,8,
44,11,9,
44,12,20,
44,13,0,
44,14,1,
44,19,0,
44,21,13,
44,26,0,
44,34,122,
44,49,3,
44,51,0,
44,56,17,
44,85,1,
44,95,24,
44,106,7,
45,1,82,
45,2,5,
45,3,28,
45,3,59,
45,5,14,
45,6,5,
45,9,66,
45,16,23,
45,18,47,
45,36,3,
45,143,7,
46,0,5,
46,0,14,
46,0,88,
46,2,0,
46,6,2,
46,6,148,
46,13,13,
46,14,13,
46,14,99,
46,15,3,
46,18,41,
46,58,2,
46,111,24,
46,136,100,
47,0,31,
47,0,42,
47,1,81,
47,2,81,
47,4,83,
47,7,4,
47,7,10,
47,9,129,
47,15,19,
47,15,72,
47,16,75,
47,19,12,
47,23,0,
47,24,47,
47,44,19,
47,55,0,
47,76,1,
48,0,1,
48,0,4,
48,2,74,
48,6,0,
48,7,28,
48,14,4,
48,17,30,
48,17,38,
48,60,5,
48,61,12,
48,70,111,
48,101,0,
48,106,9,
48,115,3,
48,123,13,
49,0,0,
49,1,0,
49,3,11,
49,4,9,
49,5,66,
49,6,10,
49,12,0,
49,13,12,
49,15,101,
49,20,0,
49,21,9,
49,23,125,
49,65,12,
49,71,30,
49,101,126,
49,107,122,
50,0,1,
50,1,101,
50,2,1,
50,2,21,
50,3,4,
50,6,92,
50,9,12,
50,10,141,
50,20,0,
50,29,10,
50,37,55,
50,38,17,
50,51,1,
50,74,97,
50,103,27,
51,0,39,
51,1,4,
51,1,6,
51,3,22,
51,3,151,
51,4,0,
51,4,4,
51,13,34,
51,23,2,
51,37,3,
51,74,150,
51,78,49,
51,100,6,
51,102,44,
52,2,17,
52,4,75,
52,13,1,
52,15,2,
52,15,19,
52,21,0,
52,33,0,
52,78,121,
52,87,1,
52,124,0,
52,150,0,
53,0,1,
53,0,2,
53,0,36,
53,1,155,
53,3,2,
53,4,0,
53,4,3,
53,4,7,
53,6,11,
53,17,18,
53,17,104,
53,50,3,
53,71,136,
53,72,70,
53,100,15,
54,0,11,
54,0,26,
54,0,31,
54,2,3,
54,3,21,
54,4,56,
54,7,7,
54,8,5,
54,9,2,
54,10,5,
54,10,25,
54,25,17,
54,34,43,
54,62,3,
54,67,0,
54,107,37,
54,132,0,
55,0,12,
55,3,22,
55,4,26,
55,4,134,
55,5,4,
55,27,12,
55,31,9,
55,66,4,
55,116,43,
56,0,8,
56,2,106,
56,3,0,
56,4,51,
56,5,42,
56,8,54,
56,50,2,
56,55,9,
56,79,11,
56,104,1,
56,114,70,
57,0,2,
57,0,120,
57,3,51,
57,4,10,
57,9,23,
57,30,54,
57,38,157,
57,81,76,
58,0,16,
58,0,57,
58,4,0,
58,7,0,
58,8,49,
58,9,54,
58,16,1,
58,25,2,
58,42,110,
58,76,0,
58,82,0,
58,107,5,
58,154,70,
59,0,0,
59,0,3,
59,0,43,
59,4,4,
59,6,1,
59,6,17,
59,7,9,
59,9,39,
59,16,2,
59,17,74,
59,19,0,
59,26,15,
59,57,0,
59,63,115,
60,0,8,
60,0,32,
60,3,11,
60,4,2,
60,8,5,
60,9,8,
60,19,47,
60,29,3,
60,32,3,
60,66,49,
60,83,8,
60,109,0,
60,137,1,
61,0,1,
61,0,88,
61,2,1,
61,2,2,
61,4,34,
61,9,8,
61,9,56,
61,17,4,
61,34,14,
61,96,9,
61,115,0,
61,131,0,
61,152,87,
62,0,2,
62,0,31,
62,0,32,
62,1,2,
62,4,0,
62,4,83,
62,17,37,
62,33,11,
62,47,66,
63,0,8,
63,0,8,
63,1,2,
63,1,154,
63,2,0,
63,3,1,
63,6,39,
63,8,0,
63,14,0,
63,20,0,
63,45,0,
63,55,2,
63,61,50,
63,103,0,
63,125,57,
63,140,1,
64,3,60,
64,4,2,
64,6,0,
64,8,13,
64,8,30,
64,9,13,
64,11,2,
64,15,1,
64,19,100,
64,21,5,
64,99,1,
65,0,5,
65,0,15,
65,0,129,
65,2,7,
65,3,18,
65,4,75,
65,18,7,
65,21,2,
65,63,21,
65,75,6,
65,99,74,
65,113,26,
65,115,1,
66,0,0,
66,0,15,
66,1,6,
66,3,1,
66,3,80,
66,5,30,
66,6,96,
66,18,0,
66,32,1,
66,61,42,
66,67,0,
66,69,120,
66,74,144,
66,104,112,
66,121,0,
66,144,17,
66,157,15,
67,2,18,
67,3,1,
67,5,4,
67,17,18,
67,18,18,
67,20,22,
67,22,2,
67,30,133,
67,41,2,
67,47,0,
67,69,19,
68,1,0,
68,2,0,
68,4,17,
68,9,151,
68,10,9,
68,10,17,
68,11,5,
68,25,151,
68,30,35,
68,50,146,
68,83,152,
68,124,8,
68,156,15,
69,0,0,
69,0,2,
69,0,26,
69,1,0,
69,1,29,
69,2,0,
69,2,19,
69,11,23,
69,21,131,
69,23,49,
69,29,33,
69,37,34,
69,50,6,
69,76,147,
69,82,7,
69,121,12,
70,0,1,
70,1,10,
70,1,105,
70,1,151,
70,3,0,
70,6,68,
70,8,1,
70,10,10,
70,47,51,
70,120,0,
71,2,0,
71,4,48,
71,8,0,
71,15,1,
71,15,94,
71,80,4,
71,100,130,
72,1,157,
72,2,0,
72,3,24,
72,4,0,
72,21,39,
72,24,0,
72,45,8,
72,47,0,
73,0,0,
73,2,3,
73,4,0,
73,8,152,
73,13,21,
73,21,59,
73,30,131,
73,72,11,
74,0,0,
74,0,86,
74,1,6,
74,4,4,
74,46,23,
74,57,68,
74,85,13,
74,123,28,
74,138,10,
75,0,0,
75,0,2,
75,0,15,
75,0,154,
75,1,0,
75,3,0,
75,5,3,
75,7,0,
75,9,1,
75,9,22,
75,12,6,
75,39,11,
75,76,2,
75,126,4,
76,1,3,
76,5,4,
76,6,7,
76,7,0,
76,16,32,
76,40,88,
76,45,58,
76,92,67,
77,14,124,
77,33,5,
77,51,3,
77,70,143,
77,114,62,
77,138,50,
78,1,35,
78,2,12,
78,11,14,
78,13,119,
78,15,76,
78,36,3,
78,107,0,
78,144,1,
79,0,1,
79,1,46,
79,3,152,
79,11,0,
79,11,1,
79,22,5,
79,103,0,
79,106,8,
79,119,4,
80,0,0,
80,0,55,
80,1,7,
80,2,1,
80,3,30,
80,8,2,
80,21,9,
80,33,15,
80,45,6,
80,58,10,
80,63,30,
80,126,1,
80,128,0,
81,0,0,
81,0,4,
81,1,3,
81,5,47,
81,6,0,
81,7,3,
81,8,0,
81,14,0,
81,31,11,
81,92,10,
81,112,20,
81,121,3,
82,0,8,
82,1,8,
82,2,1,
82,4,126,
82,6,120,
82,18,0,
82,23,6,
82,93,3,
82,138,128,
83,0,0,
83,0,17,
83,0,26,
83,0,94,
83,6,1,
83,14,4,
83,14,45,
83,95,11,
83,104,134,
83,122,5,
84,0,0,
84,4,55,
84,8,0,
84,11,84,
84,46,45,
84,76,153,
84,130,4,
84,136,2,
84,151,0,
85,7,15,
85,17,18,
85,27,0,
85,68,1,
85,68,19,
85,76,34,
85,150,1,
86,0,19,
86,0,63,
86,0,75,
86,2,112,
86,9,2,
86,17,26,
86,18,7,
86,20,141,
86,25,5,
86,36,70,
86,84,139,
86,100,1,
86,119,1,
87,0,4,
87,1,112,
87,13,0,
87,16,78,
87,17,107,
87,40,117,
87,76,0,
87,138,33,
87,151,1,
88,0,5,
88,0,62,
88,0,93,
88,2,87,
89,0,3,
89,1,0,
89,1,15,
89,1,45,
89,3,0,
89,4,2,
89,5,151,
89,18,68,
89,27,22,
90,2,20,
90,2,34,
90,4,1,
90,5,0,
90,9,2,
90,10,11,
90,15,6,
90,65,10,
90,117,0,
90,134,9,
91,0,24,
91,1,15,
91,6,7,
91,8,42,
91,21,25,
91,22,8,
91,38,12,
91,66,0,
91,81,3,
91,92,5,
91,95,0,
92,2,1,
92,2,4,
92,3,11,
92,6,0,
92,9,0,
92,21,4,
92,27,3,
92,30,90,
92,76,14,
93,0,6,
93,3,1,
93,4,0,
93,5,52,
93,6,3,
93,10,8,
93,16,0,
93,20,2,
93,66,117,
94,1,56,
94,9,58,
94,10,41,
94,10,54,
94,20,4,
94,24,63,
94,26,0,
94,63,2,
94,95,126,
94,147,5,
94,147,46,
95,0,27,
95,1,1,
95,2,2,
95,4,4,
95,6,84,
95,45,38,
95,83,7,
95,133,1,
95,157,43,
96,0,1,
96,0,6,
96,4,10,
96,12,62,
96,13,4,
96,67,14,
97,0,93,
97,1,9,
97,19,9,
97,36,5,
97,83,43,
97,100,62,
97,124,75,
98,0,59,
98,1,67,
98,1,106,
98,9,3,
98,57,87,
98,74,110,
98,130,39,
99,0,89,
99,1,49,
99,2,7,
99,3,2,
99,4,1,
99,5,3,
99,17,70,
99,32,0,
99,115,36,
100,1,21,
100,2,66,
100,3,3,
100,5,113,
100,10,98,
100,26,6,
100,29,50,
100,34,4,
100,103,6,
100,125,33,
101,0,0,
101,5,1,
101,29,8,
101,40,33,
101,107,6,
102,0,11,
102,1,9,
102,2,2,
102,2,72,
102,4,31,
102,4,143,
102,9,129,
102,23,24,
102,25,45,
102,43,1,
102,50,11,
102,61,26,
102,89,0,
102,93,97,
102,151,2,
103,0,3,
103,0,77,
103,1,2,
103,5,1,
103,5,4,
103,8,79,
103,45,51,
103,57,0,
103,79,34,
104,0,11,
104,1,115,
104,3,0,
104,3,6,
104,13,122,
104,38,8,
104,53,3,
104,89,21,
105,0,37,
105,12,44,
105,25,65,
105,113,3,
105,114,0,
106,0,39,
106,0,92,
106,2,5,
106,3,10,
106,15,6,
106,36,10,
106,62,129,
106,84,60,
107,0,7,
107,3,3,
107,3,17,
107,4,12,
107,8,36,
107,46,14,
107,80,15,
107,95,84,
108,0,8,
108,0,71,
108,2,40,
108,5,3,
108,6,2,
108,6,7,
108,12,0,
108,17,29,
108,21,17,
108,45,1,
108,50,3,
108,51,11,
109,0,1,
109,2,3,
109,2,9,
109,2,24,
109,12,3,
109,28,17,
109,70,4,
109,140,4,
110,1,11,
110,2,109,
110,5,4,
110,7,55,
110,7,118,
110,15,1,
110,15,83,
110,21,97,
110,31,2,
110,116,0,
110,119,1,
111,0,2,
111,0,2,
111,1,133,
111,3,24,
111,6,89,
111,7,45,
111,25,2,
111,35,68,
111,117,15,
112,3,25,
112,6,0,
112,10,64,
112,31,2,
112,33,73,
112,35,0,
112,84,34,
112,87,66,
112,156,15,
113,10,71,
113,11,72,
113,45,0,
114,1,1,
114,1,25,
114,4,27,
114,5,90,
114,15,5,
114,74,0,
114,108,22,
115,0,4,
115,2,140,
115,3,49,
115,4,153,
115,31,152,
115,38,0,
115,44,29,
115,84,9,
116,0,4,
116,0,84,
116,0,144,
116,4,0,
116,8,16,
116,13,86,
116,91,28,
117,1,3,
117,3,0,
117,6,1,
117,9,2,
117,9,59,
117,12,3,
117,14,92,
117,118,3,
118,0,1,
118,1,0,
118,2,11,
118,10,1,
118,23,10,
118,28,20,
118,42,21,
119,0,0,
119,1,0,
120,0,46,
120,2,0,
120,3,5,
120,17,74,
120,20,4,
121,2,33,
121,3,14,
121,7,52,
121,15,10,
121,35,135,
121,39,39,
121,97,0,
121,135,5,
122,0,8,
122,0,35,
122,1,45,
122,2,0,
122,9,11,
122,10,0,
122,14,39,
122,14,91,
122,27,0,
123,0,16,
123,1,48,
123,3,89,
123,5,33,
123,8,38,
123,32,5,
124,2,11,
124,3,60,
124,22,1,
125,0,1,
125,0,6,
126,7,28,
126,22,40,
126,48,66,
126,125,1,
127,0,34,
127,2,13,
127,3,12,
127,8,80,
127,60,9,
128,1,6,
128,2,22,
128,7,45,
128,8,0,
128,46,0,
128,51,51,
129,0,2,
129,0,11,
129,0,13,
129,1,90,
129,5,27,
129,8,63,
129,10,66,
129,21,45,
129,43,122,
129,63,141,
129,82,11,
130,3,22,
130,8,5,
130,15,35,
130,32,50,
130,64,156,
130,100,22,
131,0,0,
131,2,8,
131,2,21,
131,18,76,
131,21,100,
131,22,19,
131,41,20,
131,46,51,
131,59,107,
131,62,1,
132,1,22,
132,3,115,
132,132,113,
133,0,17,
133,1,1,
133,1,38,
133,3,86,
133,4,140,
133,7,61,
133,32,3,
133,60,2,
133,85,109,
133,106,1,
134,2,5,
134,11,0,
135,0,10,
135,0,144,
135,1,0,
135,1,133,
135,9,83,
135,14,62,
135,29,25,
135,70,3,
136,0,80,
136,3,1,
136,3,3,
136,4,1,
136,72,139,
137,4,91,
137,31,2,
137,51,12,
137,71,12,
138,2,5,
138,3,65,
138,40,27,
139,0,17,
139,3,0,
139,3,11,
139,13,0,
139,19,99,
139,28,26,
139,78,8,
140,12,0,
140,13,0,
140,25,88,
140,30,2,
140,59,1,
141,0,2,
141,0,69,
141,1,40,
141,3,123,
141,20,58,
141,32,13,
141,83,2,
141,100,2,
142,2,1,
142,12,0,
142,101,40,
143,1,36,
143,2,0,
143,6,152,
143,10,27,
143,29,10,
143,62,18,
144,4,85,
144,13,35,
144,16,46,
144,21,1,
144,31,140,
144,33,29,
144,115,16,
145,0,22,
145,1,1,
145,1,1,
145,1,7,
145,17,0,
145,91,3,
146,0,5,
146,0,9,
146,1,0,
146,2,1,
146,3,21,
146,7,27,
146,12,0,
146,42,4,
146,48,50,
146,56,1,
147,0,46,
147,1,0,
147,5,133,
147,9,103,
147,19,4,
147,21,1,
147,84,18,
147,149,85,
148,0,7,
148,1,0,
148,1,4,
148,2,19,
148,6,109,
148,8,8,
148,14,6,
148,17,15,
148,65,4,
148,149,1,
149,3,50,
149,6,28,
149,96,10,
149,120,35,
149,150,33,
150,0,0,
150,0,0,
150,2,0,
150,2,5,
150,9,9,
151,3,40,
151,4,7,
151,35,10,
151,74,89,
152,4,0,
152,11,13,
152,22,2,
152,67,3,
152,78,25,
154,5,1,
154,10,24,
154,24,1,
154,36,0,
154,59,58,
155,0,0,
155,1,0,
155,2,18,
155,6,11,
155,9,2,
156,7,23,
156,13,0,
156,17,1,
156,66,7,
158,0,1,
158,0,102,
158,25,71,
159,0,2,
159,3,2,
159,4,17,
159,23,24,
159,33,2,
159,44,89,
159,70,5,
