10,
29,
36,
58,
58,
59,
61,
74,
96,
101,
103,
106,
113,
117,
119,
132,
137,
146,
158,
163,
171,
177,
194,
195,
201,
202,
209,
213,
222,
225,
231,
235,
283,
287,
294,
297,
322,
339,
339,
340,
354,
365,
368,
373,
374,
386,
399,
402,
447,
459,
467,
479,
495,
495,
507,
513,
523,
601,
608,
609,
623,
634,
639,
640,
644,
656,
660,
667,
692,
698,
711,
711,
722,
727,
748,
753,
768,
768,
770,
775,
778,
783,
821,
832,
835,
838,
862,
866,
872,
875,
886,
889,
908,
931,
937,
949,
958,
975,
976,
979,
987,
1002,
1002,
1009,
1023,
1026,
1036,
1041,
1046,
1054,
1054,
1058,
1060,
1067,
1073,
1116,
1119,
1121,
1126,
1127,
1134,
1148,
1171,
1193,
1203,
1208,
1216,
1218,
1221,
1235,
1239,
1240,
1245,
1250,
1272,
1272,
1277,
1281,
1282,
1300,
1313,
1315,
1332,
1336,
1356,
1397,
1457,
1467,
1474,
1482,
1487,
1489,
1526,
1527,
1532,
1557,
1561,
1573,
1577,
1578,
1614,
1614,
1679,
1679,
1700,
1704,
1715,
1726,
1736,
1752,
1756,
1765,
1776,
1778,
1781,
1786,
1796,
1796,
1807,
1825,
1829,
1848,
1863,
1866,
1886,
1897,
1909,
1912,
1918,
1919,
1920,
1954,
1959,
1961,
1962,
1970,
1973,
1978,
1979,
1999,
2008,
2043,
2047,
2061,
2077,
2078,
2084,
2092,
2093,
2096,
2096,
2105,
2119,
2120,
2124,
2131,
2154,
2158,
2159,
2160,
2166,
2167,
2171,
2176,
2181,
2191,
2197,
2223,
2225,
2235,
2237,
2246,
2247,
2259,
2276,
2298,
2301,
2310,
2337,
2341,
2344,
2344,
2359,
2375,
2377,
2381,
2387,
2388,
2389,
2391,
2402,
2404,
2412,
2454,
2457,
2473,
2478,
2488,
2490,
2515,
2519,
2522,
2522,
2538,
2549,
2563,
2564,
2570,
2599,
2623,
2626,
2632,
2644,
2645,
2650,
2681,
2685,
2716,
2719,
2720,
2729,
2740,
2740,
2763,
2763,
2773,
2798,
2835,
2839,
2845,
2850,
2853,
2860,
2875,
2881,
2885,
2895,
2899,
2918,
2929,
2933,
2941,
2956,
3009,
3033,
3040,
3047,
3060,
3111,
3153,
3155,
3164,
3175,
3183,
3185,
3193,
3195,
3202,
3218,
3227,
3228,
3233,
3257,
3262,
3266,
3274,
3275,
3275,
3276,
3279,
3282,
3296,
3299,
3307,
3313,
3319,
3322,
3368,
3378,
3382,
3389,
3403,
3430,
3434,
3438,
3441,
3442,
3443,
3451,
3451,
3458,
3458,
3467,
3494,
3499,
3504,
3523,
3526,
3539,
3556,
3573,
3587,
3594,
3599,
3604,
3609,
3610,
3616,
3622,
3630,
3666,
3668,
3682,
3691,
3718,
3726,
3729,
3748,
3753,
3763,
3776,
3778,
3781,
3782,
3803,
3806,
3848,
3857,
3860,
3863,
3866,
3876,
3898,
3903,
3915,
3951,
3965,
3978,
3995,
4006,
4006,
4019,
4051,
4057,
4079,
4084,
4084,
4102,
4131,
4148,
4157,
4178,
4184,
4194,
4196,
4206,
4212,
4219,
4236,
4242,
4247,
4275,
4283,
4314,
4331,
4331,
4334,
4356,
4359,
4363,
4367,
4394,
4399,
4412,
4416,
4434,
4442,
4456,
4486,
4493,
4529,
4529,
4535,
4548,
4558,
4566,
4570,
4594,
4617,
4623,
4627,
4639,
4643,
4647,
4650,
4670,
4670,
4686,
4687,
4688,
4712,
4714,
4716,
4734,
4735,
4737,
4751,
4751,
4762,
4762,
4793,
4796,
4802,
4808,
4809,
4830,
4841,
4856,
4884,
4885,
4888,
4900,
4900,
4910,
4917,
4922,
4929,
4935,
4939,
4945,
4946,
4952,
4961,
4964,
4971,
4999,
4999,
5000,
5002,
5003,
5039,
5041,
5049,
5077,
5085,
5120,
5124,
5126,
5129,
5133,
5152,
5153,
5165,
5167,
5179,
5182,
5192,
5195,
5205,
5209,
5246,
5250,
5253,
5254,
5266,
5271,
5284,
5286,
5293,
5293,
5293,
5298,
5304,
5321,
5326,
5330,
5331,
5334,
5337,
5345,
5377,
5380,
5422,
5423,
5433,
5445,
5450,
5458,
5467,
5473,
5480,
5509,
5510,
5511,
5511,
5512,
5529,
5539,
5567,
5569,
5577,
5578,
5583,
5597,
5598,
5617,
5627,
5633,
5636,
5658,
5659,
5663,
5670,
5673,
5684,
5694,
5702,
5707,
5714,
5725,
5736,
5752,
5765,
5778,
5798,
5815,
5824,
5842,
5851,
5860,
5861,
5875,
5885,
5890,
5894,
5898,
5899,
5900,
5900,
5921,
5924,
5934,
5937,
5939,
5954,
6016,
6017,
6034,
6055,
6069,
6088,
6092,
6106,
6107,
6114,
6128,
6134,
6144,
6149,
6162,
6170,
6211,
6214,
6220,
6235,
6239,
6242,
6244,
6247,
6264,
6281,
6293,
6323,
6348,
6350,
6361,
6369,
6381,
6401,
6403,
6405,
6405,
6410,
6437,
6512,
6514,
6519,
6538,
6547,
6550,
6559,
6568,
6585,
6587,
6595,
6615,
6625,
6628,
6646,
6651,
6657,
6663,
6664,
6665,
6676,
6695,
6706,
6730,
6745,
6757,
6758,
6765,
6811,
6811,
6843,
6844,
6884,
6892,
6905,
6907,
6915,
6921,
6929,
6935,
6941,
6953,
6962,
6966,
6975,
6982,
6994,
6997,
6999,
7008,
7037,
7075,
7092,
7093,
7108,
7122,
7126,
7129,
7135,
7146,
7160,
7169,
7181,
7183,
7185,
7228,
7235,
7259,
7259,
7259,
7268,
7268,
7270,
7291,
7294,
7298,
7304,
7307,
7328,
7333,
7341,
7352,
7368,
7382,
7402,
7403,
7426,
7433,
7455,
7456,
7467,
7481,
7503,
7505,
7514,
7515,
7517,
7528,
7531,
7539,
7560,
7561,
7578,
7580,
7587,
7599,
7599,
7631,
7650,
7652,
7677,
7678,
7679,
7687,
7690,
7692,
7701,
7702,
7714,
7719,
7727,
7731,
7752,
7763,
7769,
7769,
7777,
7779,
7796,
7798,
7821,
7821,
7826,
7837,
7844,
7847,
7892,
7906,
7914,
7936,
7937,
7952,
8007,
8016,
8032,
8039,
8062,
8069,
8070,
8095,
8133,
8139,
8153,
8153,
8162,
8172,
8173,
8182,
8188,
8188,
8205,
8210,
8234,
8251,
8258,
8259,
8259,
8260,
8271,
8274,
8287,
8292,
8296,
8297,
8305,
8313,
8327,
8332,
8334,
8356,
8360,
8367,
8382,
8396,
8402,
8411,
8414,
8419,
8431,
8445,
8448,
8460,
8467,
8492,
8501,
8508,
8514,
8515,
8524,
8525,
8567,
8578,
8582,
8585,
8636,
8636,
8648,
8663,
8671,
8691,
8691,
8693,
8711,
8713,
8719,
8735,
8764,
8776,
8782,
8782,
8800,
8808,
8820,
8837,
8840,
8849,
8856,
8858,
8867,
8888,
8903,
8921,
8928,
8931,
8936,
8937,
8938,
8940,
8942,
8947,
8951,
8954,
8958,
8976,
8985,
8987,
8990,
8991,
8996,
9000,
9001,
9019,
9029,
9032,
9035,
9039,
9040,
9040,
9044,
9045,
9045,
9075,
9096,
9099,
9122,
9132,
9139,
9149,
9172,
9173,
9191,
9214,
9233,
9272,
9283,
9298,
9308,
9315,
9320,
9336,
9344,
9357,
9371,
9380,
9384,
9398,
9421,
9424,
9425,
9431,
9435,
9446,
9461,
9465,
9469,
9476,
9484,
9484,
9485,
9492,
9494,
9508,
9509,
9510,
9512,
9512,
9518,
9524,
9527,
9531,
9535,
9540,
9541,
9546,
9567,
9597,
9600,
9627,
9630,
9646,
9649,
9650,
9660,
9667,
9675,
9684,
9702,
9713,
9717,
9718,
9730,
9730,
9759,
9766,
9783,
9789,
9793,
9841,
9879,
9880,
9889,
9909,
9913,
9929,
9945,
9949,
9951,
9959,
9964,
9969,
9974,
9976,
9983,
9990,
9990,
10004,
10004,
10008,
10016,
10019,
10021,
10037,
10037,
10056,
10057,
10065,
10081,
10082,
10083,
10102,
10110,
10119,
10131,
10131,
10184,
10185,
10185,
10190,
10195,
10196,
10230,
10236,
10239,
10242,
10246,
10250,
10259,
10270,
10281,
10282,
10283,
10298,
10298,
10301,
10316,
10320,
10323,
10338,
10348,
10355,
10369,
10374,
10384,
10404,
10428,
10430,
10440,
10448,
10451,
10452,
10470,
10473,
10504,
10507,
10513,
10519,
10520,
10522,
10535,
10558,
10560,
10564,
10567,
10585,
10592,
10597,
10597,
10604,
10617,
10626,
10641,
10665,
10667,
10675,
10682,
10693,
10700,
10709,
10711,
10712,
10747,
10775,
10805,
10811,
10835,
10849,
10864,
10869,
10871,
10874,
10916,
10935,
10935,
10936,
10949,
10962,
10979,
10983,
11021,
11024,
11026,
11028,
11036,
11048,
11051,
11056,
11070,
11089,
11089,
11097,
11108,
11114,
11120,
11142,
11143,
11150,
11154,
11186,
11188,
11188,
11198,
11209,
11250,
11263,
11264,
11270,
11286,
11300,
11322,
11330,
11345,
11352,
11356,
11357,
11370,
11392,
11397,
11426,
11437,
11441,
11451,
11466,
11482,
11488,
11506,
11506,
11512,
11516,
11529,
11529,
11537,
11537,
11546,
11546,
11554,
11566,
11580,
11605,
11614,
11622,
11651,
11667,
11669,
11686,
11693,
11713,
11717,
11725,
11749,
11752,
11763,
11768,
11781,
11792,
11795,
11812,
11815,
11816,
11823,
11826,
11829,
11849,
11855,
11866,
11869,
11874,
11876,
11896,
11903,
11916,
11920,
11921,
11922,
11949,
11957,
11958,
12001,
12006,
12011,
12013,
12020,
12020,
12020,
12022,
12033,
12044,
12057,
12073,
12096,
12099,
12105,
12118,
12132,
12141,
12142,
12156,
12167,
12189,
12189,
12194,
12202,
12211,
12219,
12227,
12228,
12239,
12250,
12256,
12276,
12285,
12289,
12301,
12326,
12339,
12342,
12348,
12377,
12385,
12410,
12470,
12470,
12482,
12491,
12505,
12506,
12517,
12527,
12534,
12543,
12545,
12551,
12562,
12563,
12565,
12581,
12616,
12620,
12620,
12625,
12632,
12640,
12644,
12649,
12657,
12657,
12672,
12679,
12680,
12694,
12716,
12728,
12728,
12752,
12757,
12797,
12809,
12820,
12828,
12851,
12854,
12863,
12874,
12887,
12903,
12916,
12937,
12946,
12950,
12956,
12969,
12977,
12985,
13020,
13027,
13028,
13039,
13062,
13075,
13077,
13081,
13085,
13085,
13090,
13100,
13109,
13138,
13140,
13140,
13160,
13160,
13169,
13179,
13188,
13190,
13193,
13196,
13203,
13220,
13221,
13252,
13268,
13336,
13365,
13369,
13369,
13370,
13372,
13390,
13398,
13406,
13410,
13432,
13477,
13482,
13518,
13521,
13527,
13531,
13545,
13556,
13558,
13567,
13589,
13594,
13606,
13626,
13658,
13658,
13674,
13680,
13684,
13685,
13691,
13698,
13702,
13709,
13745,
13747,
13748,
13754,
13789,
13794,
13799,
13800,
13805,
13808,
13829,
13849,
13867,
13871,
13899,
13905,
13924,
13933,
13951,
13959,
13977,
13979,
13981,
14003,
14004,
14010,
14025,
14070,
14077,
14102,
14104,
14107,
14109,
14226,
14228,
14235,
14255,
14274,
14276,
14287,
14304,
14305,
14309,
14317,
14335,
14348,
14350,
14353,
14355,
14369,
14372,
14388,
14393,
14396,
14415,
14442,
14458,
14463,
14484,
14505,
14516,
14558,
14582,
14590,
14603,
14607,
14609,
14612,
14621,
14636,
14636,
14656,
14659,
14667,
14679,
14707,
14716,
14717,
14722,
14734,
14739,
14740,
14754,
14770,
14773,
14786,
14810,
14825,
14831,
14843,
14850,
14859,
14881,
14908,
14908,
14909,
14939,
14947,
14966,
14969,
14991,
15000,
15003,
15003,
15012,
15018,
15019,
15022,
15024,
15031,
15034,
15061,
15066,
15067,
15078,
15085,
15088,
15104,
15117,
15144,
15146,
15173,
15179,
15233,
15243,
15246,
15270,
15283,
15295,
15302,
15306,
15308,
15315,
15342,
15343,
15378,
15384,
15395,
15395,
15404,
15411,
15429,
15473,
15494,
15505,
15506,
15510,
15511,
15526,
15531,
15534,
15536,
15538,
15554,
15558,
15585,
15602,
15617,
15646,
15658,
15690,
15710,
15718,
15731,
15750,
15751,
15762,
15772,
15774,
15794,
15799,
15805,
15806,
15809,
15809,
15824,
15832,
15836,
15854,
15874,
15882,
15912,
15929,
15939,
15945,
15951,
15962,
15969,
15970,
15994,
16005,
16006,
16037,
16045,
16056,
16057,
16062,
16073,
16082,
16085,
16091,
16102,
16124,
16131,
16132,
16142,
16144,
16164,
16171,
16175,
16186,
16187,
16207,
16227,
16244,
16244,
16262,
16262,
16265,
16284,
16297,
16299,
16304,
16308,
16309,
16313,
16314,
16318,
16320,
16322,
16358,
16364,
16366,
16374,
16389,
16423,
16431,
16442,
16477,
16509,
16510,
16541,
16560,
16564,
16567,
16611,
16612,
16623,
16625,
16626,
16642,
16644,
16648,
16656,
16662,
16685,
16703,
16712,
16714,
16717,
16730,
16746,
16760,
16764,
16766,
16768,
16781,
16785,
16798,
16802,
16805,
16810,
16835,
16849,
16857,
16953,
16971,
16976,
16982,
16999,
17005,
17007,
17023,
17027,
17038,
17056,
17059,
17063,
17079,
17081,
17083,
17087,
17087,
17091,
17098,
17100,
17102,
17104,
17105,
17136,
17136,
17187,
17190,
17194,
17210,
17215,
17245,
17269,
17274,
17300,
17300,
17312,
17314,
17319,
17322,
17323,
17327,
17329,
17351,
17351,
17353,
17357,
17364,
17371,
17384,
17392,
17417,
17425,
17426,
17426,
17433,
17479,
17493,
17501,
17507,
17509,
17534,
17536,
17556,
17573,
17588,
17589,
17598,
17603,
17604,
17606,
17610,
17616,
17617,
17621,
17630,
17632,
17638,
17644,
17673,
17674,
17684,
17707,
17714,
17727,
17744,
17747,
17753,
17762,
17763,
17767,
17778,
17794,
17799,
17802,
17817,
17825,
17833,
17836,
17843,
17845,
17846,
17848,
17855,
17874,
17881,
17886,
17897,
17913,
17923,
17926,
17941,
17942,
17973,
17973,
17979,
17980,
17983,
17988,
18004,
18005,
18010,
18033,
18048,
18062,
18065,
18068,
18080,
18095,
18106,
18112,
18119,
18166,
18195,
18197,
18212,
18221,
18242,
18256,
18268,
18270,
18285,
18299,
18309,
18336,
18342,
18372,
18379,
18379,
18381,
18387,
18389,
18394,
18402,
18405,
18413,
18446,
18452,
18453,
18496,
18502,
18510,
18519,
18520,
18525,
18547,
18549,
18550,
18551,
18556,
18598,
18601,
18604,
18607,
18624,
18652,
18658,
18678,
18686,
18693,
18706,
18712,
18714,
18731,
18733,
18745,
18762,
18767,
18776,
18777,
18785,
18787,
18804,
18807,
18810,
18830,
18870,
18874,
18877,
18888,
18889,
18889,
18902,
18952,
18982,
19004,
19022,
19026,
19030,
19036,
19059,
19073,
19079,
19104,
19121,
19161,
19167,
19183,
19196,
19209,
19218,
19238,
19247,
19259,
19260,
19279,
19305,
19313,
19314,
19325,
19326,
19336,
19350,
19356,
19363,
19383,
19385,
19399,
19409,
19410,
19411,
19428,
19437,
19438,
19448,
19459,
19461,
19471,
19474,
19478,
19490,
19491,
19505,
19512,
19528,
19590,
19598,
19614,
19633,
19644,
19660,
19662,
19674,
19700,
19713,
19727,
19736,
19746,
19773,
19823,
19825,
19826,
19851,
19862,
19862,
19878,
19881,
19944,
19944,
19947,
19963,
19963,
19969,
19978,
19987,
19991,
20014,
20019,
20067,
20081,
20083,
20085,
20086,
20087,
20099,
20111,
20119,
20151,
20154,
20180,
20186,
20195,
20204,
20205,
20206,
20228,
20247,
20253,
20266,
20283,
20299,
20307,
20319,
20320,
20326,
20329,
20338,
20340,
20349,
20353,
20354,
20359,
20362,
20364,
20367,
20372,
20373,
20376,
20377,
20377,
20381,
20383,
20383,
20387,
20389,
20412,
20415,
20421,
20442,
20445,
20461,
20465,
20477,
20481,
20485,
20487,
20499,
20507,
20513,
20519,
20523,
20528,
20540,
20547,
20553,
20560,
20590,
20596,
20598,
20614,
20623,
20628,
20629,
20637,
20655,
20671,
20673,
20686,
20722,
20723,
20731,
20735,
20742,
20754,
20754,
20755,
20766,
20767,
20780,
20798,
20829,
20837,
20849,
20853,
20856,
20858,
20895,
20899,
20904,
20928,
20933,
20935,
20937,
20954,
20969,
20978,
20991,
20993,
20995,
21016,
21018,
21052,
21068,
21083,
21088,
21094,
21104,
21114,
21116,
21133,
21154,
21155,
21158,
21206,
21220,
21239,
21242,
21249,
21258,
21264,
21270,
21280,
21284,
21296,
21309,
21310,
21311,
21336,
21367,
21372,
21380,
21390,
21401,
21405,
21412,
21440,
21445,
21454,
21455,
21459,
21501,
21516,
21518,
21529,
21535,
21535,
21539,
21547,
21550,
21566,
21580,
21597,
21603,
21608,
21609,
21615,
21625,
21633,
21641,
21643,
21645,
21671,
21698,
21704,
21712,
21736,
21743,
21746,
21755,
21765,
21773,
21778,
21790,
21856,
21859,
21877,
21917,
21959,
21961,
21976,
21976,
22000,
22003,
22005,
22014,
22025,
22030,
22035,
22038,
22047,
22060,
22062,
22070,
22104,
22124,
22128,
22161,
22166,
22169,
22171,
22172,
22177,
22179,
22190,
22195,
22198,
22203,
22204,
22211,
22218,
22225,
22230,
22232,
22236,
22247,
22288,
22293,
22308,
22310,
22334,
22338,
22340,
22341,
22341,
22350,
22354,
22359,
22362,
22362,
22386,
22391,
22393,
22398,
22404,
22410,
22419,
22421,
22429,
22440,
22442,
22444,
22474,
22479,
22488,
22509,
22515,
22517,
22517,
22535,
22535,
22545,
22547,
22554,
22560,
22582,
22584,
22585,
22601,
22605,
22606,
22608,
22616,
22622,
22626,
22659,
22674,
22679,
22693,
22697,
22705,
22710,
22736,
22737,
22738,
22739,
22759,
22761,
22770,
22774,
22790,
22807,
22818,
22830,
22835,
22846,
22867,
22901,
22915,
22924,
22933,
22936,
22942,
22950,
22965,
22996,
22997,
23015,
23024,
23029,
23029,
23039,
23040,
23046,
23050,
23053,
23053,
23071,
23074,
23078,
23095,
23108,
23117,
23120,
23120,
23124,
23134,
23140,
23146,
23153,
23154,
23155,
23173,
23174,
23189,
23197,
23204,
23208,
23248,
23263,
23269,
23275,
23277,
23285,
23298,
23308,
23313,
23320,
23342,
23342,
23350,
23356,
23363,
23365,
23377,
23388,
23406,
23407,
23412,
23419,
23419,
23469,
23474,
23479,
23525,
23536,
23554,
23558,
23574,
23593,
23604,
23610,
23612,
23620,
23629,
23629,
23639,
23659,
23671,
23685,
23690,
23694,
23698,
23711,
23712,
23717,
23719,
23736,
23740,
23775,
23778,
23794,
23798,
23809,
23811,
23827,
23830,
23862,
23873,
23877,
23881,
23893,
23908,
23928,
23928,
23932,
23937,
23939,
23946,
23953,
23956,
23961,
23970,
23970,
23980,
23989,
23996,
24002,
24005,
24005,
24012,
24014,
24035,
24037,
24040,
24040,
24048,
24065,
24067,
24069,
24077,
24089,
24098,
24103,
24139,
24146,
24162,
24172,
24173,
24211,
24214,
24220,
24238,
24244,
24256,
24267,
24275,
24292,
24302,
24307,
24319,
24329,
24336,
24340,
24344,
24352,
24354,
24359,
24360,
24363,
24370,
24376,
24393,
24408,
24409,
24409,
24431,
24441,
24475,
24484,
24491,
24491,
24493,
24495,
24501,
24532,
24545,
24568,
24578,
24581,
24583,
24587,
24609,
24639,
24651,
24661,
24671,
24673,
24698,
24700,
24703,
24707,
24715,
24732,
24735,
24751,
24781,
24785,
24794,
24808,
24824,
24835,
24839,
24844,
24846,
24847,
24856,
24866,
24869,
24878,
24894,
24894,
24900,
24928,
24941,
24947,
24964,
24965,
24974,
24980,
24980,
24989,
24997,
25022,
25028,
25030,
25045,
25046,
25066,
25077,
25082,
25086,
25111,
25124,
25137,
25141,
25172,
25189,
25189,
25193,
25194,
25200,
25212,
25233,
25252,
25252,
25255,
25256,
25278,
25286,
25287,
25288,
25290,
25318,
25327,
25342,
25349,
25360,
25380,
25384,
25395,
25417,
25421,
25422,
25436,
25440,
25453,
25464,
25476,
25482,
25506,
25527,
25565,
25565,
25606,
25607,
25622,
25627,
25633,
25641,
25641,
25663,
25677,
25680,
25680,
25682,
25696,
25710,
25710,
25735,
25764,
25785,
25788,
25798,
25803,
25809,
25811,
25819,
25823,
25824,
25835,
25836,
25838,
25838,
25845,
25852,
25854,
25857,
25868,
25875,
25880,
25883,
25896,
25905,
25918,
25926,
25966,
25972,
25990,
26003,
26012,
26020,
26021,
26023,
26042,
26046,
26055,
26067,
26073,
26086,
26091,
26096,
26099,
26131,
26137,
26156,
26171,
26183,
26189,
26220,
26237,
26244,
26256,
26259,
26287,
26287,
26302,
26310,
26314,
26314,
26347,
26351,
26373,
26408,
26414,
26420,
26425,
26427,
26431,
26440,
26445,
26465,
26474,
26502,
26512,
26514,
26522,
26525,
26526,
26528,
26528,
26544,
26548,
26550,
26552,
26560,
26562,
26567,
26572,
26577,
26578,
26583,
26585,
26601,
26602,
26615,
26672,
26675,
26679,
26684,
26690,
26708,
26711,
26716,
26732,
26737,
26746,
26749,
26774,
26786,
26797,
26817,
26829,
26831,
26835,
26857,
26877,
26895,
26919,
26924,
26928,
26931,
26937,
26995,
27003,
27009,
27011,
27018,
27027,
27030,
27047,
27060,
27075,
27092,
27099,
27099,
27103,
27106,
27107,
27129,
27132,
27135,
27147,
27167,
27171,
27200,
27207,
27240,
27240,
27256,
27266,
27292,
27293,
27302,
27305,
27324,
27332,
27363,
27383,
27386,
27392,
27406,
27414,
27418,
27418,
27435,
27435,
27440,
27448,
27467,
27505,
27515,
27531,
27535,
27540,
27547,
27550,
27550,
27555,
27580,
27593,
27595,
27595,
27606,
27606,
27613,
27640,
27647,
27648,
27664,
27665,
27668,
27682,
27699,
27701,
27707,
27708,
27710,
27714,
27742,
27775,
27792,
27802,
27808,
27817,
27838,
27843,
27861,
27864,
27866,
27868,
27876,
27877,
27885,
27888,
27892,
27900,
27938,
27946,
27957,
27964,
27968,
27974,
27975,
27994,
28002,
28005,
28032,
28048,
28070,
28071,
28079,
28100,
28100,
28116,
28119,
28126,
28135,
28139,
28153,
28189,
28208,
28212,
28216,
28223,
28232,
28232,
28238,
28265,
28295,
28298,
28300,
28305,
28314,
28315,
28324,
28328,
28329,
28332,
28333,
28339,
28363,
28370,
28390,
28393,
28395,
28400,
28410,
28414,
28417,
28426,
28430,
28431,
28436,
28440,
28442,
28445,
28451,
28459,
28459,
28460,
28464,
28475,
28486,
28488,
28512,
28545,
28548,
28551,
28553,
28562,
28592,
28601,
28612,
28617,
28618,
28621,
28629,
28643,
28651,
28653,
28655,
28666,
28667,
28670,
28697,
28700,
28708,
28722,
28725,
28737,
28743,
28747,
28753,
28754,
28777,
28779,
28781,
28783,
28791,
28812,
28837,
28856,
28866,
28867,
28872,
28887,
28908,
28909,
28933,
28948,
28955,
28966,
28969,
28983,
28994,
28995,
29005,
29021,
29047,
29056,
29062,
29073,
29082,
29083,
29084,
29098,
29102,
29103,
29107,
29144,
29156,
29164,
29166,
29172,
29174,
29184,
29189,
29190,
29220,
29227,
29231,
29245,
29249,
29254,
29267,
29278,
29293,
29317,
29331,
29332,
29352,
29356,
29365,
29373,
29396,
29420,
29423,
29432,
29440,
29449,
29468,
29469,
29473,
29476,
29483,
29486,
29515,
29527,
29534,
29556,
29574,
29604,
29611,
29614,
29615,
29619,
29623,
29643,
29650,
29660,
29668,
29695,
29721,
29738,
29738,
29757,
29782,
29793,
29795,
29806,
29813,
29819,
29826,
29837,
29850,
29865,
29874,
29884,
29895,
29918,
29919,
29953,
29965,
29990,
30020,
30023,
30039,
30039,
30055,
30071,
30080,
30084,
30113,
30141,
30156,
30167,
30189,
30221,
30236,
30274,
30285,
30286,
30286,
30289,
30292,
30300,
30301,
30313,
30316,
30332,
30349,
30357,
30376,
30377,
30402,
30411,
30417,
30418,
30422,
30450,
30451,
30452,
30489,
30524,
30525,
30534,
30550,
30558,
30571,
30583,
30595,
30600,
30608,
30612,
30622,
30631,
30659,
30679,
30720,
30726,
30732,
30750,
30753,
30760,
30785,
30806,
30834,
30835,
30845,
30851,
30871,
30883,
30889,
30911,
30912,
30931,
30932,
30966,
30979,
30989,
31009,
31016,
31026,
31034,
31056,
31071,
31075,
31089,
31093,
31099,
31108,
31108,
31114,
31115,
31119,
31121,
31123,
31125,
31159,
31160,
31180,
31197,
31209,
31209,
31221,
31222,
31223,
31228,
31233,
31242,
31244,
31278,
31290,
31295,
31316,
31326,
31365,
31367,
31367,
31369,
31373,
31380,
31395,
31416,
31423,
31434,
31436,
31449,
31449,
31451,
31487,
31488,
31522,
31579,
31616,
31622,
31630,
31633,
31643,
31656,
31665,
31675,
31680,
31681,
31685,
31704,
31706,
31722,
31734,
31740,
31756,
31765,
31774,
31794,
31796,
31797,
31800,
31810,
31836,
31844,
31849,
31853,
31856,
31865,
31870,
31879,
31905,
31910,
31916,
31925,
31962,
32018,
32032,
32034,
32035,
32039,
32062,
32068,
32081,
32095,
32101,
32105,
32122,
32130,
32138,
32146,
32159,
32167,
32185,
32185,
32194,
32199,
32205,
32231,
32253,
32273,
32288,
32300,
32301,
32331,
32351,
32354,
32374,
32408,
32417,
32420,
32438,
32442,
32446,
32449,
32455,
32470,
32473,
32491,
32517,
32533,
32560,
32570,
32586,
32588,
32594,
32619,
32653,
32665,
32680,
32682,
32708,
32708,
32723,
32739,
32760,
32763,
32769,
32796,
32798,
32809,
32816,
32818,
32824,
32863,
32883,
32895,
32899,
32914,
32919,
32946,
32946,
32948,
32948,
32949,
32950,
32970,
32981,
32989,
32993,
32994,
32995,
33018,
33030,
33032,
33043,
33053,
33056,
33059,
33074,
33103,
33142,
33157,
33160,
33162,
33172,
33188,
33189,
33204,
33208,
33210,
33217,
33218,
33234,
33238,
33249,
33256,
33268,
33270,
33280,
33282,
33293,
33299,
33325,
33326,
33341,
33347,
33355,
33365,
33368,
33373,
33393,
33412,
33413,
33421,
33427,
33435,
33444,
33456,
33464,
33487,
33490,
33493,
33501,
33510,
33519,
33536,
33553,
33564,
33578,
33581,
33591,
33610,
33611,
33620,
33633,
33636,
33646,
33652,
33652,
33652,
33656,
33659,
33665,
33674,
33715,
33717,
33735,
33752,
33792,
33793,
33793,
33816,
33817,
33821,
33822,
33834,
33834,
33848,
33860,
33863,
33915,
33915,
33918,
33924,
33940,
33952,
33959,
33977,
34006,
34017,
34030,
34039,
34039,
34043,
34048,
34049,
34053,
34062,
34088,
34091,
34094,
34115,
34150,
34152,
34167,
34191,
34193,
34197,
34200,
34205,
34215,
34221,
34222,
34222,
34225,
34288,
34296,
34304,
34310,
34316,
34349,
34353,
34359,
34380,
34383,
34404,
34408,
34423,
34442,
34446,
34474,
34474,
34499,
34507,
34514,
34518,
34519,
34525,
34525,
34527,
34534,
34541,
34554,
34554,
34554,
34596,
34597,
34597,
34604,
34608,
34610,
34626,
34635,
34639,
34640,
34644,
34646,
34647,
34681,
34682,
34686,
34693,
34707,
34719,
34720,
34734,
34738,
34743,
34746,
34752,
34753,
34776,
34776,
34778,
34800,
34802,
34806,
34810,
34823,
34845,
34856,
34857,
34881,
34885,
34894,
34934,
34934,
34937,
34946,
34951,
34965,
34968,
34972,
34972,
34978,
34980,
35018,
35037,
35041,
35043,
35049,
35053,
35064,
35094,
35115,
35130,
35145,
35147,
35149,
35157,
35158,
35165,
35168,
35173,
35181,
35183,
35184,
35185,
35187,
35189,
35190,
35203,
35233,
35241,
35242,
35245,
35252,
35266,
35267,
35281,
35291,
35292,
35303,
35340,
35365,
35373,
35375,
35382,
35392,
35409,
35415,
35424,
35424,
35428,
35441,
35447,
35465,
35479,
35486,
35496,
35498,
35510,
35510,
35510,
35518,
35528,
35534,
35534,
35538,
35547,
35557,
35576,
35580,
35581,
35587,
35590,
35606,
35659,
35688,
35696,
35709,
35711,
35720,
35737,
35740,
35745,
35745,
35760,
35761,
35763,
35777,
35791,
35795,
35815,
35829,
35840,
35842,
35857,
35858,
35885,
35886,
35896,
35902,
35918,
35920,
35924,
35940,
35942,
35952,
35961,
35965,
35975,
35977,
35981,
36013,
36019,
36042,
36046,
36049,
36063,
36063,
36064,
36076,
36085,
36106,
36125,
36129,
36131,
36135,
36135,
36138,
36143,
36148,
36164,
36170,
36170,
36172,
36177,
36193,
36197,
36197,
36214,
36214,
36219,
36220,
36224,
36244,
36252,
36270,
36291,
36298,
36312,
36315,
36325,
36333,
36337,
36338,
36339,
36341,
36343,
36343,
36354,
36364,
36371,
36381,
36393,
36395,
36399,
36411,
36418,
36425,
36441,
36443,
36455,
36458,
36473,
36476,
36478,
36487,
36500,
36510,
36525,
36525,
36531,
36535,
36552,
36558,
36559,
36560,
36578,
36591,
36593,
36628,
36630,
36634,
36652,
36664,
36676,
36680,
36681,
36685,
36705,
36738,
36741,
36742,
36755,
36758,
36774,
36788,
36793,
36799,
36816,
36820,
36832,
36839,
36852,
36854,
36860,
36867,
36894,
36896,
36914,
36926,
36932,
36939,
36962,
36971,
36973,
36979,
36983,
36984,
36998,
37011,
37013,
37021,
37055,
37057,
37060,
37066,
37085,
37088,
37105,
37111,
37116,
37127,
37133,
37133,
37144,
37150,
37159,
37167,
37169,
37194,
37205,
37221,
37229,
37270,
37270,
37283,
37309,
37344,
37362,
37376,
37385,
37399,
37410,
37412,
37415,
37415,
37421,
37422,
37428,
37451,
37468,
37474,
37486,
37492,
37501,
37504,
37509,
37511,
37512,
37512,
37535,
37538,
37538,
37555,
37559,
37560,
37561,
37584,
37586,
37590,
37590,
37597,
37616,
37617,
37617,
37627,
37629,
37669,
37675,
37678,
37689,
37694,
37702,
37713,
37719,
37721,
37723,
37733,
37738,
37768,
37797,
37806,
37810,
37814,
37817,
37825,
37845,
37846,
37856,
37864,
37865,
37872,
37876,
37888,
37896,
37899,
37919,
37920,
37922,
37925,
37930,
37934,
37942,
37948,
37950,
37968,
37968,
37988,
37988,
37992,
38036,
38043,
38051,
38051,
38054,
38073,
38077,
38101,
38109,
38130,
38133,
38154,
38172,
38179,
38204,
38206,
38212,
38214,
38217,
38225,
38239,
38254,
38256,
38277,
38285,
38287,
38312,
38338,
38351,
38376,
38390,
38393,
38394,
38404,
38406,
38422,
38432,
38446,
38450,
38451,
38457,
38483,
38485,
38488,
38499,
38506,
38513,
38516,
38524,
38524,
38538,
38555,
38559,
38625,
38638,
38641,
38646,
38648,
38649,
38651,
38662,
38669,
38669,
38669,
38674,
38695,
38716,
38718,
38718,
38720,
38727,
38738,
38745,
38755,
38780,
38794,
38795,
38798,
38806,
38822,
38828,
38832,
38847,
38847,
38856,
38860,
38870,
38874,
38877,
38879,
38892,
38897,
38901,
38922,
38923,
38929,
38933,
38940,
38946,
38949,
38951,
38954,
38964,
38969,
38971,
38977,
38982,
38993,
39010,
39040,
39040,
39048,
39051,
39056,
39057,
39059,
39078,
39081,
39082,
39119,
39126,
39127,
39130,
39141,
39160,
39167,
39176,
39183,
39197,
39206,
39212,
39223,
39235,
39253,
39276,
39281,
39290,
39292,
39301,
39304,
39313,
39319,
39332,
39342,
39343,
39351,
39374,
39398,
39412,
39412,
39414,
39429,
39447,
39448,
39472,
39484,
39489,
39501,
39509,
39513,
39526,
39538,
39571,
39578,
39607,
39627,
39628,
39628,
39649,
39659,
39660,
39673,
39674,
39687,
39711,
39717,
39718,
39728,
39730,
39732,
39749,
39755,
39760,
39764,
39764,
39783,
39785,
39798,
39802,
39814,
39816,
39826,
39842,
39843,
39853,
39853,
39863,
39864,
39868,
39872,
39876,
39879,
39901,
39917,
39919,
39930,
39961,
39973,
39987,
40004,
40005,
40014,
40027,
40039,
40040,
40042,
40044,
40089,
40097,
40144,
40192,
40194,
40199,
40202,
40209,
40218,
40222,
40222,
40225,
40239,
40241,
40259,
40282,
40288,
40288,
40311,
40315,
40324,
40332,
40334,
40340,
40341,
40344,
40350,
40422,
40432,
40435,
40436,
40451,
40452,
40453,
40469,
40475,
40482,
40482,
40482,
40495,
40497,
40502,
40502,
40512,
40515,
40520,
40529,
40554,
40567,
40568,
40576,
40576,
40591,
40593,
40612,
40620,
40620,
40624,
40626,
40626,
40636,
40639,
40641,
40653,
40665,
40671,
40680,
40681,
40690,
40694,
40711,
40720,
40732,
40738,
40741,
40745,
40747,
40776,
40776,
40784,
40787,
40797,
40808,
40862,
40866,
40874,
40891,
40896,
40898,
40898,
40899,
40900,
40921,
40933,
40937,
40951,
40959,
40960,
40982,
40992,
40999,
41019,
41036,
41049,
41059,
41060,
41104,
41105,
41106,
41113,
41113,
41118,
41126,
41145,
41148,
41153,
41163,
41166,
41178,
41187,
41194,
41195,
41202,
41204,
41213,
41232,
41232,
41235,
41255,
41260,
41262,
41262,
41270,
41272,
41275,
41286,
41289,
41293,
41304,
41310,
41322,
41329,
41351,
41357,
41366,
41376,
41392,
41395,
41408,
41409,
41447,
41449,
41450,
41459,
41462,
41470,
41479,
41480,
41482,
41486,
41488,
41489,
41499,
41511,
41512,
41522,
41526,
41533,
41537,
41542,
41552,
41554,
41559,
41562,
41562,
41577,
41579,
41595,
41602,
41603,
41612,
41679,
41684,
41694,
41698,
41702,
41733,
41735,
41769,
41784,
41802,
41816,
41817,
41865,
41868,
41879,
41906,
41917,
41918,
41924,
41927,
41937,
41976,
41981,
41984,
41984,
41985,
42005,
42007,
42010,
42029,
42035,
42038,
42039,
42039,
42041,
42043,
42067,
42071,
42071,
42086,
42099,
42115,
42118,
42125,
42140,
42155,
42162,
42169,
42183,
42207,
42210,
42219,
42219,
42221,
42223,
42230,
42248,
42265,
42328,
42335,
42336,
42340,
42341,
42343,
42371,
42392,
42413,
42417,
42430,
42437,
42440,
42509,
42510,
42510,
42512,
42515,
42517,
42537,
42551,
42554,
42555,
42564,
42567,
42571,
42573,
42588,
42630,
42644,
42646,
42653,
42654,
42655,
42662,
42669,
42676,
42685,
42687,
42688,
42696,
42709,
42715,
42737,
42748,
42770,
42778,
42780,
42786,
42797,
42799,
42817,
42826,
42850,
42864,
42892,
42898,
42912,
42923,
42932,
42946,
42948,
42959,
42997,
42999,
43018,
43020,
43021,
43025,
43030,
43041,
43046,
43047,
43062,
43080,
43091,
43093,
43099,
43106,
43107,
43122,
43134,
43139,
43140,
43164,
43165,
43165,
43189,
43191,
43193,
43215,
43239,
43243,
43256,
43260,
43284,
43284,
43287,
43290,
43306,
43310,
43315,
43322,
43329,
43338,
43341,
43347,
43375,
43388,
43400,
43404,
43416,
43418,
43445,
43445,
43449,
43467,
43492,
43494,
43501,
43512,
43521,
43528,
43536,
43539,
43542,
43554,
43558,
43565,
43574,
43581,
43588,
43590,
43649,
43649,
43655,
43663,
43667,
43679,
43686,
43692,
43695,
43703,
43710,
43764,
43766,
43787,
43797,
43813,
43818,
43823,
43835,
43857,
43871,
43878,
43895,
43906,
43925,
43934,
43936,
43937,
43959,
43968,
43996,
44004,
44018,
44036,
44037,
44050,
44060,
44062,
44066,
44106,
44131,
44144,
44157,
44161,
44163,
44169,
44183,
44200,
44222,
44243,
44247,
44254,
44254,
44268,
44269,
44286,
44288,
44289,
44292,
44292,
44299,
44315,
44316,
44322,
44337,
44337,
44344,
44348,
44355,
44359,
44371,
44386,
44395,
44402,
44418,
44421,
44433,
44448,
44453,
44462,
44481,
44495,
44504,
44505,
44533,
44536,
44542,
44544,
44553,
44564,
44566,
44591,
44599,
44600,
44627,
44636,
44661,
44694,
44698,
44706,
44726,
44762,
44764,
44768,
44768,
44783,
44784,
44806,
44808,
44854,
44865,
44893,
44921,
44921,
44928,
44930,
44937,
44940,
44964,
44984,
44991,
44993,
45020,
45021,
45025,
45031,
45031,
45036,
45052,
45061,
45061,
45063,
45079,
45094,
45095,
45102,
45106,
45110,
45118,
45129,
45146,
45148,
45150,
45155,
45170,
45181,
45185,
45190,
45195,
45196,
45219,
45270,
45273,
45277,
45357,
45358,
45388,
45392,
45395,
45399,
45401,
45423,
45435,
45436,
45442,
45464,
45467,
45478,
45492,
45492,
45496,
45520,
45545,
45561,
45581,
45589,
45596,
45629,
45631,
45641,
45645,
45651,
45655,
45675,
45683,
45702,
45709,
45709,
45711,
45746,
45766,
45767,
45775,
45787,
45793,
45794,
45849,
45858,
45877,
45882,
45886,
45895,
45896,
45905,
45915,
45918,
45962,
45972,
45984,
46013,
46043,
46048,
46061,
46089,
46091,
46091,
46092,
46111,
46122,
46123,
46125,
46125,
46137,
46146,
46173,
46181,
46210,
46216,
46216,
46220,
46222,
46235,
46241,
46242,
46264,
46271,
46314,
46327,
46357,
46370,
46373,
46384,
46389,
46393,
46433,
46433,
46442,
46444,
46454,
46486,
46488,
46488,
46531,
46532,
46534,
46535,
46537,
46561,
46565,
46576,
46583,
46593,
46598,
46617,
46622,
46624,
46632,
46664,
46702,
46706,
46727,
46736,
46742,
46777,
46780,
46791,
46798,
46806,
46818,
46821,
46825,
46862,
46867,
46873,
46884,
46888,
46891,
46896,
46897,
46897,
46927,
46938,
46960,
46968,
46980,
46985,
46985,
47014,
47015,
47026,
47050,
47053,
47057,
47070,
47074,
47089,
47092,
47099,
47100,
47100,
47131,
47135,
47135,
47138,
47163,
47174,
47184,
47206,
47209,
47216,
47233,
47247,
47271,
47277,
47296,
47300,
47302,
47317,
47354,
47369,
47371,
47374,
47384,
47391,
47395,
47404,
47418,
47421,
47437,
47438,
47448,
47453,
47453,
47465,
47475,
47503,
47508,
47519,
47526,
47527,
47533,
47537,
47540,
47567,
47576,
47577,
47580,
47581,
47590,
47593,
47602,
47604,
47641,
47650,
47657,
47662,
47667,
47677,
47684,
47692,
47699,
47708,
47733,
47736,
47769,
47771,
47797,
47806,
47817,
47820,
47821,
47831,
47832,
47833,
47838,
47886,
47897,
47900,
47900,
47917,
47918,
47922,
47949,
47966,
47975,
47987,
47990,
48004,
48007,
48010,
48025,
48026,
48045,
48069,
48082,
48084,
48084,
48088,
48090,
48092,
48102,
48110,
48115,
48129,
48138,
48141,
48143,
48148,
48173,
48177,
48198,
48199,
48203,
48220,
48247,
48248,
48270,
48273,
48278,
48281,
48298,
48303,
48322,
48341,
48342,
48354,
48364,
48366,
48377,
48382,
48385,
48386,
48387,
48397,
48402,
48424,
48450,
48463,
48481,
48493,
48504,
48513,
48516,
48530,
48553,
48557,
48565,
48573,
48574,
48577,
48587,
48587,
48595,
48607,
48608,
48627,
48629,
48633,
48647,
48711,
48735,
48745,
48754,
48756,
48775,
48780,
48813,
48821,
48836,
48881,
48885,
48894,
48918,
48920,
48922,
48936,
48940,
48942,
48960,
48980,
49019,
49024,
49028,
49033,
49036,
49042,
49050,
49053,
49060,
49062,
49077,
49099,
49111,
49118,
49156,
49157,
49171,
49175,
49176,
49185,
49198,
49218,
49235,
49244,
49276,
49303,
49304,
49319,
49320,
49333,
49337,
49338,
49341,
49344,
49361,
49362,
49363,
49370,
49387,
49389,
49393,
49397,
49398,
49399,
49400,
49425,
49432,
49434,
49439,
49442,
49454,
49481,
49482,
49482,
49495,
49500,
49503,
49512,
49517,
49527,
49532,
49561,
49581,
49584,
49587,
49592,
49624,
49629,
49646,
49661,
49668,
49680,
49682,
49683,
49701,
49707,
49741,
49748,
49752,
49752,
49767,
49778,
49779,
49789,
49809,
49811,
49853,
49864,
49886,
49901,
49912,
49932,
49943,
49966,
49989,
49992,
50002,
50011,
50014,
50021,
50033,
50038,
50041,
50052,
50054,
50069,
50076,
50110,
50126,
50131,
50143,
50171,
50177,
50186,
50194,
50195,
50199,
50201,
50211,
50220,
50223,
50225,
50239,
50242,
50250,
50293,
50293,
50317,
50342,
50358,
50366,
50377,
50380,
50381,
50395,
50402,
50410,
50410,
50414,
50422,
50436,
50437,
50443,
50459,
50462,
50475,
50496,
50501,
50503,
50508,
50523,
50535,
50536,
50538,
50546,
50552,
50556,
50566,
50570,
50583,
50589,
50591,
50602,
50603,
50613,
50667,
50668,
50673,
50675,
50688,
50689,
50694,
50707,
50709,
50714,
50714,
50719,
50719,
50721,
50722,
50740,
50745,
50750,
50764,
50767,
50771,
50784,
50787,
50790,
50798,
50806,
50808,
50808,
50856,
50875,
50891,
50901,
50911,
50917,
50944,
50958,
50986,
50994,
51001,
51032,
51033,
51033,
51038,
51080,
51082,
51084,
51087,
51088,
51110,
51119,
51122,
51134,
51144,
51145,
51149,
51152,
51162,
51164,
51177,
51243,
51252,
51261,
51266,
51283,
51285,
51292,
51318,
51327,
51338,
51356,
51372,
51377,
51378,
51382,
51390,
51396,
51397,
51399,
51399,
51433,
51468,
51485,
51511,
51516,
51530,
51538,
51548,
51550,
51565,
51571,
51574,
51580,
51583,
51600,
51603,
51608,
51613,
51617,
51626,
51654,
51657,
51683,
51689,
51699,
51704,
51711,
51726,
51731,
51761,
51776,
51782,
51784,
51794,
51799,
51818,
51823,
51851,
51862,
51868,
51885,
51889,
51905,
51909,
51920,
51928,
51929,
51931,
51933,
51936,
51936,
51943,
51987,
51998,
52000,
52034,
52034,
52059,
52070,
52102,
52150,
52156,
52168,
52183,
52197,
52210,
52216,
52254,
52255,
52266,
52269,
52278,
52282,
52301,
52304,
52309,
52314,
52315,
52321,
52339,
52341,
52344,
52346,
52350,
52367,
52379,
52382,
52386,
52398,
52420,
52428,
52452,
52458,
52464,
52476,
52482,
52500,
52502,
52503,
52518,
52541,
52585,
52595,
52598,
52607,
52618,
52620,
52636,
52637,
52640,
52642,
52644,
52653,
52659,
52667,
52671,
52672,
52676,
52684,
52695,
52700,
52709,
52713,
52727,
52736,
52743,
52754,
52770,
52771,
52788,
52789,
52822,
52827,
52837,
52846,
52850,
52862,
52876,
52878,
52879,
52880,
52882,
52882,
52903,
52905,
52909,
52917,
52928,
52932,
52942,
52944,
52968,
52977,
52982,
52991,
52996,
52999,
53019,
53024,
53035,
53035,
53038,
53049,
53055,
53063,
53065,
53066,
53099,
53101,
53102,
53107,
53108,
53118,
53149,
53150,
53173,
53200,
53248,
53252,
53253,
53258,
53258,
53281,
53285,
53289,
53303,
53305,
53314,
53331,
53333,
53360,
53365,
53365,
53368,
53374,
53376,
53377,
53377,
53414,
53420,
53424,
53428,
53430,
53431,
53451,
53453,
53455,
53460,
53462,
53463,
53468,
53489,
53489,
53506,
53513,
53513,
53535,
53537,
53539,
53541,
53549,
53554,
53559,
53571,
53587,
53591,
53605,
53607,
53615,
53633,
53634,
53644,
53650,
53659,
53679,
53705,
53710,
53712,
53746,
53750,
53765,
53803,
53847,
53849,
53871,
53874,
53879,
53902,
53918,
53919,
53930,
53933,
53950,
53955,
53965,
54010,
54014,
54022,
54038,
54048,
54049,
54049,
54053,
54061,
54066,
54069,
54122,
54124,
54124,
54130,
54134,
54137,
54140,
54146,
54160,
54168,
54187,
54190,
54191,
54207,
54214,
54240,
54258,
54265,
54270,
54275,
54282,
54306,
54323,
54332,
54356,
54369,
54375,
54392,
54405,
54417,
54421,
54433,
54448,
54482,
54487,
54493,
54494,
54502,
54505,
54513,
54547,
54554,
54555,
54562,
54562,
54576,
54585,
54589,
54606,
54614,
54618,
54632,
54641,
54642,
54648,
54687,
54692,
54696,
54702,
54705,
54712,
54765,
54794,
54805,
54809,
54825,
54827,
54839,
54849,
54850,
54866,
54869,
54872,
54873,
54880,
54880,
54921,
54921,
54940,
54941,
54943,
54945,
54949,
54957,
54986,
54988,
54990,
54999,
55012,
55012,
55018,
55026,
55039,
55049,
55051,
55058,
55058,
55092,
55097,
55122,
55129,
55133,
55133,
55137,
55144,
55154,
55156,
55159,
55166,
55168,
55182,
55191,
55197,
55204,
55206,
55221,
55229,
55231,
55251,
55253,
55268,
55278,
55290,
55309,
55332,
55352,
55414,
55418,
55423,
55426,
55428,
55432,
55434,
55438,
55448,
55451,
55453,
55459,
55459,
55463,
55470,
55471,
55497,
55497,
55500,
55505,
55520,
55526,
55531,
55537,
55553,
55574,
55591,
55605,
55606,
55631,
55642,
55646,
55666,
55681,
55698,
55710,
55718,
55725,
55726,
55751,
55751,
55771,
55774,
55782,
55798,
55811,
55812,
55814,
55815,
55825,
55834,
55845,
55861,
55863,
55869,
55873,
55891,
55893,
55899,
55902,
55920,
55939,
55955,
55958,
55963,
55986,
55988,
56001,
56001,
56035,
56048,
56065,
56072,
56076,
56077,
56085,
56087,
56101,
56102,
56121,
56138,
56149,
56156,
56173,
56191,
56204,
56208,
56241,
56247,
56256,
56271,
56278,
56312,
56338,
56354,
56388,
56445,
56468,
56468,
56469,
56472,
56480,
56485,
56490,
56491,
56493,
56494,
56507,
56512,
56520,
56528,
56545,
56550,
56554,
56560,
56565,
56566,
56569,
56570,
56577,
56583,
56588,
56605,
56623,
56630,
56631,
56632,
56636,
56640,
56661,
56673,
56682,
56690,
56702,
56707,
56713,
56721,
56732,
56741,
56772,
56772,
56782,
56783,
56786,
56815,
56817,
56835,
56851,
56859,
56878,
56891,
56896,
56903,
56911,
56916,
56936,
56949,
56969,
56990,
56996,
57011,
57032,
57083,
57100,
57103,
57108,
57125,
57132,
57134,
57155,
57199,
57214,
57233,
57248,
57265,
57268,
57269,
57282,
57286,
57306,
57308,
57315,
57316,
57325,
57327,
57337,
57341,
57350,
57354,
57364,
57374,
57380,
57381,
57394,
57400,
57401,
57404,
57429,
57444,
57449,
57470,
57472,
57472,
57476,
57482,
57492,
57494,
57494,
57532,
57548,
57562,
57562,
57568,
57569,
57576,
57578,
57589,
57608,
57621,
57622,
57622,
57626,
57639,
57651,
57654,
57659,
57662,
57664,
57680,
57694,
57702,
57716,
57719,
57736,
57755,
57760,
57761,
57765,
57772,
57774,
57816,
57822,
57827,
57834,
57834,
57852,
57856,
57857,
57864,
57872,
57877,
57885,
57886,
57916,
57919,
57920,
57931,
57935,
57940,
57945,
57953,
57968,
57971,
57971,
57980,
57984,
57993,
57994,
57996,
58005,
58044,
58050,
58051,
58057,
58057,
58064,
58066,
58078,
58116,
58118,
58130,
58131,
58132,
58161,
58184,
58194,
58210,
58216,
58234,
58293,
58298,
58298,
58311,
58317,
58320,
58324,
58335,
58335,
58337,
58345,
58358,
58372,
58373,
58396,
58419,
58442,
58443,
58454,
58464,
58493,
58501,
58511,
58565,
58574,
58582,
58583,
58589,
58591,
58594,
58603,
58604,
58613,
58632,
58634,
58640,
58641,
58648,
58654,
58665,
58669,
58676,
58678,
58688,
58692,
58703,
58714,
58737,
58743,
58769,
58774,
58775,
58779,
58812,
58812,
58818,
58824,
58868,
58874,
58876,
58890,
58914,
58919,
58948,
58948,
58977,
59003,
59025,
59079,
59083,
59085,
59089,
59130,
59131,
59133,
59134,
59139,
59141,
59174,
59189,
59203,
59206,
59206,
59208,
59220,
59230,
59245,
59253,
59257,
59257,
59264,
59273,
59276,
59304,
59312,
59340,
59355,
59379,
59394,
59420,
59430,
59449,
59453,
59462,
59471,
59474,
59481,
59493,
59501,
59505,
59506,
59509,
59509,
59512,
59516,
59523,
59542,
59547,
59563,
59588,
59600,
59601,
59610,
59612,
59612,
59615,
59621,
59635,
59643,
59656,
59673,
59691,
59695,
59695,
59698,
59725,
59727,
59734,
59745,
59745,
59773,
59785,
59794,
59802,
59806,
59815,
59816,
59820,
59827,
59865,
59877,
59897,
59900,
59915,
59938,
59954,
59967,
59980,
59980,
59981,
59984,
59997,
60006,
60019,
60024,
60029,
60032,
60032,
60035,
60044,
60085,
60089,
60101,
60107,
60119,
60147,
60152,
60172,
60185,
60187,
60195,
60199,
60247,
60256,
60256,
60267,
60293,
60299,
60303,
60316,
60320,
60332,
60359,
60366,
60383,
60397,
60401,
60405,
60416,
60430,
60456,
60464,
60475,
60508,
60512,
60525,
60551,
60568,
60578,
60587,
60603,
60634,
60640,
60655,
60657,
60694,
60708,
60719,
60720,
60732,
60749,
60771,
60774,
60776,
60794,
60795,
60797,
60801,
60804,
60832,
60848,
60856,
60868,
60873,
60880,
60885,
60888,
60889,
60890,
60906,
60920,
60923,
60929,
60939,
60949,
60958,
60973,
60988,
60994,
61001,
61003,
61015,
61017,
61036,
61042,
61049,
61051,
61067,
61070,
61074,
61077,
61081,
61081,
61095,
61098,
61108,
61117,
61118,
61126,
61141,
61146,
61149,
61157,
61170,
61173,
61174,
61193,
61204,
61222,
61232,
61232,
61237,
61238,
61246,
61250,
61262,
61286,
61293,
61297,
61300,
61300,
61304,
61337,
61363,
61378,
61390,
61401,
61425,
61427,
61481,
61514,
61521,
61527,
61533,
61562,
61565,
61573,
61603,
61609,
61614,
61616,
61621,
61635,
61640,
61644,
61646,
61647,
61655,
61686,
61690,
61717,
61717,
61723,
61727,
61730,
61738,
61776,
61800,
61816,
61817,
61822,
61828,
61836,
61847,
61858,
61858,
61863,
61868,
61874,
61881,
61905,
61914,
61922,
61925,
61960,
61961,
61963,
61964,
61966,
61994,
61996,
62000,
62004,
62004,
62004,
62023,
62043,
62047,
62047,
62050,
62077,
62090,
62108,
62108,
62140,
62148,
62150,
62202,
62214,
62220,
62220,
62221,
62246,
62257,
62259,
62262,
62272,
62280,
62285,
62287,
62288,
62290,
62292,
62298,
62305,
62310,
62326,
62345,
62345,
62353,
62355,
62366,
62389,
62408,
62410,
62430,
62433,
62435,
62441,
62444,
62457,
62465,
62473,
62475,
62479,
62483,
62491,
62498,
62501,
62501,
62509,
62514,
62518,
62529,
62544,
62549,
62553,
62580,
62607,
62615,
62630,
62646,
62649,
62667,
62676,
62692,
62695,
62696,
62703,
62728,
62738,
62746,
62751,
62752,
62753,
62762,
62766,
62767,
62781,
62786,
62795,
62840,
62842,
62853,
62854,
62872,
62877,
62886,
62889,
62893,
62903,
62915,
62916,
62920,
62928,
62931,
62951,
62952,
62953,
62980,
62985,
62987,
62990,
63002,
63023,
63024,
63032,
63034,
63042,
63056,
63061,
63066,
63073,
63080,
63086,
63098,
63116,
63122,
63149,
63154,
63160,
63166,
63172,
63196,
63203,
63208,
63218,
63225,
63233,
63241,
63245,
63264,
63273,
63276,
63278,
63283,
63283,
63288,
63295,
63311,
63311,
63320,
63321,
63326,
63329,
63350,
63352,
63371,
63395,
63411,
63411,
63441,
63446,
63457,
63470,
63483,
63504,
63528,
63536,
63542,
63544,
63571,
63572,
63572,
63585,
63587,
63618,
63620,
63627,
63633,
63638,
63648,
63651,
63658,
63666,
63684,
63700,
63702,
63709,
63711,
63712,
63712,
63727,
63731,
63809,
63812,
63815,
63840,
63841,
63846,
63850,
63862,
63872,
63876,
63883,
63898,
63898,
63906,
63907,
63913,
63926,
63929,
63990,
64009,
64012,
64025,
64029,
64073,
64095,
64109,
64112,
64122,
64126,
64165,
64165,
64177,
64196,
64210,
64221,
64221,
64228,
64230,
64230,
64246,
64255,
64261,
64281,
64287,
64289,
64295,
64295,
64303,
64312,
64323,
64331,
64332,
64333,
64333,
64336,
64389,
64410,
64422,
64425,
64425,
64433,
64453,
64467,
64475,
64475,
64475,
64480,
64500,
64502,
64506,
64507,
64511,
64518,
64527,
64533,
64536,
64542,
64545,
64565,
64566,
64567,
64570,
64593,
64628,
64671,
64686,
64687,
64700,
64713,
64723,
64723,
64730,
64731,
64746,
64750,
64751,
64760,
64765,
64782,
64794,
64795,
64843,
64865,
64877,
64899,
64899,
64908,
64912,
64930,
64930,
64932,
64934,
64936,
64948,
64952,
64967,
65012,
65025,
65035,
65048,
65055,
65057,
65073,
65075,
65091,
65091,
65116,
65118,
65147,
65155,
65161,
65165,
65174,
65187,
65192,
65206,
65207,
65223,
65243,
65248,
65256,
65258,
65260,
65277,
65281,
65298,
65303,
65318,
65321,
65337,
65339,
65347,
65348,
65351,
65351,
65371,
65401,
65409,
65416,
65417,
65417,
65441,
65452,
65458,
65462,
65468,
65477,
65484,
65520,
65524,
65555,
65564,
65565,
65566,
65571,
65588,
65589,
65591,
65599,
65601,
65607,
65614,
65638,
65648,
65656,
65657,
65668,
65673,
65686,
65690,
65709,
65714,
65716,
65723,
65737,
65743,
65757,
65772,
65775,
65778,
65796,
65801,
65813,
65816,
65837,
65854,
65855,
65889,
65893,
65910,
65927,
65937,
65948,
65963,
65972,
65981,
65999,
65999,
66006,
66007,
66023,
66030,
66049,
66052,
66055,
66095,
66106,
66111,
66111,
66129,
66131,
66133,
66138,
66141,
66142,
66149,
66158,
66166,
66176,
66177,
66198,
66205,
66205,
66207,
66217,
66228,
66242,
66248,
66277,
66285,
66295,
66298,
66300,
66305,
66309,
66313,
66314,
66323,
66329,
66338,
66347,
66351,
66354,
66363,
66376,
66389,
66402,
66408,
66410,
66421,
66433,
66471,
66474,
66477,
66477,
66482,
66496,
66498,
66515,
66515,
66526,
66539,
66547,
66548,
66555,
66559,
66567,
66587,
66590,
66622,
66624,
66628,
66640,
66645,
66650,
66655,
66659,
66665,
66693,
66699,
66704,
66725,
66728,
66731,
66734,
66764,
66769,
66778,
66780,
66807,
66810,
66810,
66819,
66820,
66831,
66833,
66845,
66859,
66863,
66871,
66877,
66892,
66894,
66894,
66940,
66960,
66966,
66989,
66991,
66997,
67017,
67041,
67044,
67049,
67057,
67060,
67074,
67076,
67082,
67115,
67128,
67138,
67170,
67174,
67181,
67193,
67195,
67205,
67250,
67265,
67270,
67272,
67307,
67309,
67309,
67310,
67312,
67315,
67320,
67334,
67345,
67384,
67388,
67388,
67392,
67393,
67395,
67414,
67415,
67415,
67420,
67432,
67435,
67446,
67451,
67455,
67477,
67493,
67496,
67528,
67528,
67531,
67540,
67550,
67553,
67554,
67561,
67564,
67567,
67572,
67572,
67593,
67595,
67596,
67610,
67612,
67621,
67630,
67630,
67651,
67654,
67675,
67691,
67706,
67734,
67737,
67737,
67738,
67738,
67752,
67758,
67758,
67768,
67771,
67773,
67781,
67781,
67781,
67793,
67804,
67813,
67824,
67840,
67850,
67874,
67880,
67901,
67901,
67902,
67909,
67910,
67911,
67915,
67916,
67925,
67940,
67946,
67955,
67956,
67958,
67999,
68001,
68013,
68020,
68020,
68025,
68026,
68040,
68048,
68072,
68076,
68085,
68097,
68113,
68117,
68139,
68140,
68144,
68151,
68153,
68168,
68173,
68181,
68188,
68191,
68194,
68202,
68211,
68213,
68228,
68247,
68258,
68260,
68294,
68299,
68355,
68358,
68360,
68366,
68371,
68398,
68399,
68406,
68420,
68431,
68451,
68454,
68487,
68498,
68513,
68544,
68554,
68582,
68583,
68587,
68595,
68609,
68612,
68617,
68621,
68625,
68628,
68630,
68631,
68639,
68640,
68650,
68687,
68694,
68712,
68718,
68733,
68747,
68748,
68749,
68773,
68775,
68776,
68777,
68799,
68803,
68806,
68809,
68811,
68815,
68817,
68829,
68831,
68869,
68886,
68903,
68911,
68936,
68948,
68968,
68973,
68975,
68980,
68988,
68989,
68995,
69021,
69027,
69028,
69048,
69055,
69062,
69086,
69086,
69099,
69104,
69106,
69113,
69143,
69150,
69164,
69167,
69172,
69184,
69231,
69270,
69278,
69288,
69289,
69299,
69330,
69331,
69347,
69354,
69355,
69362,
69365,
69380,
69391,
69406,
69420,
69424,
69434,
69436,
69443,
69445,
69476,
69491,
69509,
69520,
69525,
69529,
69535,
69538,
69563,
69573,
69574,
69582,
69584,
69600,
69606,
69630,
69640,
69641,
69642,
69645,
69652,
69652,
69668,
69683,
69685,
69696,
69698,
69737,
69742,
69756,
69761,
69776,
69777,
69790,
69816,
69819,
69855,
69865,
69905,
69912,
69913,
69936,
69937,
69942,
69982,
69993,
69997,
70006,
70018,
70019,
70042,
70059,
70063,
70065,
70091,
70094,
70109,
70116,
70121,
70122,
70128,
70132,
70138,
70138,
70142,
70152,
70166,
70178,
70182,
70233,
70236,
70258,
70267,
70271,
70272,
70281,
70295,
70330,
70336,
70336,
70354,
70373,
70380,
70395,
70400,
70403,
70412,
70414,
70415,
70424,
70427,
70428,
70431,
70442,
70447,
70479,
70483,
70488,
70497,
70519,
70523,
70549,
70569,
70574,
70594,
70608,
70612,
70614,
70627,
70633,
70659,
70676,
70678,
70695,
70733,
70734,
70745,
70753,
70757,
70767,
70768,
70776,
70783,
70801,
70807,
70808,
70815,
70837,
70860,
70864,
70868,
70873,
70875,
70877,
70886,
70919,
70937,
70943,
70962,
70976,
70977,
70981,
70989,
70999,
71008,
71051,
71093,
71102,
71102,
71118,
71167,
71183,
71212,
71212,
71216,
71218,
71221,
71226,
71235,
71247,
71293,
71294,
71295,
71328,
71345,
71347,
71350,
71351,
71353,
71367,
71373,
71384,
71420,
71428,
71449,
71457,
71510,
71535,
71553,
71566,
71569,
71571,
71573,
71576,
71576,
71607,
71610,
71611,
71619,
71624,
71645,
71647,
71666,
71676,
71688,
71690,
71692,
71694,
71695,
71700,
71704,
71709,
71720,
71733,
71743,
71752,
71752,
71754,
71783,
71795,
71800,
71812,
71818,
71826,
71838,
71857,
71893,
71906,
71906,
71918,
71919,
71922,
71946,
71948,
71953,
71954,
71955,
71959,
71977,
71979,
71982,
71988,
72015,
72022,
72042,
72052,
72078,
72098,
72116,
72139,
72147,
72151,
72151,
72161,
72168,
72176,
72194,
72199,
72216,
72235,
72244,
72245,
72250,
72258,
72265,
72268,
72276,
72278,
72280,
72300,
72339,
72346,
72349,
72374,
72384,
72387,
72408,
72409,
72428,
72428,
72431,
72444,
72480,
72483,
72488,
72501,
72528,
72529,
72532,
72542,
72542,
72549,
72550,
72556,
72578,
72579,
72596,
72603,
72605,
72624,
72644,
72648,
72648,
72652,
72656,
72671,
72681,
72686,
72702,
72706,
72720,
72722,
72735,
72738,
72744,
72754,
72755,
72764,
72770,
72782,
72786,
72798,
72799,
72814,
72815,
72817,
72817,
72841,
72873,
72877,
72885,
72902,
72910,
72912,
72921,
72928,
72966,
72970,
72995,
73020,
73025,
73027,
73032,
73050,
73054,
73067,
73089,
73126,
73131,
73136,
73139,
73179,
73190,
73191,
73192,
73194,
73199,
73203,
73206,
73211,
73213,
73225,
73232,
73254,
73256,
73276,
73282,
73283,
73287,
73297,
73299,
73302,
73312,
73322,
73333,
73337,
73339,
73340,
73341,
73343,
73346,
73348,
73365,
73372,
73377,
73378,
73395,
73404,
73413,
73413,
73419,
73435,
73438,
73443,
73447,
73447,
73448,
73450,
73463,
73463,
73467,
73481,
73484,
73490,
73502,
73510,
73512,
73514,
73527,
73531,
73536,
73574,
73595,
73615,
73631,
73642,
73646,
73655,
73665,
73670,
73671,
73704,
73712,
73724,
73730,
73752,
73763,
73776,
73781,
73783,
73797,
73810,
73816,
73822,
73826,
73828,
73832,
73832,
73840,
73843,
73861,
73862,
73864,
73888,
73893,
73908,
73911,
73939,
73947,
73951,
73962,
73962,
73963,
73966,
73969,
73969,
73976,
73988,
74006,
74006,
74008,
74008,
74041,
74068,
74069,
74085,
74090,
74104,
74106,
74126,
74135,
74144,
74167,
74179,
74182,
74187,
74190,
74197,
74215,
74217,
74219,
74236,
74237,
74249,
74254,
74268,
74271,
74313,
74317,
74335,
74347,
74349,
74353,
74357,
74365,
74372,
74374,
74374,
74397,
74398,
74422,
74433,
74436,
74441,
74481,
74482,
74490,
74492,
74503,
74510,
74537,
74566,
74574,
74577,
74590,
74591,
74595,
74596,
74602,
74606,
74606,
74680,
74691,
74698,
74702,
74715,
74728,
74732,
74733,
74751,
74751,
74753,
74787,
74833,
74835,
74849,
74849,
74856,
74857,
74860,
74870,
74872,
74933,
74939,
74941,
74953,
74954,
74955,
74956,
74959,
74974,
74995,
75016,
75018,
75020,
75026,
75048,
75054,
75064,
75079,
75096,
75104,
75122,
75156,
75177,
75186,
75198,
75198,
75206,
75209,
75218,
75220,
75223,
75238,
75238,
75257,
75263,
75272,
75279,
75292,
75300,
75307,
75310,
75315,
75326,
75326,
75371,
75373,
75385,
75392,
75401,
75406,
75410,
75424,
75424,
75428,
75435,
75457,
75462,
75465,
75480,
75482,
75496,
75498,
75513,
75513,
75516,
75525,
75528,
75552,
75556,
75572,
75580,
75601,
75604,
75604,
75612,
75616,
75631,
75642,
75661,
75666,
75682,
75683,
75692,
75715,
75716,
75733,
75737,
75739,
75743,
75766,
75771,
75845,
75849,
75863,
75868,
75874,
75877,
75880,
75924,
75929,
75934,
75944,
75967,
75970,
75971,
75996,
75999,
76005,
76012,
76014,
76017,
76024,
76037,
76041,
76046,
76053,
76058,
76060,
76067,
76069,
76079,
76088,
76099,
76101,
76104,
76125,
76141,
76152,
76160,
76164,
76184,
76207,
76209,
76259,
76283,
76287,
76296,
76297,
76303,
76307,
76337,
76341,
76359,
76360,
76362,
76367,
76374,
76395,
76397,
76428,
76454,
76457,
76461,
76462,
76483,
76493,
76499,
76504,
76506,
76532,
76555,
76558,
76572,
76578,
76596,
76597,
76604,
76612,
76642,
76646,
76655,
76668,
76703,
76715,
76718,
76735,
76739,
76753,
76757,
76768,
76780,
76787,
76805,
76816,
76829,
76841,
76849,
76859,
76869,
76879,
76891,
76894,
76899,
76909,
76937,
76952,
76953,
76959,
76966,
76975,
76977,
76997,
77011,
77019,
77020,
77021,
77038,
77053,
77059,
77061,
77076,
77080,
77080,
77080,
77081,
77082,
77082,
77093,
77095,
77102,
77111,
77122,
77129,
77150,
77161,
77164,
77172,
77176,
77182,
77185,
77203,
77206,
77227,
77228,
77228,
77229,
77238,
77243,
77268,
77279,
77283,
77287,
77297,
77302,
77305,
77315,
77321,
77328,
77332,
77338,
77338,
77371,
77374,
77381,
77388,
77400,
77402,
77405,
77410,
77414,
77420,
77421,
77430,
77454,
77455,
77471,
77483,
77517,
77519,
77525,
77553,
77564,
77566,
77566,
77596,
77598,
77601,
77605,
77644,
77648,
77667,
77693,
77704,
77716,
77719,
77732,
77735,
77744,
77753,
77763,
77771,
77771,
77774,
77788,
77790,
77807,
77815,
77818,
77832,
77832,
77834,
77841,
77842,
77851,
77852,
77866,
77878,
77878,
77907,
77909,
77913,
77924,
77929,
77960,
77965,
77967,
77973,
77973,
78007,
78013,
78023,
78027,
78033,
78039,
78060,
78066,
78090,
78092,
78109,
78122,
78130,
78130,
78132,
78133,
78143,
78150,
78188,
78196,
78204,
78210,
78227,
78229,
78233,
78236,
78244,
78245,
78246,
78268,
78284,
78315,
78330,
78333,
78336,
78340,
78353,
78357,
78359,
78366,
78381,
78391,
78408,
78411,
78411,
78440,
78444,
78448,
78451,
78453,
78461,
78475,
78482,
78484,
78495,
78533,
78535,
78547,
78551,
78552,
78565,
78588,
78597,
78616,
78639,
78646,
78651,
78653,
78663,
78686,
78699,
78703,
78706,
78727,
78749,
78772,
78784,
78792,
78801,
78818,
78823,
78827,
78856,
78875,
78882,
78883,
78927,
78928,
78934,
78935,
78937,
78941,
78974,
79011,
79013,
79014,
79031,
79034,
79062,
79068,
79069,
79085,
79095,
79143,
79153,
79173,
79195,
79212,
79234,
79252,
79252,
79264,
79272,
79273,
79289,
79301,
79315,
79319,
79327,
79336,
79342,
79343,
79391,
79406,
79406,
79423,
79430,
79435,
79436,
79458,
79489,
79510,
79518,
79523,
79537,
79540,
79542,
79548,
79561,
79591,
79594,
79604,
79609,
79611,
79615,
79624,
79629,
79635,
79641,
79646,
79656,
79663,
79663,
79674,
79682,
79685,
79691,
79692,
79695,
79705,
79714,
79726,
79737,
79748,
79778,
79782,
79820,
79826,
79848,
79849,
79854,
79864,
79867,
79878,
79889,
79910,
79931,
79952,
79952,
79955,
79961,
79963,
79969,
79975,
79981,
79984,
79990,
80003,
80003,
80009,
80012,
80023,
80032,
80033,
80035,
80038,
80040,
80049,
80107,
80111,
80117,
80123,
80128,
80134,
80138,
80149,
80155,
80160,
80174,
80175,
80186,
80188,
80200,
80216,
80220,
80229,
80248,
80272,
80289,
80290,
80304,
80305,
80309,
80311,
80341,
80353,
80371,
80374,
80385,
80388,
80394,
80394,
80394,
80404,
80416,
80426,
80438,
80442,
80457,
80462,
80472,
80476,
80496,
80504,
80506,
80519,
80524,
80530,
80547,
80556,
80567,
80587,
80610,
80621,
80630,
80634,
80647,
80650,
80664,
80674,
80693,
80707,
80708,
80733,
80751,
80755,
80762,
80775,
80801,
80822,
80840,
80847,
80857,
80871,
80885,
80908,
80927,
80937,
80939,
80957,
80971,
80974,
80978,
80981,
80983,
80983,
80993,
