42,
44,
51,
71,
93,
105,
107,
141,
143,
161,
164,
167,
182,
200,
230,
257,
264,
266,
268,
295,
299,
306,
317,
328,
328,
349,
357,
360,
379,
393,
409,
424,
426,
431,
431,
450,
457,
478,
479,
488,
489,
495,
498,
531,
569,
570,
575,
578,
583,
600,
603,
631,
661,
667,
669,
685,
686,
735,
754,
773,
777,
791,
798,
824,
839,
840,
840,
852,
852,
867,
877,
882,
884,
894,
909,
910,
911,
916,
927,
928,
930,
939,
950,
960,
961,
962,
974,
978,
978,
980,
982,
983,
992,
1013,
1018,
1025,
1040,
1066,
1087,
1088,
1096,
1100,
1105,
1136,
1153,
1154,
1157,
1160,
1182,
1206,
1208,
1216,
1232,
1252,
1260,
1262,
1278,
1281,
1293,
1327,
1333,
1334,
1341,
1354,
1362,
1365,
1370,
1387,
1388,
1390,
1400,
1444,
1486,
1487,
1494,
1496,
1497,
1531,
1536,
1538,
1540,
1558,
1577,
1583,
1587,
1599,
1604,
1606,
1609,
1612,
1627,
1640,
1642,
1644,
1655,
1657,
1669,
1674,
1685,
1695,
1699,
1703,
1712,
1714,
1717,
1724,
1727,
1735,
1771,
1806,
1817,
1819,
1827,
1835,
1847,
1869,
1882,
1890,
1906,
1914,
1915,
1915,
1934,
1951,
1978,
1990,
1997,
2006,
2006,
2010,
2016,
2017,
2053,
2079,
2082,
2083,
2088,
2102,
2105,
2108,
2115,
2118,
2128,
2157,
2158,
2171,
2185,
2191,
2193,
2200,
2201,
2205,
2206,
2209,
2226,
2241,
2242,
2281,
2286,
2294,
2313,
2316,
2317,
2338,
2356,
2356,
2381,
2381,
2383,
2388,
2397,
2407,
2407,
2415,
2418,
2434,
2436,
2441,
2450,
2462,
2490,
2495,
2498,
2499,
2502,
2521,
2545,
2554,
2557,
2573,
2584,
2594,
2595,
2596,
2602,
2606,
2628,
2640,
2663,
2664,
2666,
2677,
2678,
2684,
2695,
2723,
2745,
2757,
2758,
2784,
2786,
2814,
2824,
2828,
2832,
2835,
2843,
2858,
2858,
2859,
2869,
2871,
2871,
2885,
2889,
2892,
2892,
2898,
2923,
2936,
2939,
2939,
2944,
2964,
2965,
2976,
2982,
2986,
2996,
3001,
3010,
3021,
3023,
3029,
3033,
3038,
3061,
3074,
3093,
3103,
3106,
3127,
3129,
3137,
3140,
3147,
3182,
3187,
3199,
3202,
3203,
3226,
3226,
3229,
3232,
3246,
3256,
3258,
3259,
3260,
3270,
3279,
3285,
3299,
3304,
3305,
3321,
3330,
3339,
3351,
3370,
3407,
3446,
3454,
3457,
3466,
3489,
3494,
3500,
3510,
3512,
3517,
3527,
3538,
3543,
3543,
3549,
3571,
3575,
3593,
3607,
3614,
3659,
3674,
3696,
3697,
3699,
3701,
3727,
3742,
3745,
3757,
3758,
3762,
3790,
3793,
3814,
3814,
3825,
3827,
3843,
3849,
3868,
3869,
3871,
3871,
3874,
3876,
3878,
3899,
3901,
3909,
3917,
3923,
3937,
3947,
3991,
3991,
3998,
4000,
4008,
4038,
4061,
4089,
4100,
4102,
4109,
4130,
4158,
4161,
4182,
4183,
4186,
4210,
4218,
4218,
4228,
4236,
4242,
4245,
4260,
4271,
4272,
4272,
4286,
4295,
4305,
4310,
4315,
4317,
4326,
4334,
4338,
4344,
4351,
4352,
4361,
4367,
4372,
4391,
4398,
4409,
4449,
4454,
4464,
4472,
4534,
4545,
4545,
4568,
4571,
4572,
4596,
4597,
4602,
4604,
4610,
4611,
4612,
4623,
4630,
4643,
4647,
4660,
4665,
4670,
4673,
4689,
4693,
4699,
4709,
4711,
4713,
4723,
4727,
4737,
4745,
4754,
4811,
4812,
4817,
4842,
4853,
4857,
4901,
4919,
4920,
4922,
4927,
4937,
4950,
4953,
4956,
4959,
5001,
5006,
5014,
5027,
5040,
5068,
5081,
5100,
5108,
5114,
5115,
5121,
5139,
5140,
5144,
5152,
5157,
5178,
5192,
5193,
5196,
5198,
5200,
5206,
5249,
5250,
5265,
5268,
5269,
5278,
5284,
5294,
5300,
5311,
5319,
5326,
5332,
5346,
5351,
5359,
5364,
5391,
5391,
5411,
5413,
5419,
5448,
5453,
5455,
5476,
5508,
5510,
5524,
5532,
5537,
5539,
5559,
5569,
5582,
5592,
5607,
5623,
5630,
5631,
5631,
5646,
5650,
5671,
5674,
5675,
5694,
5705,
5707,
5707,
5710,
5719,
5721,
5729,
5753,
5753,
5754,
5757,
5765,
5785,
5791,
5806,
5820,
5854,
5856,
5897,
5938,
5950,
5956,
5960,
5964,
5973,
5974,
6004,
6015,
6021,
6035,
6050,
6052,
6073,
6074,
6074,
6082,
6098,
6100,
6107,
6109,
6113,
6116,
6117,
6127,
6136,
6142,
6150,
6183,
6236,
6237,
6239,
6245,
6285,
6286,
6301,
6317,
6327,
6340,
6350,
6352,
6377,
6396,
6403,
6410,
6415,
6416,
6419,
6428,
6431,
6436,
6451,
6465,
6471,
6488,
6488,
6504,
6506,
6513,
6533,
6555,
6556,
6558,
6571,
6585,
6591,
6595,
6597,
6600,
6608,
6611,
6640,
6675,
6676,
6715,
6717,
6722,
6737,
6738,
6777,
6783,
6786,
6793,
6797,
6811,
6815,
6822,
6828,
6829,
6829,
6844,
6852,
6865,
6870,
6875,
6893,
6898,
6905,
6925,
6928,
6953,
6960,
6983,
6992,
6994,
6999,
7024,
7028,
7029,
7045,
7049,
7051,
7052,
7065,
7065,
7068,
7071,
7077,
7090,
7104,
7110,
7114,
7114,
7117,
7122,
7122,
7126,
7129,
7153,
7161,
7171,
7175,
7191,
7195,
7199,
7204,
7212,
7214,
7214,
7222,
7224,
7225,
7228,
7256,
7288,
7293,
7307,
7312,
7326,
7327,
7329,
7335,
7377,
7378,
7380,
7392,
7407,
7411,
7416,
7467,
7472,
7479,
7482,
7499,
7504,
7509,
7510,
7530,
7544,
7550,
7555,
7555,
7556,
7561,
7571,
7586,
7586,
7603,
7609,
7615,
7615,
7646,
7656,
7698,
7712,
7753,
7759,
7765,
7780,
7781,
7785,
7798,
7799,
7800,
7809,
7816,
7821,
7821,
7828,
7833,
7840,
7865,
7877,
7884,
7889,
7897,
7898,
7899,
7910,
7934,
7947,
7949,
7950,
7958,
7966,
7969,
7984,
7989,
8013,
8016,
8039,
8040,
8048,
8077,
8089,
8101,
8125,
8127,
8128,
8159,
8163,
8173,
8183,
8190,
8191,
8218,
8221,
8221,
8228,
8257,
8258,
8260,
8269,
8303,
8308,
8309,
8323,
8339,
8402,
8405,
8420,
8434,
8436,
8437,
8440,
8443,
8451,
8466,
8470,
8477,
8477,
8497,
8503,
8511,
8513,
8527,
8527,
8531,
8539,
8578,
8610,
8623,
8628,
8686,
8687,
8715,
8739,
8766,
8792,
8797,
8809,
8817,
8817,
8828,
8852,
8865,
8879,
8887,
8896,
8934,
8939,
8956,
8967,
8974,
8981,
8994,
9004,
9015,
9040,
9050,
9053,
9061,
9065,
9084,
9094,
9094,
9098,
9101,
9109,
9116,
9119,
9156,
9166,
9179,
9180,
9180,
9181,
9185,
9205,
9223,
9228,
9230,
9231,
9240,
9244,
9253,
9272,
9279,
9281,
9283,
9290,
9309,
9311,
9336,
9347,
9355,
9355,
9357,
9360,
9379,
9386,
9397,
9411,
9414,
9417,
9429,
9442,
9446,
9463,
9479,
9497,
9507,
9515,
9521,
9531,
9531,
9535,
9547,
9567,
9571,
9584,
9605,
9617,
9628,
9638,
9643,
9652,
9666,
9671,
9674,
9712,
9712,
9712,
9715,
9728,
9756,
9775,
9786,
9788,
9791,
9793,
9793,
9800,
9808,
9816,
9817,
9828,
9844,
9857,
9858,
9865,
9902,
9909,
9915,
9925,
9942,
9944,
9950,
9955,
9964,
9979,
9989,
10012,
10045,
10046,
10061,
10062,
10076,
10080,
10086,
10097,
10102,
10120,
10121,
10131,
10135,
10138,
10146,
10154,
10154,
10159,
10165,
10169,
10174,
10182,
10186,
10193,
10196,
10207,
10219,
10223,
10236,
10238,
10239,
10242,
10257,
10258,
10260,
10274,
10276,
10281,
10283,
10299,
10322,
10327,
10329,
10347,
10351,
10364,
10379,
10411,
10412,
10413,
10413,
10434,
10443,
10467,
10470,
10471,
10474,
10499,
10520,
10522,
10530,
10539,
10540,
10552,
10559,
10563,
10582,
10599,
10607,
10620,
10620,
10626,
10626,
10659,
10673,
10696,
10705,
10715,
10731,
10731,
10732,
10746,
10750,
10755,
10764,
10769,
10773,
10776,
10794,
10797,
10801,
10810,
10810,
10818,
10835,
10836,
10846,
10850,
10867,
10883,
10887,
10901,
10904,
10914,
10914,
10956,
10959,
10965,
10974,
10984,
11005,
11027,
11029,
11036,
11037,
11050,
11060,
11077,
11099,
11112,
11115,
11130,
11135,
11180,
11193,
11207,
11240,
11241,
11276,
11280,
11289,
11291,
11297,
11305,
11308,
11308,
11317,
11317,
11319,
11355,
11371,
11379,
11382,
11401,
11415,
11427,
11433,
11433,
11442,
11451,
11462,
11477,
11498,
11500,
11502,
11506,
11543,
11553,
11570,
11598,
11611,
11616,
11621,
11628,
11632,
11634,
11643,
11657,
11661,
11665,
11666,
11666,
11677,
11687,
11688,
11690,
11696,
11697,
11702,
11724,
11748,
11749,
11757,
11768,
11775,
11776,
11791,
11796,
11807,
11818,
11838,
11853,
11863,
11877,
11879,
11893,
11898,
11914,
11923,
11936,
11943,
11949,
11965,
11972,
11975,
11975,
11982,
11984,
11989,
11990,
12019,
12022,
12022,
12025,
12025,
12044,
12047,
12055,
12063,
12067,
12092,
12092,
12096,
12102,
12105,
12133,
12135,
12162,
12170,
12175,
12186,
12189,
12191,
12222,
12229,
12248,
12251,
12255,
12256,
12264,
12270,
12275,
12296,
12303,
12306,
12322,
12343,
12374,
12383,
12400,
12436,
12450,
12454,
12475,
12486,
12487,
12493,
12493,
12497,
12500,
12501,
12504,
12507,
12515,
12531,
12550,
12554,
12557,
12569,
12571,
12580,
12609,
12613,
12623,
12628,
12632,
12649,
12655,
12657,
12659,
12660,
12673,
12678,
12680,
12693,
12705,
12714,
12740,
12749,
12752,
12753,
12787,
12817,
12823,
12829,
12843,
12844,
12844,
12854,
12862,
12867,
12874,
12888,
12897,
12904,
12906,
12906,
12913,
12914,
12921,
12922,
12931,
12933,
12947,
12964,
12975,
12981,
12984,
13004,
13024,
13029,
13032,
13040,
13042,
13045,
13047,
13062,
13063,
13072,
13105,
13109,
13113,
13136,
13137,
13138,
13144,
13169,
13172,
13180,
13199,
13204,
13209,
13210,
13214,
13225,
13237,
13244,
13246,
13247,
13254,
13272,
13275,
13289,
13295,
13301,
13309,
13329,
13329,
13335,
13350,
13360,
13362,
13364,
13371,
13407,
13409,
13416,
13445,
13446,
13447,
13458,
13463,
13466,
13468,
13469,
13470,
13471,
13475,
13498,
13502,
13506,
13514,
13517,
13539,
13551,
13564,
13566,
13573,
13582,
13588,
13604,
13610,
13621,
13621,
13633,
13644,
13648,
13661,
13665,
13679,
13685,
13691,
13730,
13735,
13751,
13762,
13764,
13789,
13802,
13802,
13809,
13858,
13865,
13878,
13888,
13891,
13900,
13900,
13907,
13908,
13910,
13926,
13941,
13965,
13973,
13982,
14028,
14057,
14060,
14065,
14089,
14095,
14132,
14134,
14152,
14164,
14168,
14175,
14188,
14189,
14199,
14228,
14232,
14241,
14242,
14243,
14246,
14247,
14260,
14267,
14269,
14280,
14296,
14318,
14332,
14333,
14347,
14351,
14367,
14367,
14406,
14423,
14442,
14451,
14451,
14461,
14462,
14480,
14488,
14490,
14504,
14530,
14540,
14555,
14557,
14586,
14589,
14596,
14606,
14646,
14669,
14677,
14679,
14683,
14689,
14700,
14707,
14710,
14719,
14733,
14739,
14748,
14750,
14752,
14760,
14762,
14765,
14765,
14773,
14773,
14804,
14807,
14813,
14824,
14829,
14831,
14832,
14841,
14859,
14880,
14898,
14919,
14920,
14939,
14948,
14948,
14950,
14950,
14969,
14975,
14978,
14987,
15007,
15010,
15029,
15037,
15054,
15089,
15096,
15105,
15115,
15136,
15152,
15174,
15232,
15248,
15248,
15249,
15254,
15262,
15271,
15276,
15278,
15290,
15297,
15307,
15307,
15327,
15336,
15343,
15343,
15348,
15372,
15388,
15407,
15454,
15473,
15474,
15494,
15499,
15501,
15506,
15507,
15518,
15523,
15532,
15547,
15552,
15564,
15571,
15580,
15616,
15651,
15652,
15656,
15656,
15656,
15722,
15725,
15728,
15756,
15795,
15798,
15803,
15807,
15810,
15816,
15818,
15818,
15827,
15834,
15837,
15838,
15839,
15856,
15868,
15885,
15886,
15888,
15913,
15916,
15923,
15937,
15947,
15949,
15958,
15966,
15976,
15988,
15991,
16007,
16017,
16018,
16018,
16042,
16053,
16091,
16099,
16114,
16119,
16123,
16123,
16140,
16146,
16177,
16178,
16183,
16193,
16198,
16204,
16209,
16210,
16226,
16237,
16238,
16247,
16249,
16255,
16261,
16303,
16314,
16350,
16356,
16356,
16373,
16375,
16375,
16387,
16396,
16403,
16414,
16415,
16456,
16487,
16535,
16535,
16545,
16560,
16562,
16574,
16580,
16585,
16591,
16597,
16608,
16613,
16623,
16631,
16653,
16653,
16666,
16681,
16687,
16694,
16736,
16751,
16755,
16774,
16785,
16806,
16809,
16823,
16860,
16893,
16893,
16895,
16902,
16904,
16921,
16926,
16928,
16938,
16944,
16945,
16955,
16961,
16967,
16967,
16968,
16979,
16982,
17010,
17011,
17074,
17109,
17118,
17136,
17144,
17150,
17159,
17161,
17166,
17190,
17190,
17193,
17205,
17237,
17273,
17288,
17294,
17295,
17311,
17336,
17352,
17353,
17354,
17357,
17359,
17362,
17372,
17375,
17394,
17405,
17410,
17416,
17419,
17419,
17425,
17427,
17428,
17445,
17449,
17464,
17475,
17477,
17494,
17501,
17525,
17529,
17570,
17572,
17575,
17595,
17598,
17601,
17606,
17621,
17632,
17642,
17644,
17651,
17677,
17680,
17685,
17703,
17712,
17721,
17736,
17738,
17740,
17763,
17781,
17783,
17795,
17806,
17818,
17836,
17838,
17839,
17848,
17850,
17855,
17866,
17887,
17893,
17915,
17923,
17935,
17938,
17958,
17962,
17964,
17968,
17978,
17981,
17987,
17999,
18000,
18023,
18044,
18071,
18071,
18093,
18094,
18103,
18104,
18108,
18121,
18123,
18126,
18133,
18145,
18153,
18156,
18170,
18170,
18180,
18184,
18186,
18187,
18206,
18215,
18233,
18264,
18269,
18275,
18277,
18280,
18295,
18302,
18311,
18312,
18320,
18326,
18332,
18341,
18360,
18361,
18371,
18373,
18383,
18388,
18389,
18412,
18429,
18435,
18441,
18441,
18458,
18468,
18480,
18517,
18519,
18530,
18531,
18547,
18552,
18566,
18568,
18577,
18593,
18605,
18631,
18641,
18655,
18658,
18668,
18672,
18690,
18706,
18709,
18719,
18746,
18757,
18773,
18774,
18781,
18787,
18792,
18793,
18811,
18822,
18829,
18840,
18841,
18844,
18860,
18863,
18878,
18884,
18910,
18919,
18931,
18941,
18943,
18953,
18955,
18966,
18975,
18990,
18992,
19000,
19018,
19030,
19034,
19046,
19099,
19111,
19120,
19126,
19135,
19143,
19143,
19211,
19231,
19241,
19251,
19272,
19274,
19284,
19287,
19299,
19303,
19312,
19316,
19319,
19336,
19347,
19351,
19354,
19358,
19360,
19362,
19385,
19390,
19396,
19397,
19427,
19434,
19481,
19486,
19492,
19495,
19501,
19511,
19513,
19526,
19535,
19537,
19543,
19545,
19562,
19576,
19585,
19589,
19589,
19602,
19610,
19611,
19620,
19621,
19643,
19662,
19664,
19665,
19670,
19678,
19680,
19680,
19681,
19682,
19685,
19701,
19709,
19742,
19745,
19759,
19769,
19774,
19784,
19788,
19789,
19794,
19797,
19801,
19818,
19849,
19854,
19855,
19865,
19872,
19881,
19886,
19893,
19914,
19925,
19930,
19930,
19936,
19938,
19943,
19953,
19954,
20002,
20007,
20009,
20016,
20029,
20034,
20037,
20060,
20062,
20102,
20102,
20136,
20145,
20146,
20147,
20148,
20151,
20165,
20218,
20226,
20229,
20237,
20237,
20257,
20260,
20263,
20292,
20296,
20317,
20324,
20339,
20348,
20360,
20373,
20378,
20382,
20386,
20396,
20426,
20431,
20441,
20445,
20452,
20466,
20471,
20493,
20517,
20519,
20544,
20560,
20570,
20585,
20589,
20603,
20607,
20639,
20641,
20651,
20651,
20654,
20668,
20677,
20678,
20679,
20686,
20696,
20722,
20727,
20727,
20728,
20735,
20741,
20753,
20755,
20756,
20765,
20770,
20785,
20806,
20816,
20818,
20819,
20822,
20851,
20852,
20859,
20866,
20867,
20871,
20875,
20876,
20886,
20890,
20891,
20911,
20912,
20916,
20926,
20935,
20944,
20951,
20966,
20967,
20991,
21014,
21030,
21037,
21037,
21043,
21047,
21082,
21103,
21104,
21108,
21119,
21134,
21159,
21159,
21165,
21168,
21176,
21183,
21236,
21240,
21258,
21262,
21265,
21266,
21266,
21272,
21273,
21296,
21302,
21306,
21324,
21337,
21367,
21378,
21383,
21389,
21403,
21415,
21455,
21458,
21490,
21507,
21522,
21526,
21534,
21579,
21580,
21595,
21605,
21664,
21664,
21664,
21672,
21677,
21679,
21679,
21680,
21682,
21708,
21709,
21738,
21756,
21759,
21772,
21781,
21794,
21795,
21795,
21806,
21839,
21842,
21852,
21864,
21874,
21884,
21887,
21895,
21895,
21898,
21898,
21914,
21948,
21951,
21970,
21973,
21980,
21992,
21998,
22014,
22019,
22031,
22048,
22064,
22080,
22086,
22089,
22095,
22103,
22111,
22131,
22142,
22144,
22220,
22222,
22231,
22242,
22247,
22247,
22254,
22258,
22275,
22351,
22353,
22354,
22359,
22364,
22365,
22394,
22398,
22403,
22418,
22420,
22423,
22449,
22455,
22459,
22464,
22468,
22495,
22498,
22506,
22521,
22544,
22554,
22559,
22575,
22576,
22605,
22629,
22632,
22636,
22646,
22650,
22660,
22693,
22698,
22704,
22710,
22719,
22721,
22727,
22733,
22742,
22749,
22749,
22774,
22777,
22792,
22797,
22804,
22811,
22813,
22814,
22827,
22850,
22862,
22874,
22884,
22901,
22914,
22924,
22937,
22943,
22952,
22996,
22998,
23000,
23019,
23024,
23027,
23031,
23046,
23049,
23056,
23063,
23074,
23078,
23088,
23116,
23127,
23142,
23149,
23150,
23151,
23151,
23152,
23159,
23165,
23171,
23200,
23203,
23218,
23219,
23229,
23232,
23239,
23250,
23252,
23253,
23258,
23267,
23286,
23307,
23309,
23309,
23311,
23316,
23316,
23318,
23322,
23330,
23348,
23361,
23363,
23377,
23381,
23390,
23404,
23422,
23430,
23431,
23469,
23480,
23483,
23488,
23490,
23492,
23496,
23506,
23517,
23518,
23537,
23572,
23585,
23587,
23594,
23598,
23600,
23610,
23620,
23620,
23621,
23622,
23635,
23639,
23642,
23643,
23656,
23668,
23690,
23706,
23713,
23722,
23745,
23747,
23747,
23749,
23758,
23765,
23765,
23768,
23788,
23806,
23813,
23836,
23839,
23853,
23869,
23881,
23881,
23884,
23890,
23912,
23924,
23928,
23930,
23979,
23985,
23987,
23994,
24003,
24013,
24015,
24026,
24028,
24043,
24054,
24065,
24073,
24077,
24093,
24113,
24115,
24117,
24149,
24167,
24167,
24170,
24173,
24180,
24197,
24198,
24203,
24212,
24222,
24243,
24249,
24268,
24317,
24337,
24344,
24351,
24352,
24354,
24359,
24364,
24373,
24378,
24378,
24378,
24384,
24410,
24412,
24418,
24427,
24434,
24440,
24447,
24473,
24479,
24488,
24488,
24500,
24503,
24522,
24537,
24549,
24552,
24554,
24560,
24592,
24595,
24596,
24602,
24607,
24614,
24617,
24624,
24625,
24641,
24642,
24657,
24700,
24700,
24719,
24723,
24735,
24738,
24745,
24753,
24760,
24762,
24808,
24827,
24830,
24845,
24852,
24869,
24890,
24906,
24907,
24908,
24908,
24939,
24939,
24951,
24963,
24963,
24963,
24994,
25013,
25021,
25032,
25044,
25045,
25054,
25067,
25086,
25093,
25102,
25110,
25118,
25123,
25161,
25175,
25194,
25199,
25214,
25222,
25237,
25247,
25247,
25257,
25258,
25261,
25262,
25266,
25270,
25270,
25274,
25278,
25288,
25292,
25298,
25303,
25305,
25305,
25317,
25331,
25348,
25349,
25352,
25357,
25383,
25395,
25408,
25410,
25429,
25434,
25441,
25454,
25459,
25493,
25512,
25551,
25574,
25588,
25590,
25591,
25605,
25612,
25656,
25663,
25664,
25668,
25670,
25675,
25675,
25679,
25680,
25698,
25715,
25719,
25721,
25727,
25755,
25762,
25774,
25780,
25788,
25790,
25792,
25797,
25800,
25808,
25832,
25834,
25837,
25840,
25846,
25861,
25873,
25887,
25890,
25914,
25927,
25935,
25938,
25939,
25958,
25976,
25977,
25978,
25981,
25985,
25997,
26005,
26009,
26033,
26035,
26039,
26054,
26088,
26106,
26106,
26111,
26146,
26147,
26147,
26178,
26181,
26197,
26208,
26228,
26229,
26232,
26252,
26271,
26299,
26330,
26342,
26361,
26371,
26392,
26393,
26397,
26413,
26419,
26419,
26421,
26442,
26448,
26461,
26465,
26469,
26484,
26484,
26495,
26505,
26526,
26532,
26557,
26568,
26570,
26584,
26638,
26648,
26666,
26670,
26684,
26685,
26688,
26696,
26714,
26720,
26724,
26727,
26743,
26754,
26760,
26769,
26774,
26778,
26791,
26793,
26824,
26842,
26850,
26855,
26856,
26893,
26900,
26903,
26915,
26937,
26938,
26954,
26976,
26981,
26987,
27021,
27022,
27028,
27031,
27044,
27049,
27054,
27065,
27077,
27106,
27113,
27128,
27135,
27146,
27147,
27160,
27180,
27209,
27213,
27219,
27230,
27239,
27246,
27255,
27279,
27280,
27294,
27297,
27298,
27322,
27338,
27373,
27380,
27382,
27392,
27392,
27393,
27404,
27411,
27424,
27432,
27435,
27442,
27447,
27456,
27473,
27489,
27495,
27499,
27508,
27511,
27511,
27523,
27529,
27532,
27535,
27545,
27551,
27559,
27565,
27567,
27576,
27583,
27601,
27607,
27617,
27623,
27637,
27637,
27654,
27666,
27674,
27686,
27698,
27717,
27725,
27735,
27736,
27740,
27747,
27748,
27753,
27760,
27779,
27795,
27817,
27824,
27832,
27857,
27861,
27887,
27894,
27895,
27897,
27902,
27904,
27904,
27914,
27922,
27923,
27946,
27953,
27962,
27971,
27973,
27973,
27979,
27981,
27981,
27993,
28002,
28035,
28036,
28039,
28041,
28041,
28041,
28061,
28066,
28071,
28074,
28081,
28083,
28093,
28104,
28121,
28127,
28129,
28135,
28144,
28145,
28148,
28151,
28157,
28166,
28185,
28195,
28195,
28206,
28213,
28224,
28246,
28256,
28264,
28269,
28269,
28270,
28276,
28326,
28352,
28355,
28370,
28382,
28398,
28411,
28415,
28423,
28448,
28453,
28453,
28467,
28493,
28500,
28500,
28507,
28509,
28512,
28513,
28520,
28527,
28529,
28549,
28550,
28551,
28572,
28585,
28587,
28589,
28596,
28612,
28617,
28625,
28627,
28627,
28634,
28635,
28652,
28710,
28730,
28749,
28763,
28771,
28786,
28805,
28808,
28809,
28817,
28825,
28828,
28833,
28838,
28847,
28874,
28878,
28878,
28879,
28884,
28907,
28912,
28917,
28969,
28985,
28985,
28997,
29035,
29035,
29042,
29047,
29055,
29059,
29076,
29092,
29097,
29116,
29117,
29132,
29157,
29160,
29169,
29180,
29189,
29196,
29196,
29208,
29217,
29224,
29247,
29248,
29251,
29275,
29277,
29278,
29295,
29299,
29301,
29303,
29325,
29335,
29344,
29346,
29346,
29349,
29352,
29368,
29369,
29370,
29372,
29374,
29386,
29394,
29397,
29400,
29405,
29406,
29408,
29412,
29413,
29427,
29438,
29440,
29443,
29446,
29447,
29454,
29483,
29485,
29494,
29495,
29499,
29502,
29513,
29513,
29523,
29525,
29535,
29538,
29538,
29543,
29551,
29551,
29585,
29602,
29608,
29658,
29675,
29722,
29725,
29755,
29763,
29764,
29765,
29773,
29775,
29786,
29800,
29805,
29854,
29859,
29865,
29869,
29885,
29900,
29902,
29912,
29912,
29914,
29921,
29923,
29924,
29949,
29959,
29959,
29966,
29968,
29977,
29978,
29979,
30002,
30028,
30035,
30035,
30039,
30057,
30065,
30073,
30086,
30133,
30150,
30158,
30198,
30199,
30207,
30213,
30215,
30239,
30246,
30246,
30251,
30252,
30260,
30261,
30271,
30273,
30276,
30283,
30284,
30287,
30292,
30292,
30296,
30308,
30313,
30318,
30372,
30373,
30382,
30390,
30393,
30393,
30396,
30399,
30405,
30414,
30420,
30445,
30445,
30447,
30454,
30460,
30481,
30496,
30499,
30502,
30526,
30533,
30557,
30565,
30570,
30577,
30578,
30580,
30589,
30590,
30608,
30619,
30622,
30632,
30641,
30644,
30663,
30678,
30681,
30684,
30687,
30692,
30705,
30706,
30711,
30736,
30740,
30768,
30768,
30803,
30805,
30811,
30827,
30831,
30857,
30875,
30921,
30938,
30970,
30983,
30988,
30996,
30998,
31003,
31005,
31008,
31038,
31038,
31043,
31067,
31079,
31083,
31101,
31104,
31109,
31118,
31124,
31141,
31166,
31172,
31177,
31190,
31192,
31200,
31208,
31219,
31261,
31277,
31284,
31285,
31305,
31319,
31329,
31345,
31356,
31365,
31367,
31367,
31388,
31397,
31460,
31473,
31476,
31482,
31492,
31497,
31499,
31503,
31508,
31509,
31529,
31543,
31558,
31571,
31587,
31608,
31625,
31651,
31661,
31678,
31686,
31695,
31702,
31706,
31713,
31743,
31748,
31754,
31760,
31774,
31790,
31790,
31800,
31817,
31819,
31828,
31837,
31848,
31851,
31853,
31853,
31875,
31882,
31885,
31887,
31913,
31931,
31941,
31952,
31960,
31964,
31969,
31978,
31979,
31997,
31998,
32003,
32008,
32009,
32051,
32061,
32092,
32131,
32135,
32141,
32147,
32186,
32257,
32260,
32278,
32284,
32286,
32289,
32296,
32303,
32310,
32329,
32343,
32345,
32349,
32349,
32356,
32360,
32367,
32376,
32380,
32386,
32386,
32389,
32391,
32393,
32421,
32445,
32445,
32449,
32451,
32476,
32495,
32497,
32512,
32513,
32526,
32547,
32553,
32558,
32564,
32568,
32572,
32596,
32608,
32615,
32640,
32645,
32654,
32654,
32657,
32667,
32672,
32686,
32700,
32705,
32709,
32729,
32730,
32732,
32744,
32769,
32770,
32787,
32801,
32822,
32823,
32827,
32859,
32888,
32894,
32903,
32919,
32926,
32964,
32975,
32977,
32986,
32987,
32987,
33008,
33009,
33013,
33017,
33020,
33056,
33062,
33068,
33075,
33094,
33104,
33118,
33127,
33134,
33140,
33147,
33147,
33147,
33160,
33163,
33201,
33213,
33224,
33225,
33230,
33233,
33243,
33249,
33259,
33268,
33283,
33290,
33302,
33306,
33306,
33318,
33325,
33325,
33330,
33332,
33340,
33348,
33354,
33357,
33373,
33377,
33391,
33400,
33412,
33420,
33426,
33443,
33447,
33464,
33464,
33468,
33473,
33481,
33484,
33491,
33502,
33509,
33524,
33547,
33549,
33553,
33569,
33578,
33603,
33605,
33623,
33634,
33641,
33648,
33652,
33653,
33669,
33690,
33720,
33737,
33756,
33759,
33765,
33783,
33790,
33804,
33812,
33820,
33831,
33849,
33879,
33907,
33947,
33960,
33963,
33971,
33976,
33978,
33983,
33984,
33997,
34012,
34036,
34073,
34093,
34095,
34098,
34098,
34112,
34113,
34135,
34140,
34140,
34141,
34157,
34165,
34172,
34172,
34177,
34182,
34194,
34194,
34201,
34202,
34211,
34222,
34229,
34257,
34268,
34296,
34301,
34313,
34372,
34379,
34388,
34412,
34414,
34419,
34421,
34428,
34429,
34431,
34432,
34439,
34440,
34453,
34468,
34491,
34493,
34495,
34499,
34501,
34511,
34514,
34536,
34547,
34558,
34562,
34577,
34587,
34589,
34590,
34607,
34614,
34622,
34631,
34636,
34655,
34662,
34678,
34683,
34705,
34709,
34715,
34732,
34741,
34771,
34805,
34812,
34819,
34827,
34831,
34843,
34859,
34861,
34861,
34905,
34908,
34910,
34913,
34957,
34958,
34968,
34974,
34974,
34980,
34985,
34990,
34991,
35015,
35019,
35024,
35033,
35041,
35047,
35070,
35096,
35115,
35116,
35122,
35132,
35138,
35140,
35150,
35156,
35159,
35165,
35190,
35192,
35208,
35224,
35235,
35244,
35264,
35269,
35284,
35287,
35300,
35301,
35334,
35349,
35363,
35367,
35372,
35374,
35377,
35379,
35398,
35401,
35421,
35445,
35445,
35457,
35483,
35496,
35502,
35505,
35535,
35537,
35539,
35540,
35545,
35562,
35562,
35572,
35574,
35585,
35591,
35593,
35597,
35599,
35607,
35613,
35624,
35626,
35631,
35659,
35666,
35683,
35685,
35688,
35688,
35690,
35692,
35699,
35705,
35707,
35707,
35727,
35743,
35750,
35753,
35758,
35763,
35764,
35790,
35793,
35808,
35812,
35817,
35836,
35838,
35839,
35850,
35852,
35866,
35868,
35913,
35917,
35940,
35946,
35950,
35966,
35968,
35973,
35973,
35974,
35978,
35992,
36007,
36013,
36016,
36028,
36062,
36075,
36076,
36083,
36085,
36097,
36112,
36118,
36119,
36122,
36140,
36142,
36156,
36170,
36181,
36195,
36197,
36203,
36217,
36230,
36241,
36242,
36246,
36251,
36252,
36253,
36265,
36275,
36275,
36277,
36279,
36283,
36299,
36312,
36330,
36354,
36358,
36363,
36371,
36375,
36382,
36383,
36402,
36421,
36422,
36425,
36447,
36476,
36486,
36502,
36508,
36511,
36540,
36541,
36545,
36554,
36564,
36573,
36573,
36574,
36583,
36681,
36693,
36699,
36704,
36745,
36772,
36791,
36795,
36795,
36805,
36807,
36808,
36814,
36817,
36820,
36824,
36843,
36883,
36884,
36886,
36892,
36900,
36924,
36933,
36942,
36944,
36944,
36950,
36956,
36957,
36977,
36989,
36990,
36994,
37018,
37026,
37028,
37040,
37049,
37062,
37066,
37071,
37073,
37080,
37088,
37093,
37096,
37099,
37100,
37115,
37151,
37170,
37204,
37217,
37275,
37289,
37297,
37301,
37304,
37316,
37362,
37371,
37378,
37384,
37385,
37395,
37422,
37445,
37450,
37481,
37485,
37489,
37506,
37526,
37534,
37542,
37558,
37571,
37577,
37578,
37580,
37582,
37602,
37609,
37631,
37631,
37632,
37643,
37657,
37661,
37668,
37684,
37685,
37712,
37727,
37728,
37751,
37770,
37771,
37775,
37776,
37793,
37796,
37805,
37808,
37809,
37815,
37823,
37828,
37853,
37856,
37860,
37878,
37879,
37894,
37906,
37919,
37923,
37934,
37941,
37943,
37964,
37967,
37969,
37981,
37983,
38006,
38006,
38042,
38044,
38047,
38096,
38111,
38114,
38118,
38122,
38132,
38137,
38155,
38168,
38177,
38180,
38187,
38191,
38201,
38206,
38214,
38216,
38232,
38236,
38246,
38258,
38258,
38283,
38283,
38283,
38310,
38315,
38316,
38317,
38320,
38320,
38320,
38321,
38327,
38327,
38343,
38368,
38370,
38371,
38375,
38379,
38379,
38393,
38400,
38405,
38413,
38421,
38438,
38443,
38447,
38455,
38462,
38466,
38469,
38479,
38494,
38496,
38497,
38497,
38505,
38521,
38534,
38541,
38550,
38570,
38598,
38603,
38611,
38617,
38618,
38625,
38650,
38657,
38685,
38690,
38700,
38730,
38744,
38759,
38762,
38775,
38791,
38812,
38843,
38844,
38846,
38849,
38863,
38876,
38878,
38885,
38888,
38900,
38912,
38914,
38921,
38947,
38978,
38981,
39001,
39017,
39037,
39038,
39049,
39068,
39076,
39087,
39090,
39097,
39117,
39125,
39139,
39143,
39155,
39157,
39159,
39188,
39191,
39196,
39201,
39205,
39208,
39210,
39214,
39217,
39233,
39235,
39246,
39246,
39247,
39253,
39276,
39306,
39330,
39355,
39361,
39377,
39395,
39398,
39406,
39422,
39432,
39437,
39452,
39459,
39460,
39483,
39509,
39511,
39515,
39524,
39531,
39536,
39536,
39553,
39560,
39566,
39591,
39591,
39609,
39610,
39610,
39612,
39617,
39622,
39624,
39632,
39639,
39665,
39667,
39677,
39684,
39687,
39694,
39713,
39727,
39734,
39742,
39751,
39751,
39754,
39768,
39772,
39775,
39788,
39802,
39803,
39838,
39847,
39870,
39878,
39886,
39911,
39912,
39914,
39917,
39931,
39931,
39957,
39961,
39971,
39975,
39976,
39988,
39998,
40003,
40004,
40022,
40044,
40048,
40063,
40066,
40083,
40104,
40110,
40116,
40126,
40139,
40140,
40155,
40157,
40172,
40177,
40185,
40202,
40220,
40231,
40231,
40232,
40235,
40249,
40263,
40264,
40266,
40310,
40316,
40317,
40319,
40345,
40345,
40349,
40352,
40355,
40371,
40374,
40377,
40405,
40412,
40419,
40425,
40433,
40437,
40450,
40456,
40471,
40497,
40497,
40515,
40516,
40545,
40563,
40573,
40598,
40611,
40634,
40647,
40653,
40656,
40657,
40660,
40662,
40663,
40675,
40678,
40699,
40708,
40712,
40714,
40716,
40717,
40740,
40742,
40757,
40758,
40764,
40765,
40771,
40773,
40781,
40805,
40820,
40834,
40855,
40858,
40903,
40915,
40933,
40935,
40941,
40950,
40956,
41017,
41020,
41026,
41034,
41038,
41046,
41068,
41069,
41089,
41125,
41132,
41134,
41138,
41144,
41158,
41159,
41191,
41197,
41197,
41203,
41205,
41212,
41216,
41217,
41232,
41240,
41257,
41262,
41282,
41285,
41295,
41298,
41323,
41325,
41334,
41365,
41366,
41367,
41397,
41411,
41432,
41451,
41471,
41472,
41476,
41494,
41503,
41505,
41513,
41545,
41547,
41554,
41565,
41568,
41587,
41588,
41594,
41596,
41617,
41643,
41662,
41676,
41684,
41706,
41709,
41710,
41743,
41796,
41797,
41815,
41818,
41827,
41828,
41834,
41836,
41847,
41848,
41851,
41853,
41861,
41865,
41867,
41869,
41870,
41871,
41900,
41903,
41916,
41932,
41942,
41947,
41948,
41948,
41955,
41968,
41982,
41994,
42007,
42007,
42010,
42017,
42020,
42049,
42059,
42063,
42064,
42097,
42101,
42111,
42112,
42125,
42133,
42135,
42144,
42146,
42149,
42156,
42176,
42187,
42191,
42202,
42205,
42212,
42223,
42226,
42235,
42246,
42264,
42267,
42294,
42311,
42332,
42333,
42345,
42347,
42351,
42363,
42379,
42385,
42391,
42397,
42409,
42417,
42417,
42438,
42441,
42444,
42448,
42463,
42492,
42499,
42512,
42541,
42542,
42551,
42557,
42572,
42577,
42577,
42584,
42613,
42620,
42627,
42633,
42636,
42637,
42646,
42676,
42678,
42679,
42698,
42710,
42712,
42726,
42745,
42765,
42768,
42803,
42814,
42817,
42829,
42830,
42831,
42832,
42839,
42857,
42891,
42895,
42910,
42931,
42932,
42946,
42950,
42968,
42969,
42971,
42980,
42992,
43009,
43025,
43026,
43040,
43042,
43043,
43045,
43046,
43069,
43106,
43108,
43113,
43116,
43140,
43158,
43159,
43161,
43172,
43178,
43184,
43193,
43196,
43203,
43221,
43249,
43261,
43262,
43272,
43272,
43278,
43284,
43287,
43297,
43330,
43330,
43331,
43332,
43332,
43339,
43344,
43355,
43375,
43400,
43408,
43411,
43420,
43422,
43438,
43439,
43445,
43485,
43497,
43501,
43508,
43541,
43548,
43552,
43555,
43590,
43619,
43624,
43624,
43629,
43630,
43637,
43642,
43644,
43661,
43667,
43682,
43705,
43711,
43718,
43720,
43753,
43755,
43804,
43809,
43810,
43837,
43853,
43857,
43861,
43879,
43890,
43901,
43915,
43917,
43921,
43932,
43937,
43947,
43959,
43982,
43987,
44005,
44019,
44034,
44047,
44050,
44059,
44063,
44066,
44069,
44088,
44105,
44128,
44131,
44132,
44133,
44137,
44166,
44166,
44173,
44184,
44197,
44208,
44222,
44234,
44245,
44251,
44273,
44277,
44286,
44287,
44294,
44302,
44304,
44309,
44312,
44346,
44347,
44352,
44368,
44392,
44403,
44410,
44427,
44429,
44433,
44465,
44475,
44515,
44520,
44522,
44527,
44537,
44540,
44563,
44608,
44627,
44642,
44643,
44645,
44645,
44647,
44652,
44665,
44666,
44668,
44678,
44683,
44700,
44710,
44711,
44741,
44747,
44748,
44759,
44767,
44773,
44816,
44819,
44839,
44845,
44857,
44858,
44863,
44870,
44878,
44911,
44921,
44922,
44960,
44970,
44974,
44978,
44987,
44993,
44995,
44997,
45015,
45026,
45029,
45034,
45038,
45043,
45043,
45058,
45060,
45077,
45078,
45090,
45125,
45152,
45161,
45167,
45172,
45187,
45192,
45198,
45201,
45202,
45204,
45205,
45242,
45263,
45283,
45330,
45331,
45335,
45354,
45359,
45386,
45394,
45401,
45414,
45424,
45427,
45428,
45428,
45451,
45460,
45469,
45471,
45473,
45485,
45488,
45508,
45510,
45510,
45518,
45521,
45530,
45537,
45540,
45542,
45548,
45553,
45567,
45575,
45614,
45621,
45625,
45628,
45630,
45636,
45648,
45659,
45677,
45705,
45707,
45717,
45721,
45721,
45726,
45743,
45768,
45775,
45783,
45788,
45789,
45790,
45794,
45811,
45811,
45820,
45825,
45827,
45855,
45865,
45867,
45882,
45901,
45906,
45910,
45920,
45923,
45935,
45936,
45941,
45945,
45955,
45959,
45961,
45968,
45970,
45984,
45988,
46009,
46030,
46034,
46041,
46042,
46043,
46043,
46069,
46094,
46106,
46106,
46125,
46144,
46153,
46158,
46161,
46163,
46174,
46190,
46197,
46212,
46217,
46221,
46233,
46237,
46252,
46260,
46279,
46309,
46324,
46347,
46348,
46350,
46355,
46374,
46380,
46408,
46410,
46435,
46442,
46447,
46451,
46454,
46459,
46462,
46466,
46473,
46494,
46498,
46499,
46506,
46520,
46533,
46550,
46553,
46558,
46561,
46564,
46577,
46588,
46599,
46608,
46608,
46610,
46611,
46642,
46643,
46647,
46651,
46654,
46657,
46657,
46682,
46682,
46711,
46715,
46720,
46723,
46725,
46731,
46734,
46736,
46737,
46740,
46758,
46778,
46808,
46813,
46817,
46820,
46829,
46837,
46843,
46869,
46873,
46877,
46879,
46899,
46900,
46921,
46931,
46933,
46964,
46966,
46968,
46988,
46988,
47019,
47020,
47022,
47027,
47027,
47030,
47042,
47054,
47091,
47093,
47094,
47113,
47176,
47186,
47186,
47190,
47196,
47198,
47205,
47208,
47217,
47228,
47243,
47250,
47251,
47263,
47274,
47274,
47288,
47299,
47303,
47303,
47325,
47329,
47334,
47340,
47369,
47381,
47384,
47413,
47443,
47461,
47465,
47476,
47478,
47478,
47480,
47491,
47519,
47527,
47534,
47540,
47546,
47549,
47558,
47560,
47561,
47564,
47568,
47575,
47578,
47586,
47592,
47603,
47609,
47614,
47631,
47636,
47645,
47658,
47658,
47665,
47689,
47700,
47701,
47715,
47719,
47745,
47749,
47752,
47753,
47753,
47770,
47772,
47786,
47807,
47827,
47838,
47847,
47859,
47874,
47876,
47910,
47919,
47920,
47921,
47932,
47932,
47934,
47949,
47959,
47968,
47999,
48029,
48030,
48030,
48031,
48036,
48057,
48074,
48103,
48139,
48146,
48166,
48173,
48182,
48192,
48214,
48250,
48253,
48258,
48274,
48284,
48306,
48311,
48325,
48348,
48351,
48356,
48360,
48367,
48375,
48376,
48382,
48385,
48400,
48402,
48409,
48411,
48431,
48435,
48465,
48475,
48479,
48484,
48486,
48494,
48498,
48520,
48522,
48522,
48527,
48533,
48544,
48551,
48557,
48575,
48583,
48593,
48600,
48634,
48637,
48646,
48655,
48667,
48669,
48671,
48690,
48693,
48713,
48720,
48761,
48769,
48783,
48783,
48789,
48810,
48831,
48834,
48843,
48848,
48853,
48866,
48875,
48880,
48882,
48903,
48928,
48946,
48972,
48992,
48998,
49001,
49005,
49030,
49044,
49048,
49073,
49075,
49076,
49089,
49106,
49166,
49166,
49183,
49201,
49213,
49228,
49232,
49239,
49250,
49256,
49264,
49267,
49285,
49294,
49303,
49310,
49349,
49349,
49358,
49366,
49373,
49388,
49400,
49406,
49431,
49435,
49448,
49463,
49522,
49528,
49529,
49532,
49548,
49558,
49559,
49560,
49567,
49578,
49585,
49595,
49609,
49642,
49683,
49690,
49690,
49711,
49727,
49728,
49736,
49737,
49745,
49786,
49787,
49790,
49801,
49811,
49819,
49819,
49826,
49831,
49832,
49839,
49845,
49857,
49872,
49875,
49896,
49900,
49904,
49906,
49922,
49942,
49956,
49966,
49973,
49979,
49996,
50006,
50013,
50015,
50030,
50030,
50035,
50040,
50055,
50061,
50066,
50070,
50077,
50094,
50119,
50127,
50127,
50135,
50143,
50162,
50165,
50194,
50209,
50223,
50259,
50286,
50292,
50292,
50294,
50306,
50309,
50309,
50312,
50324,
50331,
50342,
50346,
50353,
50354,
50357,
50387,
50409,
50413,
50418,
50423,
50427,
50433,
50433,
50449,
50451,
50461,
50484,
50487,
50488,
50497,
50499,
50547,
50547,
50547,
50552,
50557,
50578,
50586,
50600,
50609,
50610,
50624,
50626,
50652,
50656,
50658,
50661,
50670,
50689,
50701,
50702,
50706,
50715,
50715,
50719,
50720,
50721,
50733,
50736,
50744,
50773,
50780,
50786,
50795,
50803,
50827,
50841,
50848,
50866,
50876,
50878,
50913,
50913,
50921,
50928,
50929,
50929,
50936,
50949,
50977,
50992,
51007,
51025,
51027,
51031,
51036,
51036,
51038,
51047,
51051,
51065,
51115,
51130,
51135,
51138,
51144,
51145,
51153,
51157,
51165,
51168,
51168,
51169,
51182,
51207,
51216,
51230,
51233,
51253,
51255,
51284,
51305,
51309,
51370,
51395,
51410,
51425,
51433,
51434,
51441,
51446,
51465,
51471,
51473,
51475,
51476,
51484,
51487,
51495,
51496,
51505,
51521,
51523,
51528,
51531,
51544,
51560,
51580,
51580,
51589,
51604,
51618,
51631,
51636,
51638,
51646,
51670,
51687,
51691,
51698,
51726,
51729,
51750,
51754,
51794,
51803,
51806,
51815,
51818,
51848,
51853,
51853,
51854,
51879,
51880,
51882,
51899,
51916,
51918,
51957,
51972,
51972,
51985,
51998,
52000,
52023,
52030,
52032,
52032,
52040,
52049,
52059,
52060,
52065,
52067,
52077,
52082,
52089,
52091,
52125,
52128,
52133,
52146,
52150,
52156,
52178,
52188,
52193,
52194,
52195,
52196,
52205,
52228,
52237,
52253,
52259,
52273,
52277,
52283,
52288,
52307,
52325,
52337,
52343,
52350,
52351,
52355,
52364,
52369,
52374,
52376,
52380,
52403,
52415,
52419,
52451,
52463,
52468,
52470,
52489,
52498,
52500,
52523,
52530,
52540,
52552,
52562,
52585,
52589,
52589,
52608,
52610,
52632,
52633,
52640,
52673,
52681,
52690,
52703,
52722,
52722,
52727,
52729,
52742,
52745,
52753,
52761,
52770,
52778,
52784,
52811,
52832,
52833,
52837,
52847,
52855,
52886,
52895,
52901,
52918,
52921,
52937,
52942,
52949,
52976,
52991,
53007,
53022,
53031,
53042,
53052,
53069,
53100,
53113,
53127,
53141,
53155,
53158,
53160,
53173,
53174,
53185,
53191,
53196,
53220,
53223,
53245,
53260,
53277,
53310,
53326,
53327,
53338,
53339,
53351,
53371,
53375,
53398,
53414,
53417,
53424,
53443,
53446,
53479,
53480,
53497,
53538,
53583,
53585,
53588,
53608,
53609,
53612,
53613,
53625,
53642,
53652,
53654,
53692,
53693,
53710,
53744,
53751,
53763,
53765,
53776,
53780,
53783,
53783,
53787,
53787,
53832,
53833,
53842,
53843,
53888,
53889,
53894,
53899,
53904,
53914,
53922,
53947,
53948,
53982,
53999,
53999,
54000,
54004,
54009,
54030,
54032,
54057,
54067,
54073,
54074,
54080,
54088,
54089,
54090,
54094,
54100,
54109,
54114,
54117,
54121,
54122,
54131,
54133,
54157,
54158,
54159,
54160,
54161,
54166,
54171,
54181,
54195,
54198,
54234,
54254,
54283,
54316,
54337,
54341,
54343,
54357,
54361,
54365,
54387,
54391,
54391,
54402,
54430,
54441,
54448,
54449,
54450,
54460,
54462,
54485,
54490,
54501,
54542,
54542,
54553,
54554,
54582,
54600,
54604,
54605,
54615,
54620,
54629,
54641,
54663,
54680,
54685,
54698,
54714,
54723,
54732,
54741,
54747,
54758,
54768,
54786,
54787,
54790,
54803,
54807,
54828,
54830,
54841,
54860,
54861,
54874,
54881,
54892,
54896,
54897,
54898,
54912,
54939,
54941,
54951,
54961,
54972,
54978,
54982,
54991,
55010,
55019,
55019,
55041,
55044,
55050,
55055,
55069,
55071,
55087,
55100,
55107,
55108,
55109,
55132,
55133,
55140,
55142,
55148,
55169,
55171,
55177,
55201,
55211,
55230,
55231,
55232,
55239,
55242,
55275,
55281,
55286,
55287,
55295,
55316,
55316,
55329,
55330,
55343,
55345,
55345,
55355,
55355,
55356,
55360,
55363,
55365,
55365,
55371,
55374,
55404,
55406,
55418,
55427,
55433,
55435,
55440,
55447,
55457,
55471,
55489,
55510,
55511,
55519,
55532,
55538,
55540,
55554,
55555,
55556,
55564,
55566,
55587,
55601,
55612,
55627,
55638,
55642,
55664,
55665,
55665,
55675,
55687,
55715,
55717,
55724,
55746,
55748,
55759,
55762,
55785,
55792,
55797,
55803,
55804,
55809,
55822,
55826,
55847,
55873,
55878,
55879,
55904,
55918,
55919,
55922,
55940,
55943,
55945,
55948,
55953,
55971,
55975,
55995,
55995,
56025,
56045,
56060,
56086,
56089,
56101,
56104,
56112,
56119,
56157,
56185,
56188,
56192,
56200,
56214,
56216,
56236,
56255,
56260,
56264,
56272,
56275,
56289,
56292,
56296,
56323,
56340,
56343,
56350,
56352,
56361,
56367,
56372,
56395,
56453,
56465,
56469,
56470,
56471,
56491,
56500,
56513,
56517,
56519,
56533,
56537,
56547,
56564,
56569,
56574,
56582,
56604,
56608,
56609,
56672,
56673,
56673,
56683,
56691,
56696,
56710,
56710,
56716,
56724,
56758,
56766,
56773,
56804,
56814,
56861,
56883,
56906,
56923,
56943,
56951,
56959,
56984,
57002,
57009,
57017,
57026,
57028,
57038,
57060,
57061,
57068,
57076,
57078,
57094,
57097,
57102,
57110,
57116,
57117,
57118,
57119,
57138,
57141,
57156,
57169,
57191,
57204,
57214,
57219,
57237,
57245,
57246,
57247,
57283,
57287,
57295,
57296,
57314,
57316,
57323,
57328,
57342,
57344,
57351,
57353,
57354,
57356,
57357,
57360,
57368,
57409,
57412,
57422,
57422,
57445,
57479,
57482,
57500,
57505,
57517,
57555,
57605,
57608,
57623,
57633,
57635,
57644,
57647,
57654,
57689,
57694,
57700,
57715,
57726,
57759,
57766,
57788,
57795,
57798,
57818,
57818,
57822,
57825,
57828,
57830,
57833,
57852,
57861,
57862,
57863,
57866,
57876,
57887,
57896,
57901,
57935,
57945,
57946,
57946,
57969,
57991,
58010,
58025,
58033,
58060,
58078,
58099,
58101,
58103,
58107,
58129,
58138,
58141,
58155,
58155,
58177,
58191,
58205,
58243,
58252,
58269,
58280,
58295,
58310,
58314,
58318,
58320,
58328,
58332,
58339,
58340,
58340,
58349,
58351,
58352,
58375,
58377,
58383,
58392,
58413,
58423,
58431,
58432,
58432,
58435,
58444,
58445,
58450,
58468,
58482,
58485,
58521,
58536,
58541,
58541,
58560,
58561,
58563,
58564,
58572,
58595,
58596,
58596,
58600,
58619,
58622,
58628,
58629,
58630,
58642,
58656,
58669,
58682,
58688,
58730,
58735,
58736,
58737,
58739,
58758,
58760,
58781,
58798,
58826,
58852,
58890,
58904,
58906,
58919,
58919,
58941,
58958,
58972,
58974,
58977,
58991,
58991,
59031,
59041,
59042,
59060,
59076,
59081,
59106,
59125,
59152,
59154,
59158,
59183,
59188,
59189,
59192,
59197,
59207,
59208,
59211,
59212,
59224,
59225,
59242,
59261,
59264,
59276,
59278,
59304,
59317,
59331,
59335,
59338,
59344,
59352,
59355,
59363,
59380,
59433,
59447,
59474,
59483,
59484,
59491,
59497,
59497,
59527,
59543,
59546,
59552,
59559,
59567,
59572,
59576,
59582,
59596,
59608,
59610,
59626,
59641,
59649,
59660,
59667,
59683,
59693,
59698,
59715,
59729,
59739,
59740,
59748,
59749,
59784,
59816,
59819,
59820,
59820,
59825,
59826,
59828,
59836,
59843,
59853,
59859,
59874,
59876,
59883,
59886,
59886,
59894,
59920,
59921,
59922,
59939,
59941,
59945,
59949,
59959,
59970,
59972,
60031,
60032,
60053,
60087,
60093,
60103,
60104,
60108,
60128,
60134,
60139,
60142,
60143,
60153,
60168,
60181,
60247,
60263,
60265,
60271,
60280,
60281,
60285,
60288,
60294,
60299,
60301,
60307,
60314,
60378,
60378,
60381,
60410,
60450,
60453,
60460,
60466,
60485,
60491,
60500,
60551,
60556,
60579,
60601,
60603,
60631,
60634,
60638,
60640,
60650,
60667,
60677,
60696,
60701,
60716,
60739,
60754,
60756,
60778,
60822,
60833,
60845,
60859,
60868,
60870,
60874,
60882,
60891,
60900,
60903,
60903,
60909,
60912,
60923,
60954,
60957,
60964,
60969,
60974,
60978,
61015,
61036,
61056,
61068,
61069,
61074,
61094,
61103,
61121,
61122,
61129,
61139,
61141,
61162,
61166,
61171,
61172,
61177,
61207,
61214,
61223,
61237,
61253,
61253,
61253,
61260,
61278,
61280,
61283,
61285,
61286,
61289,
61291,
61293,
61328,
61340,
61351,
61365,
61366,
61389,
61397,
61409,
61443,
61476,
61492,
61494,
61512,
61515,
61516,
61521,
61527,
61527,
61543,
61548,
61556,
61558,
61564,
61572,
61575,
61578,
61582,
61585,
61593,
61599,
61635,
61650,
61657,
61663,
61691,
61696,
61707,
61710,
61721,
61733,
61740,
61746,
61746,
61748,
61758,
61785,
61796,
61826,
61843,
61917,
61919,
61923,
61923,
61934,
61935,
61939,
61941,
61954,
61957,
61966,
61993,
61998,
62000,
62001,
62009,
62039,
62082,
62082,
62097,
62130,
62135,
62135,
62143,
62147,
62147,
62154,
62156,
62160,
62166,
62167,
62170,
62172,
62176,
62180,
62195,
62205,
62211,
62225,
62237,
62249,
62252,
62253,
62260,
62269,
62281,
62289,
62300,
62338,
62340,
62347,
62365,
62376,
62402,
62423,
62427,
62432,
62440,
62445,
62458,
62459,
62470,
62486,
62495,
62505,
62521,
62543,
62568,
62570,
62572,
62577,
62616,
62623,
62626,
62627,
62636,
62638,
62647,
62655,
62663,
62671,
62674,
62675,
62695,
62702,
62719,
62731,
62734,
62741,
62754,
62757,
62758,
62798,
62806,
62822,
62831,
62836,
62862,
62865,
62866,
62876,
62879,
62883,
62884,
62896,
62910,
62913,
62927,
62942,
62961,
62971,
62980,
62983,
62987,
63006,
63010,
63013,
63023,
63062,
63064,
63077,
63078,
63078,
63078,
63095,
63099,
63120,
63120,
63123,
63136,
63137,
63146,
63148,
63151,
63160,
63169,
63173,
63174,
63184,
63190,
63196,
63204,
63225,
63230,
63244,
63246,
63250,
63284,
63294,
63295,
63302,
63309,
63311,
63339,
63344,
63348,
63356,
63377,
63386,
63409,
63409,
63409,
63424,
63426,
63426,
63441,
63446,
63463,
63469,
63471,
63485,
63501,
63538,
63540,
63548,
63557,
63563,
63568,
63580,
63591,
63594,
63595,
63602,
63624,
63631,
63636,
63647,
63648,
63654,
63657,
63670,
63676,
63684,
63700,
63705,
63707,
63711,
63715,
63720,
63730,
63742,
63773,
63776,
63785,
63786,
63819,
63828,
63838,
63843,
63843,
63856,
63864,
63872,
63876,
63879,
63891,
63895,
63895,
63907,
63911,
63954,
63956,
63965,
63982,
63987,
64001,
64009,
64010,
64012,
64014,
64033,
64038,
64105,
64115,
64115,
64116,
64138,
64150,
64176,
64186,
64198,
64209,
64216,
64218,
64218,
64227,
64233,
64237,
64252,
64253,
64292,
64292,
64306,
64315,
64325,
64382,
64386,
64393,
64396,
64405,
64418,
64429,
64438,
64444,
64444,
64455,
64470,
64486,
64490,
64500,
64514,
64543,
64549,
64576,
64601,
64605,
64606,
64649,
64670,
64679,
64680,
64688,
64689,
64702,
64710,
64713,
64740,
64751,
64754,
64757,
64773,
64789,
64790,
64795,
64813,
64816,
64838,
64867,
64887,
64890,
64895,
64907,
64910,
64919,
64942,
64952,
64958,
64958,
64965,
64967,
64969,
64988,
64992,
64993,
65020,
65034,
65049,
65056,
65062,
65067,
65070,
65100,
65111,
65119,
65124,
65145,
65150,
65175,
65177,
65181,
65202,
65204,
65212,
65232,
65254,
65280,
65315,
65324,
65328,
65332,
65336,
65346,
65348,
65353,
65358,
65358,
65359,
65363,
65371,
65376,
65382,
65384,
65385,
65386,
65391,
65398,
65399,
65416,
65432,
65436,
65441,
65443,
65446,
65454,
65462,
65472,
65476,
65483,
65484,
65484,
65496,
65504,
65506,
65510,
65516,
65541,
65550,
65585,
65588,
65603,
65611,
65612,
65621,
65627,
65643,
65648,
65665,
65669,
65671,
65685,
65697,
65706,
65709,
65728,
65748,
65769,
65770,
65771,
65801,
65807,
65808,
65827,
65835,
65838,
65854,
65854,
65886,
65895,
65911,
65914,
65917,
65921,
65922,
65931,
65936,
65964,
65967,
66001,
66004,
66004,
66008,
66010,
66021,
66048,
66078,
66097,
66098,
66101,
66103,
66111,
66119,
66123,
66135,
66147,
66151,
66185,
66196,
66199,
66205,
66250,
66272,
66274,
66278,
66284,
66303,
66306,
66309,
66318,
66329,
66340,
66354,
66358,
66361,
66374,
66434,
66436,
66439,
66443,
66443,
66446,
66453,
66456,
66457,
66466,
66468,
66513,
66524,
66525,
66527,
66528,
66529,
66530,
66548,
66573,
66581,
66590,
66597,
66608,
66636,
66639,
66643,
66646,
66662,
66678,
66685,
66692,
66705,
66708,
66717,
66734,
66736,
66744,
66760,
66789,
66792,
66803,
66823,
66829,
66840,
66851,
66857,
66857,
66872,
66896,
66899,
66900,
66907,
66917,
66917,
66919,
66924,
66946,
66947,
66973,
66984,
66998,
67004,
67010,
67015,
67026,
67028,
67029,
67036,
67037,
67040,
67040,
67045,
67053,
67094,
67095,
67098,
67104,
67126,
67140,
67189,
67212,
67232,
67238,
67245,
67250,
67269,
67275,
67278,
67286,
67290,
67295,
67296,
67297,
67301,
67308,
67311,
67312,
67326,
67336,
67341,
67354,
67370,
67375,
67377,
67380,
67389,
67397,
67405,
67413,
67414,
67417,
67421,
67428,
67439,
67454,
67456,
67473,
67477,
67479,
67500,
67505,
67508,
67511,
67522,
67527,
67528,
67544,
67562,
67569,
67572,
67595,
67610,
67613,
67631,
67642,
67647,
67650,
67653,
67658,
67662,
67667,
67673,
67677,
67682,
67685,
67694,
67697,
67704,
67706,
67706,
67711,
67720,
67723,
67747,
67769,
67782,
67793,
67794,
67797,
67852,
67857,
67887,
67890,
67894,
67894,
67897,
67915,
67947,
67950,
67950,
67954,
67975,
67980,
67988,
67994,
68006,
68007,
68014,
68046,
68047,
68050,
68064,
68085,
68087,
68094,
68106,
68116,
68142,
68145,
68147,
68147,
68155,
68176,
68190,
68193,
68193,
68196,
68203,
68210,
68230,
68247,
68260,
68288,
68312,
68329,
68336,
68339,
68345,
68348,
68354,
68364,
68388,
68394,
68400,
68416,
68483,
68483,
68492,
68494,
68508,
68511,
68512,
68518,
68531,
68534,
68555,
68559,
68570,
68587,
68602,
68611,
68619,
68624,
68630,
68635,
68642,
68662,
68680,
68684,
68700,
68705,
68713,
68722,
68737,
68743,
68757,
68758,
68765,
68767,
68807,
68809,
68820,
68825,
68843,
68851,
68853,
68859,
68863,
68877,
68886,
68892,
68895,
68918,
68944,
68948,
68951,
68952,
68957,
68958,
68959,
68961,
68988,
69018,
69044,
69049,
69058,
69068,
69111,
69130,
69153,
69157,
69177,
69192,
69201,
69202,
69205,
69211,
69212,
69212,
69257,
69276,
69280,
69291,
69295,
69306,
69313,
69318,
69323,
69324,
69334,
69339,
69348,
69352,
69362,
69376,
69377,
69384,
69387,
69391,
69391,
69396,
69408,
69408,
69410,
69419,
69420,
69425,
69450,
69478,
69482,
69519,
69529,
69550,
69564,
69571,
69583,
69586,
69593,
69606,
69610,
69622,
69644,
69656,
69670,
69678,
69721,
69722,
69726,
69727,
69732,
69741,
69759,
69784,
69823,
69829,
69857,
69859,
69873,
69890,
69900,
69903,
69910,
69919,
69921,
69929,
69937,
69942,
69943,
69947,
69950,
69972,
69988,
70044,
70053,
70053,
70065,
70076,
70079,
70081,
70084,
70090,
70100,
70108,
70117,
70120,
70127,
70132,
70141,
70145,
70148,
70159,
70166,
70178,
70186,
70203,
70211,
70211,
70218,
70220,
70227,
70232,
70235,
70244,
70252,
70260,
70277,
70283,
70288,
70290,
70296,
70298,
70305,
70309,
70310,
70319,
70340,
70341,
70342,
70349,
70378,
70381,
70388,
70415,
70426,
70448,
70451,
70455,
70479,
70493,
70503,
70505,
70508,
70509,
70514,
70523,
70529,
70529,
70530,
70536,
70554,
70562,
70576,
70602,
70604,
70612,
70651,
70705,
70707,
70717,
70724,
70724,
70743,
70773,
70779,
70782,
70796,
70804,
70807,
70831,
70879,
70887,
70897,
70913,
70916,
70933,
70957,
70958,
70976,
70981,
70981,
70996,
70998,
71002,
71008,
71015,
71016,
71020,
71024,
71026,
71039,
71063,
71072,
71072,
71072,
71083,
71090,
71091,
71101,
71113,
71118,
71149,
71158,
71179,
71185,
71201,
71217,
71227,
71227,
71236,
71237,
71246,
71247,
71249,
71269,
71272,
71282,
71286,
71294,
71300,
71305,
71306,
71330,
71334,
71335,
71340,
71356,
71356,
71358,
71377,
71377,
71379,
71380,
71399,
71400,
71422,
71423,
71476,
71479,
71485,
71495,
71497,
71497,
71528,
71557,
71558,
71563,
71564,
71608,
71620,
71649,
71653,
71657,
71658,
71658,
71679,
71695,
71704,
71708,
71727,
71767,
71783,
71801,
71805,
71809,
71815,
71825,
71832,
71840,
71849,
71851,
71855,
71859,
71862,
71875,
71892,
71894,
71894,
71912,
71922,
71929,
71933,
71934,
71947,
71958,
71965,
71980,
71989,
72000,
72011,
72023,
72054,
72061,
72067,
72077,
72087,
72091,
72103,
72109,
72110,
72117,
72119,
72123,
72127,
72144,
72152,
72156,
72160,
72164,
72168,
72183,
72212,
72219,
72234,
72249,
72258,
72262,
72282,
72332,
72343,
72344,
72368,
72381,
72397,
72400,
72420,
72436,
72436,
72450,
72450,
72453,
72457,
72466,
72468,
72470,
72490,
72499,
72510,
72523,
72525,
72529,
72536,
72551,
72554,
72564,
72599,
72611,
72617,
72631,
72637,
72671,
72674,
72691,
72692,
72703,
72732,
72735,
72740,
72741,
72742,
72749,
72757,
72760,
72769,
72773,
72775,
72817,
72836,
72845,
72850,
72853,
72853,
72859,
72865,
72868,
72872,
72892,
72893,
72911,
72913,
72928,
72933,
72944,
72946,
72953,
72956,
72966,
72976,
72991,
72992,
73001,
73018,
73020,
73029,
73031,
73038,
73047,
73064,
73085,
73087,
73091,
73096,
73102,
73113,
73126,
73127,
73141,
73146,
73147,
73148,
73152,
73153,
73168,
73169,
73170,
73197,
73218,
73223,
73230,
73242,
73259,
73261,
73273,
73276,
73286,
73295,
73299,
73306,
73331,
73342,
73342,
73368,
73379,
73390,
73406,
73437,
73438,
73452,
73455,
73472,
73496,
73504,
73507,
73528,
73541,
73553,
73559,
73584,
73599,
73612,
73631,
73633,
73635,
73639,
73649,
73651,
73659,
73662,
73675,
73705,
73706,
73713,
73715,
73732,
73736,
73738,
73739,
73740,
73769,
73780,
73780,
73781,
73782,
73804,
73810,
73824,
73858,
73891,
73898,
73905,
73916,
73916,
73936,
73942,
73953,
73956,
73965,
73969,
73976,
74009,
74013,
74016,
74021,
74032,
74040,
74042,
74074,
74075,
74115,
74116,
74123,
74149,
74153,
74155,
74179,
74185,
74201,
74213,
74216,
74217,
74239,
74251,
74263,
74279,
74288,
74291,
74301,
74339,
74348,
74376,
74388,
74405,
74411,
74414,
74414,
74454,
74457,
74463,
74464,
74473,
74485,
74486,
74491,
74497,
74498,
74519,
74536,
74556,
74569,
74586,
74586,
74592,
74613,
74615,
74615,
74618,
74619,
74633,
74648,
74660,
74661,
74662,
74664,
74677,
74679,
74704,
74709,
74732,
74738,
74752,
74753,
74761,
74790,
74794,
74795,
74796,
74807,
74822,
74825,
74828,
74838,
74842,
74845,
74846,
74858,
74872,
74873,
74876,
74887,
74887,
74914,
74917,
74947,
74952,
74975,
74987,
74997,
75017,
75023,
75048,
75050,
75086,
75104,
75123,
75131,
75144,
75147,
75151,
75170,
75171,
75173,
75181,
75185,
75188,
75238,
75246,
75248,
75284,
75309,
75312,
75331,
75338,
75341,
75341,
75345,
75358,
75375,
75397,
75426,
75440,
75445,
75451,
75466,
75466,
75476,
75477,
75495,
75510,
75540,
75584,
75584,
75658,
75661,
75676,
75677,
75681,
75687,
75714,
75740,
75741,
75744,
75746,
75778,
75785,
75825,
75833,
75834,
75836,
75846,
75867,
75874,
75903,
75919,
75927,
75930,
75936,
75965,
76012,
76016,
76017,
76030,
76033,
76036,
76061,
76063,
76067,
76093,
76127,
76132,
76144,
76144,
76148,
76158,
76162,
76176,
76197,
76198,
76218,
76222,
76234,
76239,
76243,
76244,
76250,
76254,
76264,
76278,
76283,
76299,
76316,
76333,
76336,
76340,
76346,
76347,
76359,
76386,
76403,
76404,
76404,
76405,
76420,
76435,
76436,
76452,
76461,
76467,
76500,
76502,
76508,
76509,
76521,
76531,
76539,
76569,
76581,
76582,
76602,
76607,
76607,
76611,
76627,
76628,
76636,
76643,
76675,
76703,
76712,
76720,
76723,
76746,
76763,
76785,
76805,
76813,
76820,
76864,
76866,
76870,
76873,
76877,
76880,
76905,
76909,
76917,
76922,
76929,
76936,
76942,
76947,
76961,
76969,
76985,
76995,
77014,
77023,
77037,
77046,
77050,
77054,
77057,
77062,
77073,
77077,
77078,
77099,
77128,
77128,
77129,
77142,
77143,
77162,
77164,
77191,
77218,
77223,
77237,
77243,
77244,
77262,
77262,
77267,
77273,
77287,
77292,
77323,
77331,
77333,
77334,
77339,
77348,
77353,
77364,
77378,
77388,
77394,
77411,
77432,
77444,
77449,
77449,
77471,
77476,
77480,
77491,
77507,
77507,
77513,
77545,
77559,
77579,
77588,
77604,
77621,
77626,
77626,
77630,
77630,
77640,
77642,
77655,
77667,
77679,
77696,
77698,
77723,
77723,
77732,
77745,
77772,
77777,
77807,
77833,
77849,
77851,
77858,
77865,
77868,
77877,
77878,
77887,
77914,
77927,
77940,
77946,
77959,
77984,
77987,
77992,
77992,
78016,
78032,
78040,
78048,
78052,
78067,
78089,
78105,
78108,
78122,
78125,
78137,
78138,
78155,
78157,
78167,
78168,
78185,
78187,
78193,
78197,
78198,
78215,
78219,
78220,
78247,
78257,
78258,
78261,
78264,
78265,
78272,
78274,
78276,
78279,
78280,
78292,
78296,
78307,
78314,
78327,
78331,
78344,
78347,
78350,
78356,
78375,
78393,
78397,
78397,
78404,
78407,
78419,
78427,
78457,
78488,
78493,
78526,
78612,
78622,
78623,
78645,
78648,
78658,
78659,
78667,
78671,
78673,
78678,
78688,
78702,
78702,
78713,
78746,
78749,
78752,
78752,
78773,
78808,
78816,
78817,
78818,
78819,
78844,
78851,
78859,
78860,
78861,
78904,
78905,
78914,
78915,
78920,
78922,
78943,
78970,
78971,
78990,
78998,
78998,
79000,
79013,
79015,
79022,
79027,
79033,
79044,
79045,
79045,
79058,
79067,
79076,
79078,
79107,
79115,
79115,
79129,
79129,
79144,
79150,
79152,
79162,
79166,
79183,
79196,
79199,
79220,
79228,
79252,
79255,
79259,
79264,
79280,
79308,
79309,
79314,
79314,
79316,
79316,
79323,
79325,
79326,
79355,
79396,
79423,
79430,
79438,
79443,
79467,
79478,
79493,
79504,
79513,
79522,
79543,
79556,
79557,
79563,
79569,
79574,
79574,
79589,
79609,
79613,
79617,
79624,
79635,
79637,
79645,
79648,
79666,
79675,
79680,
79716,
79719,
79724,
79734,
79761,
79765,
79779,
79780,
79783,
79794,
79800,
79809,
79810,
79813,
79814,
79826,
79845,
79853,
79857,
79867,
79882,
79890,
79894,
79897,
79908,
79912,
79919,
79951,
79954,
79969,
79971,
79973,
79995,
80002,
80020,
80020,
80028,
80032,
80046,
80087,
80090,
80102,
80113,
80128,
80151,
80155,
80160,
80169,
80172,
80177,
80183,
80198,
80223,
80232,
80239,
80240,
80248,
80265,
80283,
80292,
80300,
80302,
80310,
80316,
80321,
80359,
80363,
80369,
80375,
80378,
80379,
80392,
80399,
80399,
80401,
80404,
80405,
80412,
80413,
80434,
80440,
80443,
80460,
80462,
80476,
80494,
80512,
80517,
80518,
80523,
80527,
80534,
80556,
80557,
80574,
80581,
80590,
80590,
80590,
80600,
80602,
80613,
80614,
80641,
80644,
80644,
80645,
80684,
80688,
80691,
80699,
80706,
80713,
80724,
80730,
80756,
80779,
80782,
80795,
80801,
80805,
80814,
80825,
80826,
80829,
80830,
80841,
80876,
80880,
80886,
80894,
80902,
80933,
80945,
80947,
80949,
80951,
80960,
