0,3,149,
0,4,38,
0,5,35,
0,17,78,
0,19,105,
0,24,114,
0,26,124,
0,32,139,
0,35,130,
0,42,83,
0,45,3,
0,46,26,
0,48,110,
0,51,37,
0,81,85,
0,85,151,
0,87,54,
0,90,71,
0,96,37,
0,103,37,
0,108,135,
0,121,2,
0,123,6,
0,124,21,
0,124,118,
0,131,99,
0,140,101,
0,140,106,
0,152,86,
1,1,24,
1,2,139,
1,5,99,
1,10,13,
1,14,74,
1,20,98,
1,44,52,
1,45,157,
1,54,51,
1,59,25,
1,67,70,
1,71,20,
1,92,158,
1,93,19,
1,96,128,
1,111,20,
1,113,10,
1,129,77,
1,129,78,
1,141,99,
1,141,101,
1,153,17,
1,154,73,
2,0,97,
2,0,124,
2,4,65,
2,4,112,
2,4,135,
2,9,4,
2,10,79,
2,19,69,
2,21,83,
2,21,134,
2,50,71,
2,72,43,
2,76,99,
2,77,4,
2,78,27,
2,83,55,
2,88,30,
2,102,75,
2,118,44,
2,119,36,
2,122,46,
2,131,7,
2,131,158,
2,136,72,
2,138,8,
2,141,54,
2,143,140,
2,155,142,
2,157,33,
2,157,110,
2,157,119,
2,158,60,
2,158,63,
3,3,135,
3,8,138,
3,14,32,
3,15,157,
3,16,66,
3,36,150,
3,37,46,
3,56,6,
3,64,108,
3,77,140,
3,78,142,
3,93,35,
3,105,146,
3,107,41,
3,109,152,
3,111,125,
3,111,142,
3,113,10,
3,114,113,
3,124,126,
3,127,86,
3,132,4,
3,137,52,
3,145,157,
3,156,0,
4,2,123,
4,4,51,
4,12,42,
4,21,38,
4,55,71,
4,57,117,
4,60,25,
4,62,130,
4,65,14,
4,73,158,
4,76,90,
4,77,157,
4,79,128,
4,81,52,
4,95,82,
4,96,13,
4,97,36,
4,108,46,
4,132,9,
4,133,131,
4,134,147,
4,140,124,
4,149,25,
4,151,69,
4,154,155,
5,12,115,
5,28,133,
5,32,59,
5,41,59,
5,42,126,
5,46,75,
5,54,116,
5,58,0,
5,76,31,
5,77,137,
5,89,49,
5,101,105,
5,110,95,
5,111,62,
5,122,102,
5,123,112,
5,125,110,
5,132,121,
5,135,52,
5,147,111,
6,8,25,
6,10,67,
6,18,108,
6,22,96,
6,22,137,
6,30,106,
6,32,18,
6,46,154,
6,49,46,
6,50,68,
6,64,57,
6,69,36,
6,70,145,
6,72,148,
6,80,22,
6,82,33,
6,87,58,
6,93,144,
6,98,9,
6,100,2,
6,105,88,
6,108,56,
6,112,134,
6,115,96,
6,118,124,
6,123,12,
6,124,20,
6,125,44,
6,125,143,
6,126,74,
6,128,123,
6,137,130,
6,141,9,
6,144,133,
6,145,144,
6,152,148,
6,152,156,
7,5,8,
7,28,47,
7,30,72,
7,31,138,
7,32,21,
7,33,83,
7,33,111,
7,34,102,
7,41,107,
7,46,136,
7,54,13,
7,57,141,
7,62,22,
7,69,131,
7,83,152,
7,88,30,
7,90,44,
7,94,118,
7,110,141,
7,113,92,
7,117,85,
7,119,12,
7,127,23,
7,131,43,
7,137,105,
7,146,81,
7,159,128,
8,7,64,
8,17,47,
8,26,69,
8,37,89,
8,40,22,
8,52,5,
8,60,136,
8,62,115,
8,65,133,
8,81,109,
8,82,131,
8,83,62,
8,84,6,
8,91,62,
8,115,9,
8,117,106,
8,122,38,
8,133,2,
8,135,56,
8,143,59,
8,153,17,
9,9,6,
9,9,25,
9,23,33,
9,39,159,
9,64,149,
9,68,141,
9,69,116,
9,73,118,
9,90,10,
9,93,33,
9,97,66,
9,100,36,
9,101,51,
9,106,23,
9,122,70,
9,124,14,
9,126,55,
9,136,112,
9,138,14,
9,144,43,
9,145,44,
9,152,2,
9,156,36,
9,156,159,
10,2,14,
10,4,58,
10,9,54,
10,12,123,
10,13,82,
10,15,93,
10,27,61,
10,37,92,
10,39,84,
10,42,62,
10,49,138,
10,54,143,
10,57,85,
10,78,149,
10,80,67,
10,88,155,
10,99,139,
10,107,102,
10,112,103,
10,128,27,
10,147,45,
10,150,118,
10,150,119,
10,151,74,
10,157,148,
11,1,19,
11,2,3,
11,10,7,
11,12,43,
11,13,100,
11,15,49,
11,15,115,
11,20,7,
11,28,35,
11,30,151,
11,31,5,
11,48,60,
11,48,100,
11,50,158,
11,53,45,
11,71,155,
11,76,126,
11,85,50,
11,92,14,
11,96,49,
11,103,8,
11,104,101,
11,108,129,
11,120,46,
11,125,32,
11,127,144,
11,129,58,
11,131,78,
11,133,146,
11,136,116,
11,147,119,
11,148,145,
11,153,26,
11,159,14,
12,6,6,
12,8,52,
12,8,99,
12,12,25,
12,13,8,
12,21,26,
12,24,71,
12,25,113,
12,26,91,
12,26,92,
12,51,15,
12,52,100,
12,63,45,
12,64,12,
12,64,33,
12,69,75,
12,99,89,
12,104,78,
12,105,15,
12,109,127,
12,116,142,
12,117,71,
12,118,29,
12,128,43,
12,128,144,
12,133,77,
12,141,2,
12,145,55,
13,8,85,
13,21,127,
13,24,55,
13,24,97,
13,25,50,
13,34,10,
13,35,28,
13,40,89,
13,53,146,
13,56,113,
13,61,101,
13,67,76,
13,79,152,
13,97,57,
13,99,158,
13,111,51,
13,111,146,
13,119,137,
13,122,87,
13,123,6,
13,124,123,
13,125,0,
13,139,115,
13,144,20,
13,144,115,
13,146,65,
14,0,72,
14,8,67,
14,14,61,
14,22,107,
14,23,4,
14,27,18,
14,27,113,
14,29,37,
14,29,44,
14,37,74,
14,46,33,
14,46,153,
14,47,113,
14,49,10,
14,57,89,
14,62,16,
14,71,138,
14,76,41,
14,87,56,
14,96,113,
14,106,71,
14,112,58,
14,115,11,
14,131,65,
14,143,149,
15,1,75,
15,3,7,
15,19,22,
15,19,155,
15,34,14,
15,36,158,
15,39,36,
15,41,38,
15,43,147,
15,57,83,
15,61,112,
15,69,103,
15,74,65,
15,84,65,
15,85,153,
15,97,1,
15,102,42,
15,107,50,
15,108,35,
15,108,43,
15,111,94,
15,112,156,
15,120,36,
15,129,149,
15,131,8,
15,139,100,
15,141,34,
15,145,144,
15,146,105,
15,151,90,
15,152,33,
15,154,97,
15,156,57,
15,158,154,
16,3,112,
16,11,117,
16,29,57,
16,29,148,
16,31,67,
16,31,95,
16,54,107,
16,56,76,
16,62,101,
16,75,121,
16,81,126,
16,91,134,
16,98,157,
16,108,114,
16,121,19,
16,122,109,
16,141,114,
16,142,36,
16,158,147,
17,0,114,
17,1,109,
17,18,32,
17,21,117,
17,25,16,
17,25,40,
17,33,153,
17,46,10,
17,49,20,
17,55,159,
17,58,101,
17,60,12,
17,68,138,
17,69,132,
17,70,145,
17,77,93,
17,103,88,
17,115,5,
17,124,96,
17,129,154,
17,152,122,
17,155,13,
17,155,97,
17,157,34,
17,157,66,
18,7,59,
18,13,141,
18,24,141,
18,29,68,
18,30,48,
18,33,31,
18,45,73,
18,48,11,
18,51,119,
18,56,111,
18,68,101,
18,77,88,
18,77,150,
18,79,81,
18,80,103,
18,80,130,
18,90,54,
18,94,76,
18,102,67,
18,102,151,
18,107,93,
18,107,97,
18,116,139,
18,117,115,
18,122,18,
18,126,54,
18,130,131,
18,144,17,
18,151,146,
18,152,152,
19,7,57,
19,12,124,
19,28,73,
19,30,79,
19,32,28,
19,44,55,
19,49,90,
19,57,117,
19,58,159,
19,62,2,
19,70,25,
19,74,57,
19,79,116,
19,101,46,
19,119,148,
19,128,8,
19,134,94,
19,136,82,
19,142,106,
19,145,138,
19,146,32,
19,154,35,
20,3,153,
20,7,106,
20,8,123,
20,10,57,
20,25,3,
20,25,115,
20,40,57,
20,42,19,
20,50,35,
20,55,125,
20,62,107,
20,63,135,
20,74,133,
20,79,3,
20,79,12,
20,86,46,
20,96,105,
20,104,81,
20,108,120,
20,111,28,
20,123,69,
20,135,56,
20,139,152,
20,145,58,
21,3,157,
21,23,132,
21,35,30,
21,38,124,
21,43,38,
21,58,42,
21,60,26,
21,76,93,
21,81,104,
21,85,20,
21,89,17,
21,103,51,
21,105,94,
21,113,15,
21,123,28,
21,127,34,
21,128,143,
21,130,102,
21,131,12,
21,146,156,
21,147,122,
21,152,14,
21,152,57,
22,0,32,
22,10,33,
22,17,24,
22,17,116,
22,22,19,
22,27,108,
22,29,24,
22,29,83,
22,32,15,
22,33,47,
22,65,33,
22,68,31,
22,68,158,
22,71,130,
22,74,16,
22,77,119,
22,86,54,
22,107,60,
22,120,59,
22,121,3,
22,121,113,
22,123,103,
22,129,13,
22,133,131,
22,139,20,
22,143,31,
22,154,37,
23,2,151,
23,10,25,
23,11,84,
23,29,133,
23,54,103,
23,78,24,
23,83,16,
23,85,22,
23,85,100,
23,88,46,
23,96,72,
23,106,101,
23,110,57,
23,113,41,
23,152,101,
23,155,26,
24,0,49,
24,0,59,
24,12,30,
24,16,147,
24,24,93,
24,33,11,
24,36,6,
24,36,24,
24,40,66,
24,43,103,
24,44,150,
24,45,129,
24,54,86,
24,56,148,
24,64,16,
24,67,22,
24,77,51,
24,79,70,
24,82,138,
24,90,8,
24,90,30,
24,90,146,
24,91,27,
24,94,61,
24,105,3,
24,106,89,
24,120,123,
24,134,127,
24,148,60,
24,148,66,
24,149,27,
24,155,141,
24,158,97,
24,159,22,
25,3,40,
25,4,96,
25,8,48,
25,25,115,
25,37,144,
25,38,98,
25,42,86,
25,44,23,
25,55,14,
25,58,146,
25,74,81,
25,84,24,
25,84,47,
25,84,89,
25,91,45,
25,105,79,
25,115,65,
25,119,150,
25,123,23,
25,127,151,
25,138,32,
25,146,52,
25,149,13,
26,0,53,
26,4,40,
26,7,121,
26,12,73,
26,17,8,
26,20,107,
26,22,127,
26,26,30,
26,27,96,
26,28,24,
26,36,11,
26,42,16,
26,50,107,
26,53,96,
26,56,101,
26,71,103,
26,73,94,
26,78,0,
26,85,11,
26,88,28,
26,132,138,
26,136,47,
26,137,130,
26,146,104,
26,147,105,
26,150,96,
26,150,109,
26,154,42,
26,157,143,
27,14,19,
27,15,1,
27,29,67,
27,35,124,
27,38,151,
27,39,105,
27,54,133,
27,58,68,
27,60,27,
27,62,138,
27,62,142,
27,64,125,
27,67,90,
27,70,127,
27,78,159,
27,80,52,
27,97,80,
27,99,88,
27,100,97,
27,104,129,
27,107,117,
27,107,122,
27,113,16,
27,115,147,
27,118,69,
27,121,28,
27,137,9,
27,137,88,
27,141,86,
27,142,62,
28,11,32,
28,16,105,
28,26,42,
28,35,142,
28,37,106,
28,40,135,
28,43,81,
28,44,81,
28,47,98,
28,56,116,
28,60,106,
28,71,14,
28,71,119,
28,76,71,
28,109,65,
28,124,43,
28,125,12,
28,125,102,
28,127,55,
28,136,79,
28,137,53,
28,148,110,
28,152,138,
28,156,8,
29,6,69,
29,18,10,
29,46,87,
29,46,112,
29,48,8,
29,60,152,
29,62,59,
29,64,74,
29,64,121,
29,75,100,
29,79,87,
29,94,77,
29,99,75,
29,105,77,
29,112,127,
29,115,67,
29,117,91,
29,122,131,
29,125,105,
29,133,84,
29,138,36,
29,147,24,
29,154,55,
29,154,143,
29,157,34,
30,11,127,
30,18,68,
30,22,134,
30,23,30,
30,25,140,
30,33,79,
30,43,100,
30,51,110,
30,68,18,
30,70,126,
30,71,107,
30,77,87,
30,101,134,
30,103,58,
30,115,47,
30,115,85,
30,121,120,
30,122,4,
30,122,133,
30,129,112,
30,136,36,
30,137,142,
30,144,156,
30,156,124,
30,159,30,
31,8,106,
31,12,31,
31,15,91,
31,27,47,
31,27,66,
31,28,157,
31,46,39,
31,52,155,
31,56,76,
31,57,159,
31,63,93,
31,63,98,
31,65,98,
31,66,51,
31,68,97,
31,77,54,
31,84,25,
31,84,53,
31,91,92,
31,93,87,
31,95,100,
31,95,136,
31,96,89,
31,98,50,
31,103,58,
31,103,137,
31,115,67,
31,117,158,
31,125,44,
31,153,12,
31,157,52,
31,158,36,
32,11,155,
32,20,7,
32,24,153,
32,37,47,
32,37,75,
32,48,113,
32,50,37,
32,56,22,
32,58,77,
32,61,28,
32,62,159,
32,65,62,
32,66,20,
32,67,60,
32,74,72,
32,83,100,
32,86,68,
32,88,4,
32,88,90,
32,90,19,
32,90,157,
32,91,56,
32,95,145,
32,99,37,
32,102,137,
32,114,100,
32,122,94,
32,137,70,
32,140,60,
32,141,62,
32,144,120,
32,154,20,
33,3,41,
33,13,71,
33,20,21,
33,20,128,
33,25,158,
33,27,155,
33,28,88,
33,29,42,
33,29,95,
33,34,69,
33,37,0,
33,44,25,
33,55,76,
33,76,84,
33,77,70,
33,91,158,
33,116,115,
33,120,74,
33,125,45,
33,125,133,
33,150,108,
34,4,44,
34,4,154,
34,5,58,
34,5,81,
34,17,93,
34,23,130,
34,36,36,
34,39,20,
34,44,37,
34,49,125,
34,51,75,
34,51,89,
34,63,142,
34,68,79,
34,74,33,
34,75,10,
34,77,136,
34,79,8,
34,80,75,
34,89,9,
34,89,128,
34,89,133,
34,91,52,
34,94,67,
34,102,70,
34,104,16,
34,111,35,
34,118,46,
34,118,69,
34,121,0,
34,123,2,
34,123,84,
34,127,10,
34,130,12,
34,139,86,
34,144,31,
34,146,82,
34,154,90,
35,2,128,
35,15,64,
35,15,107,
35,35,46,
35,40,36,
35,51,146,
35,55,21,
35,56,44,
35,57,9,
35,76,69,
35,77,131,
35,89,96,
35,94,8,
35,113,90,
35,116,26,
35,117,80,
35,140,26,
35,141,58,
35,148,110,
35,151,155,
35,156,23,
36,5,159,
36,21,131,
36,22,121,
36,30,146,
36,38,31,
36,44,53,
36,47,33,
36,48,97,
36,67,104,
36,76,104,
36,78,106,
36,78,149,
36,83,88,
36,90,134,
36,91,114,
36,99,81,
36,105,72,
36,131,123,
36,142,112,
36,144,6,
36,149,54,
37,15,95,
37,25,1,
37,33,137,
37,37,137,
37,40,55,
37,40,122,
37,49,131,
37,56,47,
37,64,132,
37,68,73,
37,80,45,
37,87,56,
37,95,7,
37,105,17,
37,106,71,
37,108,101,
37,108,131,
37,109,147,
37,110,53,
37,115,84,
37,135,111,
37,137,157,
37,145,141,
38,12,119,
38,16,121,
38,24,16,
38,35,88,
38,39,12,
38,40,33,
38,43,44,
38,62,34,
38,73,138,
38,74,47,
38,81,75,
38,93,123,
38,96,144,
38,103,152,
38,110,141,
38,116,61,
38,130,89,
38,133,100,
38,137,41,
38,141,143,
38,144,153,
38,145,159,
39,0,78,
39,12,129,
39,17,29,
39,17,94,
39,19,52,
39,19,135,
39,36,6,
39,62,11,
39,63,114,
39,74,84,
39,77,18,
39,81,73,
39,82,84,
39,96,51,
39,97,58,
39,104,65,
39,107,138,
39,118,96,
39,125,27,
39,137,14,
39,139,69,
39,150,81,
39,151,105,
39,152,94,
40,5,123,
40,7,75,
40,15,11,
40,31,115,
40,33,121,
40,78,77,
40,83,157,
40,87,21,
40,87,55,
40,103,1,
40,105,123,
40,113,73,
40,114,6,
40,119,108,
40,125,41,
40,126,33,
40,141,76,
40,142,69,
40,145,22,
40,150,103,
41,2,139,
41,6,22,
41,8,105,
41,27,26,
41,27,44,
41,35,18,
41,35,112,
41,41,158,
41,49,32,
41,55,134,
41,63,12,
41,64,8,
41,65,52,
41,77,31,
41,91,103,
41,101,23,
41,117,29,
41,123,104,
41,133,76,
41,139,36,
41,142,121,
41,149,85,
41,152,46,
41,157,86,
41,159,99,
42,0,156,
42,1,76,
42,5,18,
42,13,41,
42,16,1,
42,26,120,
42,29,137,
42,36,66,
42,40,134,
42,47,116,
42,49,31,
42,53,48,
42,69,42,
42,71,121,
42,74,153,
42,78,48,
42,87,155,
42,88,45,
42,92,78,
42,103,155,
42,104,35,
42,110,57,
42,117,76,
42,124,33,
42,126,140,
42,131,2,
42,134,97,
42,157,115,
43,5,87,
43,5,150,
43,10,60,
43,13,150,
43,15,9,
43,23,149,
43,26,81,
43,31,139,
43,41,148,
43,42,97,
43,46,8,
43,50,102,
43,52,84,
43,64,97,
43,66,101,
43,90,71,
43,93,32,
43,109,135,
43,112,24,
43,113,28,
43,115,31,
43,116,103,
43,127,40,
43,128,27,
43,128,143,
43,129,121,
43,132,52,
43,147,100,
43,158,74,
44,5,33,
44,13,32,
44,16,138,
44,17,110,
44,23,24,
44,26,46,
44,27,51,
44,32,113,
44,37,95,
44,44,20,
44,51,35,
44,53,40,
44,62,107,
44,64,30,
44,75,80,
44,79,154,
44,88,22,
44,102,8,
44,103,152,
44,106,84,
44,110,61,
44,113,78,
44,125,106,
44,135,26,
44,136,6,
44,137,10,
44,137,135,
44,142,85,
44,148,130,
44,152,111,
44,153,133,
44,158,8,
45,5,137,
45,6,1,
45,8,67,
45,8,134,
45,10,122,
45,12,30,
45,31,40,
45,32,107,
45,34,5,
45,40,53,
45,43,150,
45,57,99,
45,59,138,
45,63,23,
45,83,97,
45,103,121,
45,109,72,
45,144,159,
46,13,52,
46,22,54,
46,23,18,
46,29,15,
46,38,94,
46,48,2,
46,50,32,
46,52,151,
46,75,23,
46,76,51,
46,79,0,
46,81,139,
46,84,35,
46,86,34,
46,91,26,
46,98,129,
46,104,11,
46,118,25,
46,119,127,
46,120,87,
46,124,24,
46,125,38,
46,134,33,
46,135,151,
46,136,48,
46,137,56,
46,140,98,
46,144,13,
46,148,154,
46,155,113,
46,155,141,
46,156,119,
47,2,110,
47,19,124,
47,20,3,
47,38,148,
47,44,58,
47,53,70,
47,58,116,
47,61,81,
47,63,125,
47,73,96,
47,75,89,
47,76,55,
47,85,145,
47,91,11,
47,95,153,
47,98,154,
47,111,45,
47,114,56,
47,125,54,
47,128,96,
47,133,75,
47,148,63,
47,155,28,
47,155,100,
47,159,43,
48,8,153,
48,18,2,
48,24,95,
48,27,21,
48,27,59,
48,33,34,
48,36,57,
48,42,53,
48,43,96,
48,44,135,
48,47,80,
48,50,112,
48,53,45,
48,64,26,
48,69,18,
48,69,35,
48,74,91,
48,76,35,
48,76,100,
48,101,138,
48,111,34,
48,112,23,
48,138,81,
48,139,16,
48,145,33,
48,145,44,
48,147,138,
48,149,152,
48,157,11,
49,6,43,
49,8,23,
49,9,145,
49,16,57,
49,19,140,
49,22,84,
49,25,93,
49,27,56,
49,28,107,
49,29,113,
49,35,146,
49,38,36,
49,38,90,
49,48,75,
49,51,56,
49,52,145,
49,54,110,
49,69,145,
49,73,62,
49,98,41,
49,98,56,
49,103,91,
49,105,82,
49,112,157,
49,118,21,
49,126,116,
49,129,156,
49,131,130,
49,145,114,
49,148,77,
49,148,153,
49,155,34,
50,19,145,
50,20,36,
50,21,51,
50,23,124,
50,40,68,
50,47,145,
50,51,117,
50,56,144,
50,60,52,
50,70,134,
50,80,14,
50,87,18,
50,100,89,
50,107,152,
50,117,137,
50,127,95,
50,128,87,
50,133,53,
50,146,88,
50,158,51,
51,11,3,
51,12,117,
51,15,35,
51,18,19,
51,21,13,
51,22,63,
51,26,125,
51,29,45,
51,39,112,
51,53,104,
51,55,43,
51,56,129,
51,58,140,
51,64,12,
51,83,129,
51,107,114,
51,124,72,
51,126,60,
51,127,0,
51,133,42,
51,134,135,
51,138,137,
52,22,15,
52,25,154,
52,28,16,
52,29,59,
52,32,119,
52,37,26,
52,44,70,
52,46,21,
52,46,141,
52,47,61,
52,74,83,
52,75,45,
52,82,139,
52,97,152,
52,101,147,
52,104,44,
52,104,148,
52,111,33,
52,114,56,
52,123,10,
52,123,90,
52,123,92,
52,126,69,
52,139,78,
52,144,64,
52,150,119,
52,154,129,
52,159,43,
53,19,108,
53,24,73,
53,31,85,
53,34,121,
53,35,66,
53,64,19,
53,77,147,
53,90,105,
53,90,128,
53,90,129,
53,91,43,
53,94,69,
53,107,107,
53,108,113,
53,111,27,
53,112,141,
53,116,54,
53,119,142,
53,122,59,
53,123,21,
53,127,27,
53,129,140,
53,146,156,
53,149,127,
53,158,71,
54,3,37,
54,17,146,
54,18,18,
54,23,58,
54,26,60,
54,34,106,
54,38,37,
54,41,133,
54,44,5,
54,44,82,
54,45,39,
54,54,69,
54,55,95,
54,59,109,
54,70,43,
54,73,120,
54,74,76,
54,81,89,
54,87,142,
54,92,66,
54,107,81,
54,118,150,
54,119,29,
54,119,69,
54,121,57,
54,138,118,
54,144,154,
54,151,41,
54,156,56,
55,2,143,
55,17,27,
55,25,96,
55,36,114,
55,37,111,
55,50,17,
55,61,159,
55,66,158,
55,78,97,
55,79,45,
55,86,57,
55,98,53,
55,100,129,
55,147,24,
55,152,133,
55,153,38,
55,158,1,
55,159,156,
56,8,22,
56,20,152,
56,24,112,
56,25,74,
56,26,44,
56,28,81,
56,34,72,
56,37,80,
56,41,63,
56,48,118,
56,51,16,
56,54,46,
56,57,119,
56,70,113,
56,71,19,
56,78,127,
56,112,67,
56,114,156,
56,119,103,
56,130,72,
56,146,59,
56,155,125,
57,3,54,
57,6,147,
57,14,24,
57,16,76,
57,20,106,
57,25,36,
57,25,100,
57,30,65,
57,41,30,
57,60,146,
57,63,72,
57,65,52,
57,93,156,
57,94,83,
57,105,38,
57,106,13,
57,108,150,
57,116,141,
57,118,0,
57,120,33,
57,127,43,
57,134,7,
57,140,11,
57,153,159,
58,0,51,
58,1,81,
58,7,72,
58,14,135,
58,21,153,
58,24,143,
58,25,57,
58,25,128,
58,41,68,
58,42,142,
58,44,139,
58,50,41,
58,81,123,
58,89,9,
58,89,86,
58,92,64,
58,94,126,
58,104,12,
58,107,115,
58,110,110,
58,129,32,
58,129,154,
58,141,38,
58,141,149,
58,148,11,
58,150,145,
58,158,112,
58,159,141,
59,6,157,
59,8,95,
59,15,69,
59,21,59,
59,24,147,
59,29,84,
59,37,42,
59,39,9,
59,40,154,
59,43,19,
59,51,82,
59,56,6,
59,66,44,
59,66,153,
59,80,150,
59,86,129,
59,102,115,
59,114,62,
59,115,38,
59,125,156,
59,132,4,
59,133,128,
59,135,13,
59,139,60,
59,143,15,
59,143,35,
59,145,30,
59,152,48,
59,153,5,
60,5,83,
60,8,91,
60,19,76,
60,22,36,
60,56,39,
60,63,99,
60,66,147,
60,67,28,
60,72,114,
60,78,150,
60,86,2,
60,94,52,
60,118,135,
60,122,143,
60,124,53,
60,130,96,
60,139,44,
60,147,134,
60,148,25,
60,149,58,
60,159,80,
61,39,51,
61,40,70,
61,49,76,
61,55,117,
61,66,67,
61,67,76,
61,72,2,
61,76,2,
61,82,7,
61,84,28,
61,86,8,
61,104,14,
61,115,44,
61,118,116,
61,121,153,
61,128,125,
61,131,52,
61,135,121,
61,136,117,
61,142,123,
61,151,19,
61,156,144,
61,157,134,
62,8,69,
62,9,103,
62,14,45,
62,28,38,
62,29,64,
62,30,132,
62,45,22,
62,46,121,
62,58,11,
62,59,56,
62,81,82,
62,95,1,
62,101,109,
62,113,82,
62,116,124,
62,128,101,
62,130,54,
62,131,46,
62,132,111,
62,147,1,
62,151,120,
62,152,16,
63,28,106,
63,41,148,
63,48,144,
63,56,150,
63,71,42,
63,75,62,
63,80,43,
63,87,101,
63,100,127,
63,106,105,
63,110,61,
63,114,99,
63,116,29,
63,142,45,
63,142,53,
64,15,82,
64,16,25,
64,17,125,
64,20,41,
64,21,145,
64,23,151,
64,24,153,
64,25,7,
64,31,31,
64,39,87,
64,40,46,
64,41,157,
64,45,100,
64,52,157,
64,56,122,
64,61,103,
64,95,127,
64,99,106,
64,104,107,
64,104,115,
64,117,2,
64,120,130,
64,122,10,
64,124,10,
64,124,20,
64,125,48,
64,129,132,
64,133,3,
64,139,12,
64,147,145,
64,153,136,
64,156,106,
65,3,150,
65,3,154,
65,13,154,
65,17,133,
65,36,151,
65,43,24,
65,51,85,
65,64,50,
65,66,37,
65,72,81,
65,79,121,
65,80,36,
65,84,46,
65,89,113,
65,90,8,
65,95,130,
65,100,7,
65,105,114,
65,116,21,
65,129,106,
65,131,23,
65,137,43,
65,141,99,
65,145,20,
65,145,62,
65,151,66,
66,5,39,
66,11,101,
66,11,136,
66,14,75,
66,18,36,
66,29,151,
66,37,154,
66,39,134,
66,55,153,
66,84,129,
66,108,141,
66,115,29,
66,116,152,
66,117,34,
66,122,24,
66,126,82,
66,127,141,
66,135,113,
66,137,149,
66,138,87,
66,142,103,
66,144,74,
66,155,119,
66,159,129,
67,5,14,
67,8,94,
67,18,53,
67,23,82,
67,28,132,
67,43,145,
67,56,130,
67,94,62,
67,105,14,
67,110,112,
67,111,27,
67,117,102,
67,118,117,
67,119,141,
67,120,139,
67,134,80,
67,149,0,
67,152,137,
67,153,51,
67,154,110,
68,2,26,
68,19,130,
68,55,112,
68,68,159,
68,69,73,
68,75,134,
68,78,141,
68,80,46,
68,81,132,
68,107,89,
68,114,52,
68,115,17,
68,125,156,
68,131,13,
68,136,157,
68,139,139,
68,142,119,
68,145,24,
68,149,113,
68,149,125,
68,150,56,
68,154,134,
69,7,9,
69,12,103,
69,12,104,
69,21,70,
69,37,151,
69,38,24,
69,39,131,
69,46,33,
69,47,145,
69,48,129,
69,60,63,
69,63,147,
69,71,98,
69,77,120,
69,84,58,
69,87,137,
69,88,44,
69,89,158,
69,91,146,
69,105,131,
69,108,101,
69,114,30,
69,129,5,
69,132,26,
69,138,27,
69,142,64,
69,154,96,
70,7,101,
70,11,4,
70,11,32,
70,15,87,
70,19,40,
70,29,28,
70,33,99,
70,34,157,
70,41,146,
70,43,55,
70,45,120,
70,55,68,
70,61,3,
70,70,81,
70,73,73,
70,88,19,
70,92,91,
70,94,82,
70,97,101,
70,114,55,
70,125,94,
70,129,140,
70,130,73,
70,136,102,
70,138,102,
70,140,68,
70,150,142,
71,6,151,
71,13,154,
71,23,8,
71,23,12,
71,23,86,
71,32,149,
71,38,100,
71,41,83,
71,45,157,
71,65,149,
71,71,78,
71,78,100,
71,91,110,
71,96,73,
71,97,150,
71,98,138,
71,102,9,
71,133,154,
71,136,0,
71,138,133,
71,147,110,
71,151,147,
71,153,40,
71,158,109,
71,159,122,
72,9,132,
72,14,147,
72,15,26,
72,31,27,
72,31,63,
72,45,68,
72,56,25,
72,58,58,
72,60,150,
72,67,142,
72,70,120,
72,72,127,
72,77,106,
72,85,99,
72,90,74,
72,105,70,
72,106,3,
72,121,104,
72,123,91,
72,124,4,
72,133,140,
73,0,4,
73,2,64,
73,4,60,
73,5,55,
73,18,96,
73,34,40,
73,42,94,
73,49,91,
73,49,137,
73,56,99,
73,65,19,
73,67,109,
73,72,115,
73,73,111,
73,97,128,
73,104,109,
73,107,40,
73,107,88,
73,111,48,
73,112,124,
73,117,19,
73,126,132,
73,133,125,
73,134,13,
73,140,69,
73,141,56,
74,7,72,
74,11,83,
74,33,132,
74,38,128,
74,43,48,
74,44,18,
74,61,114,
74,66,63,
74,68,51,
74,73,115,
74,75,74,
74,76,67,
74,77,82,
74,78,85,
74,80,8,
74,83,43,
74,84,78,
74,96,130,
74,105,16,
74,106,15,
74,108,91,
74,119,36,
74,119,109,
74,122,16,
74,129,93,
74,132,123,
74,138,20,
74,140,84,
74,146,8,
74,150,147,
74,153,46,
74,153,70,
75,15,140,
75,16,145,
75,25,35,
75,26,20,
75,26,72,
75,38,148,
75,39,87,
75,43,69,
75,46,36,
75,51,68,
75,58,147,
75,67,147,
75,79,85,
75,79,140,
75,80,14,
75,82,53,
75,84,70,
75,84,87,
75,86,0,
75,92,90,
75,99,158,
75,101,59,
75,105,0,
75,105,107,
75,119,19,
75,133,10,
75,139,26,
75,142,34,
75,151,88,
75,154,2,
75,157,128,
76,4,9,
76,11,57,
76,14,107,
76,19,100,
76,21,107,
76,26,43,
76,26,85,
76,34,3,
76,38,114,
76,43,101,
76,44,64,
76,45,62,
76,47,52,
76,56,30,
76,60,91,
76,66,146,
76,71,20,
76,76,110,
76,78,83,
76,81,42,
76,86,19,
76,91,60,
76,126,98,
76,132,136,
76,133,12,
76,137,8,
76,140,112,
76,142,27,
76,150,21,
76,156,40,
77,15,0,
77,27,56,
77,34,27,
77,34,32,
77,44,84,
77,44,116,
77,69,57,
77,74,101,
77,76,159,
77,80,44,
77,82,63,
77,84,78,
77,87,113,
77,88,53,
77,88,122,
77,92,37,
77,93,62,
77,108,66,
77,108,86,
77,114,42,
77,139,21,
77,145,75,
77,145,145,
77,148,29,
77,149,3,
77,154,42,
77,158,60,
78,3,101,
78,6,22,
78,7,100,
78,60,99,
78,68,24,
78,79,12,
78,79,99,
78,79,124,
78,80,120,
78,89,96,
78,90,52,
78,91,67,
78,101,153,
78,110,65,
78,112,85,
78,115,83,
78,117,46,
78,118,77,
78,124,68,
78,129,17,
78,129,58,
78,130,108,
78,143,55,
78,148,10,
78,150,153,
78,152,108,
78,156,126,
78,158,105,
79,1,110,
79,8,67,
79,14,31,
79,15,114,
79,17,63,
79,20,56,
79,21,82,
79,25,81,
79,31,94,
79,38,129,
79,41,72,
79,43,35,
79,51,52,
79,51,116,
79,67,20,
79,76,77,
79,78,28,
79,83,55,
79,84,44,
79,85,143,
79,88,67,
79,89,91,
79,92,116,
79,100,124,
79,103,74,
79,107,23,
79,107,79,
79,124,132,
79,139,102,
80,1,49,
80,1,119,
80,5,8,
80,18,52,
80,30,5,
80,33,44,
80,40,143,
80,50,109,
80,74,19,
80,74,71,
80,77,30,
80,87,58,
80,92,32,
80,94,69,
80,101,50,
80,103,82,
80,105,19,
80,105,81,
80,105,89,
80,109,38,
80,116,28,
80,118,53,
80,133,46,
80,143,67,
80,145,5,
80,146,41,
81,18,23,
81,20,138,
81,24,109,
81,26,4,
81,29,135,
81,38,63,
81,39,132,
81,41,150,
81,48,158,
81,58,133,
81,59,123,
81,60,146,
81,75,58,
81,75,100,
81,80,152,
81,93,16,
81,93,147,
81,102,84,
81,106,93,
81,112,120,
81,120,123,
81,123,89,
81,125,70,
81,137,115,
81,137,143,
81,138,114,
81,143,156,
81,157,33,
81,159,42,
82,6,40,
82,7,32,
82,7,37,
82,15,3,
82,15,152,
82,21,112,
82,58,61,
82,66,60,
82,67,121,
82,76,153,
82,78,125,
82,90,66,
82,93,86,
82,94,28,
82,95,152,
82,105,12,
82,107,21,
82,117,103,
82,117,155,
82,134,116,
82,138,84,
82,143,58,
82,144,117,
82,153,10,
82,159,5,
83,1,46,
83,1,112,
83,4,40,
83,4,135,
83,8,60,
83,16,154,
83,26,73,
83,27,156,
83,30,54,
83,30,137,
83,35,82,
83,46,158,
83,47,75,
83,50,118,
83,57,56,
83,63,21,
83,65,126,
83,66,87,
83,68,5,
83,79,92,
83,80,101,
83,80,148,
83,91,51,
83,94,12,
83,101,102,
83,104,81,
83,105,79,
83,110,74,
83,119,26,
83,121,107,
83,125,67,
83,130,34,
83,134,117,
83,147,150,
83,147,159,
83,148,54,
83,148,112,
83,149,77,
83,152,64,
83,152,125,
84,3,1,
84,15,62,
84,37,11,
84,43,112,
84,48,14,
84,49,98,
84,50,33,
84,53,86,
84,59,119,
84,62,15,
84,62,136,
84,65,65,
84,67,132,
84,73,114,
84,80,62,
84,82,76,
84,83,8,
84,84,88,
84,97,150,
84,99,143,
84,127,101,
84,151,113,
84,158,57,
85,13,6,
85,14,155,
85,27,145,
85,37,53,
85,44,47,
85,48,54,
85,59,114,
85,64,53,
85,64,69,
85,75,158,
85,92,151,
85,125,144,
85,130,96,
85,137,88,
85,141,48,
85,144,30,
85,149,57,
86,6,62,
86,13,91,
86,19,44,
86,27,102,
86,34,130,
86,35,121,
86,42,34,
86,44,116,
86,53,144,
86,56,37,
86,60,10,
86,63,71,
86,70,19,
86,85,27,
86,91,12,
86,92,113,
86,94,31,
86,103,56,
86,105,101,
86,110,79,
86,118,34,
86,118,124,
86,125,2,
86,151,88,
87,10,39,
87,11,146,
87,14,66,
87,15,17,
87,17,4,
87,18,3,
87,20,126,
87,22,156,
87,37,19,
87,40,75,
87,44,104,
87,44,157,
87,52,7,
87,54,61,
87,56,127,
87,58,27,
87,63,117,
87,68,45,
87,69,123,
87,72,94,
87,91,95,
87,97,125,
87,99,11,
87,107,15,
87,110,53,
87,110,136,
87,116,105,
87,137,34,
87,139,48,
87,141,9,
87,147,46,
87,147,121,
87,150,131,
88,1,31,
88,10,80,
88,12,44,
88,19,128,
88,31,94,
88,36,26,
88,37,19,
88,51,102,
88,54,12,
88,60,16,
88,67,76,
88,76,84,
88,83,125,
88,98,34,
88,108,73,
88,118,102,
88,120,123,
88,141,121,
88,142,54,
88,143,110,
89,31,41,
89,35,138,
89,46,45,
89,47,0,
89,48,65,
89,50,46,
89,51,47,
89,52,131,
89,56,3,
89,60,94,
89,66,84,
89,68,35,
89,72,19,
89,75,65,
89,76,64,
89,87,135,
89,97,6,
89,98,43,
89,115,111,
89,117,135,
89,126,132,
89,129,94,
89,130,30,
89,136,143,
89,151,25,
89,154,3,
90,3,117,
90,5,100,
90,6,146,
90,25,159,
90,34,12,
90,39,113,
90,40,8,
90,41,86,
90,42,99,
90,43,63,
90,47,135,
90,50,152,
90,55,53,
90,67,50,
90,68,23,
90,68,72,
90,69,119,
90,77,98,
90,78,13,
90,87,100,
90,90,124,
90,102,48,
90,112,88,
90,115,115,
90,132,102,
90,138,66,
90,139,122,
90,157,56,
90,159,154,
91,1,73,
91,7,50,
91,18,48,
91,26,5,
91,35,74,
91,35,155,
91,44,102,
91,61,106,
91,73,108,
91,79,93,
91,79,93,
91,84,152,
91,85,77,
91,88,60,
91,100,1,
91,108,125,
91,111,89,
91,111,92,
91,112,39,
91,119,147,
91,120,63,
91,122,52,
91,126,13,
91,143,83,
91,147,46,
91,152,75,
92,2,132,
92,21,106,
92,31,94,
92,31,124,
92,47,6,
92,58,31,
92,67,31,
92,79,107,
92,81,2,
92,82,118,
92,91,63,
92,94,120,
92,98,76,
92,104,6,
92,105,92,
92,116,0,
92,123,16,
92,148,49,
92,156,93,
93,7,29,
93,8,25,
93,11,33,
93,20,107,
93,22,120,
93,32,41,
93,34,123,
93,39,62,
93,41,63,
93,42,136,
93,43,136,
93,63,75,
93,64,135,
93,73,46,
93,79,128,
93,81,67,
93,90,57,
93,94,153,
93,101,68,
93,104,74,
93,107,25,
93,112,141,
93,120,119,
93,124,26,
93,129,93,
93,134,105,
93,138,69,
93,147,71,
93,148,84,
94,2,16,
94,6,26,
94,16,142,
94,35,0,
94,36,146,
94,40,20,
94,44,36,
94,45,17,
94,49,108,
94,54,14,
94,62,122,
94,65,141,
94,66,120,
94,70,60,
94,75,119,
94,79,46,
94,90,1,
94,96,138,
94,98,159,
94,100,37,
94,105,90,
94,121,1,
94,125,60,
94,135,147,
94,137,31,
94,137,49,
95,6,125,
95,11,152,
95,12,108,
95,35,79,
95,37,0,
95,38,89,
95,43,70,
95,56,133,
95,59,112,
95,74,66,
95,89,48,
95,101,83,
95,110,124,
95,111,100,
95,118,60,
95,123,136,
95,130,44,
95,132,14,
95,144,138,
95,153,60,
95,157,13,
96,6,108,
96,19,33,
96,29,83,
96,44,106,
96,55,142,
96,62,72,
96,69,2,
96,74,134,
96,85,15,
96,94,116,
96,95,128,
96,100,95,
96,104,87,
96,112,22,
96,119,84,
96,120,50,
96,121,50,
96,121,105,
96,135,158,
96,145,72,
96,149,54,
96,155,108,
96,157,96,
97,5,112,
97,11,4,
97,15,84,
97,28,62,
97,41,20,
97,47,22,
97,52,148,
97,58,13,
97,61,117,
97,66,24,
97,90,49,
97,100,129,
97,108,46,
97,139,75,
97,139,95,
97,146,86,
97,152,105,
98,10,5,
98,10,152,
98,18,31,
98,22,66,
98,32,96,
98,40,21,
98,43,40,
98,44,23,
98,49,101,
98,51,155,
98,53,70,
98,71,80,
98,71,92,
98,73,135,
98,73,139,
98,77,80,
98,87,57,
98,94,62,
98,102,27,
98,114,72,
98,117,12,
98,117,141,
98,121,89,
98,123,97,
98,126,128,
98,129,54,
98,135,72,
98,137,28,
98,144,56,
98,147,114,
98,154,12,
99,4,15,
99,19,152,
99,30,127,
99,32,26,
99,40,94,
99,44,61,
99,44,63,
99,55,134,
99,58,150,
99,60,94,
99,63,25,
99,63,47,
99,64,51,
99,70,62,
99,77,4,
99,86,24,
99,86,83,
99,87,136,
99,89,16,
99,92,99,
99,95,78,
99,99,35,
99,102,21,
99,103,103,
99,111,62,
99,120,76,
99,132,23,
99,142,108,
99,144,47,
99,151,135,
99,151,139,
100,9,14,
100,12,80,
100,14,89,
100,25,28,
100,34,134,
100,36,27,
100,38,39,
100,41,74,
100,51,138,
100,66,116,
100,76,84,
100,86,25,
100,99,152,
100,101,5,
100,102,150,
100,111,24,
100,112,11,
100,126,44,
100,131,6,
100,138,79,
100,142,103,
100,143,71,
100,150,24,
100,157,118,
100,158,99,
100,159,140,
101,0,85,
101,4,127,
101,10,76,
101,23,38,
101,25,39,
101,34,54,
101,34,95,
101,43,51,
101,43,71,
101,44,139,
101,57,27,
101,57,145,
101,68,105,
101,75,104,
101,82,146,
101,83,17,
101,92,44,
101,92,132,
101,94,68,
101,98,63,
101,110,11,
101,125,115,
101,142,21,
101,144,44,
101,145,89,
101,157,144,
102,1,119,
102,2,12,
102,7,0,
102,7,20,
102,22,106,
102,37,158,
102,38,147,
102,47,51,
102,48,108,
102,66,10,
102,84,150,
102,106,21,
102,115,30,
102,119,37,
102,128,123,
102,137,119,
102,139,74,
102,140,2,
102,140,151,
102,143,91,
102,144,140,
102,147,96,
103,8,119,
103,8,145,
103,11,16,
103,11,80,
103,15,26,
103,16,27,
103,16,106,
103,20,49,
103,23,73,
103,23,74,
103,29,56,
103,30,89,
103,41,155,
103,48,78,
103,51,37,
103,54,48,
103,54,75,
103,56,8,
103,57,48,
103,59,122,
103,60,142,
103,71,127,
103,73,65,
103,73,156,
103,80,95,
103,83,145,
103,84,122,
103,85,139,
103,103,44,
103,106,121,
103,108,142,
103,112,49,
103,120,126,
103,124,105,
103,137,124,
103,142,99,
103,144,16,
103,144,87,
103,147,112,
103,150,156,
103,153,159,
104,0,41,
104,17,53,
104,28,33,
104,36,76,
104,97,65,
104,106,31,
104,122,47,
104,126,51,
104,127,62,
104,127,67,
104,130,46,
104,131,1,
104,137,32,
104,139,23,
104,153,61,
104,156,60,
105,2,3,
105,4,125,
105,11,119,
105,12,91,
105,17,51,
105,18,40,
105,26,34,
105,36,84,
105,42,134,
105,50,50,
105,54,145,
105,55,110,
105,71,38,
105,71,120,
105,77,112,
105,92,133,
105,96,45,
105,104,53,
105,106,56,
105,117,134,
105,126,142,
105,130,98,
105,130,110,
106,4,119,
106,15,112,
106,20,75,
106,21,21,
106,29,7,
106,32,33,
106,33,30,
106,45,19,
106,51,54,
106,58,60,
106,60,46,
106,65,104,
106,69,135,
106,81,153,
106,83,75,
106,87,115,
106,91,141,
106,92,73,
106,105,122,
106,109,142,
106,110,101,
106,116,67,
106,118,12,
106,124,54,
106,127,155,
106,128,103,
106,131,46,
106,139,65,
106,147,99,
106,158,78,
107,4,82,
107,12,39,
107,22,54,
107,40,122,
107,47,45,
107,47,127,
107,51,128,
107,58,15,
107,73,33,
107,95,59,
107,98,79,
107,112,132,
107,112,140,
107,114,140,
107,124,41,
107,130,68,
107,138,56,
107,150,127,
107,151,132,
107,152,31,
107,152,135,
107,153,92,
108,0,54,
108,0,63,
108,2,65,
108,4,107,
108,14,37,
108,25,26,
108,26,57,
108,31,66,
108,34,77,
108,38,50,
108,39,92,
108,44,98,
108,51,70,
108,55,137,
108,56,49,
108,63,33,
108,86,49,
108,86,148,
108,90,50,
108,97,25,
108,100,68,
108,104,51,
108,114,63,
108,115,89,
108,117,26,
108,137,74,
108,137,78,
108,143,133,
108,146,17,
108,154,33,
108,154,130,
108,157,56,
109,3,25,
109,10,116,
109,21,48,
109,21,81,
109,40,101,
109,41,131,
109,47,5,
109,50,1,
109,53,33,
109,58,142,
109,65,43,
109,66,146,
109,68,120,
109,70,20,
109,72,114,
109,82,138,
109,84,5,
109,84,125,
109,91,80,
109,120,87,
109,121,68,
109,137,64,
109,141,8,
109,141,98,
109,154,38,
109,155,56,
109,159,149,
109,159,154,
110,4,83,
110,5,144,
110,6,94,
110,14,85,
110,22,3,
110,49,137,
110,65,9,
110,74,111,
110,77,150,
110,82,50,
110,82,99,
110,93,105,
110,95,69,
110,95,119,
110,97,114,
110,114,46,
110,115,10,
110,137,138,
110,138,38,
110,140,104,
110,154,37,
110,159,3,
110,159,29,
111,7,5,
111,9,105,
111,11,76,
111,13,137,
111,15,108,
111,22,94,
111,28,29,
111,29,89,
111,33,76,
111,33,148,
111,35,157,
111,38,76,
111,46,83,
111,59,61,
111,62,43,
111,69,74,
111,70,42,
111,77,109,
111,78,53,
111,88,41,
111,89,84,
111,98,99,
111,101,70,
111,111,84,
111,112,139,
111,121,53,
111,125,29,
111,127,18,
111,128,158,
111,130,107,
111,140,110,
111,142,64,
111,147,83,
111,153,22,
112,11,93,
112,16,83,
112,23,127,
112,24,122,
112,30,129,
112,41,142,
112,44,82,
112,47,105,
112,51,36,
112,65,31,
112,71,129,
112,73,96,
112,85,11,
112,87,143,
112,89,99,
112,116,0,
112,119,24,
112,122,127,
112,123,114,
112,128,131,
112,130,132,
112,132,107,
112,157,144,
112,159,84,
113,0,132,
113,16,149,
113,20,40,
113,30,31,
113,30,128,
113,37,38,
113,51,58,
113,53,19,
113,56,156,
113,58,108,
113,59,75,
113,83,36,
113,95,101,
113,97,74,
113,103,91,
113,103,116,
113,108,106,
113,109,38,
113,111,97,
113,113,41,
113,115,145,
113,118,8,
113,130,73,
113,135,152,
113,135,156,
113,137,26,
113,139,72,
113,141,133,
113,149,26,
113,154,141,
114,0,17,
114,16,101,
114,30,52,
114,34,113,
114,53,72,
114,63,99,
114,75,117,
114,92,56,
114,108,97,
114,110,84,
114,110,151,
114,113,157,
114,114,154,
114,116,47,
114,118,122,
114,124,102,
114,125,7,
114,125,14,
114,130,130,
114,133,126,
114,142,33,
114,144,118,
114,145,93,
114,145,151,
115,12,64,
115,17,137,
115,27,71,
115,27,84,
115,34,55,
115,66,102,
115,85,31,
115,85,129,
115,87,28,
115,88,121,
115,89,131,
115,91,98,
115,96,61,
115,101,37,
115,104,23,
115,108,74,
115,126,138,
115,151,98,
115,155,30,
116,0,89,
116,2,78,
116,37,91,
116,45,20,
116,45,158,
116,47,91,
116,61,92,
116,82,150,
116,83,94,
116,88,25,
116,90,2,
116,94,26,
116,100,58,
116,106,53,
116,106,159,
116,119,42,
116,120,133,
116,151,16,
116,154,113,
117,0,2,
117,0,39,
117,0,74,
117,4,29,
117,8,40,
117,12,143,
117,13,42,
117,15,31,
117,18,155,
117,25,60,
117,25,110,
117,32,9,
117,34,69,
117,38,122,
117,41,109,
117,43,31,
117,46,93,
117,48,20,
117,60,91,
117,65,135,
117,96,88,
117,97,133,
117,108,93,
117,110,85,
117,128,56,
117,133,42,
117,134,7,
117,138,23,
117,148,76,
117,153,58,
118,16,108,
118,17,6,
118,23,50,
118,23,131,
118,24,17,
118,26,127,
118,30,42,
118,37,65,
118,40,77,
118,44,5,
118,55,84,
118,60,76,
118,67,133,
118,77,105,
118,84,43,
118,94,107,
118,96,4,
118,103,113,
118,107,22,
118,110,150,
118,112,144,
118,120,26,
118,123,2,
118,123,76,
118,140,97,
118,140,137,
118,145,159,
118,148,30,
118,151,18,
119,8,156,
119,12,133,
119,13,5,
119,13,92,
119,21,32,
119,22,140,
119,41,28,
119,46,12,
119,52,156,
119,61,53,
119,61,78,
119,64,124,
119,67,46,
119,72,22,
119,81,122,
119,84,40,
119,108,107,
119,110,93,
119,111,150,
119,113,90,
119,114,82,
119,130,89,
119,139,92,
119,142,32,
119,147,100,
119,148,38,
119,151,75,
119,156,29,
120,4,28,
120,12,111,
120,12,157,
120,18,42,
120,27,150,
120,28,50,
120,30,25,
120,31,4,
120,49,82,
120,70,129,
120,74,133,
120,75,113,
120,91,125,
120,95,12,
120,104,92,
120,114,157,
120,115,107,
120,136,38,
120,138,104,
120,145,157,
120,154,134,
121,2,121,
121,7,136,
121,14,97,
121,16,28,
121,25,30,
121,45,145,
121,54,42,
121,58,115,
121,59,61,
121,62,48,
121,64,101,
121,66,85,
121,67,51,
121,76,147,
121,79,147,
121,81,148,
121,84,20,
121,88,61,
121,89,142,
121,91,72,
121,93,3,
121,112,104,
121,116,105,
121,122,102,
121,126,41,
121,128,25,
121,128,98,
121,129,136,
121,131,56,
121,135,116,
121,152,95,
121,158,62,
122,0,143,
122,4,107,
122,13,155,
122,14,107,
122,18,34,
122,27,122,
122,30,91,
122,31,136,
122,38,95,
122,40,154,
122,42,152,
122,45,67,
122,73,100,
122,74,150,
122,75,81,
122,90,30,
122,94,74,
122,96,106,
122,102,84,
122,105,51,
122,106,88,
122,107,152,
122,109,45,
122,112,24,
122,115,68,
122,117,157,
122,118,100,
122,118,134,
122,119,13,
122,125,65,
122,137,13,
122,153,84,
123,0,86,
123,2,128,
123,4,12,
123,13,154,
123,36,154,
123,53,64,
123,54,149,
123,58,54,
123,58,102,
123,65,56,
123,81,128,
123,83,149,
123,98,77,
123,100,6,
123,101,129,
123,103,29,
123,116,102,
123,121,21,
123,121,69,
123,122,95,
123,126,96,
123,129,46,
123,137,80,
123,141,79,
123,143,1,
123,147,8,
124,3,25,
124,7,100,
124,11,85,
124,30,107,
124,34,121,
124,59,102,
124,60,34,
124,67,110,
124,80,124,
124,104,23,
124,109,159,
124,113,121,
124,115,48,
124,122,55,
124,136,100,
124,139,153,
124,143,26,
124,148,64,
124,155,158,
124,158,96,
125,9,82,
125,13,61,
125,15,119,
125,28,48,
125,42,11,
125,49,126,
125,52,122,
125,66,89,
125,76,0,
125,92,108,
125,97,51,
125,103,32,
125,108,118,
125,109,149,
125,112,39,
125,116,146,
125,121,88,
125,141,155,
125,144,33,
125,148,54,
126,18,9,
126,22,18,
126,42,7,
126,56,75,
126,70,63,
126,76,51,
126,77,89,
126,78,28,
126,82,88,
126,97,40,
126,98,32,
126,104,55,
126,106,125,
126,108,106,
126,110,6,
126,119,110,
126,121,18,
126,140,59,
126,151,145,
126,156,67,
126,156,78,
126,159,24,
127,0,7,
127,8,137,
127,13,25,
127,14,144,
127,40,65,
127,41,145,
127,45,37,
127,56,26,
127,60,42,
127,68,153,
127,69,31,
127,77,152,
127,78,72,
127,83,133,
127,101,14,
127,101,40,
127,106,159,
127,138,14,
127,139,135,
127,155,3,
128,9,141,
128,11,54,
128,19,7,
128,37,128,
128,44,30,
128,48,54,
128,58,38,
128,63,8,
128,67,128,
128,69,16,
128,69,117,
128,70,110,
128,79,2,
128,84,14,
128,95,16,
128,104,51,
128,104,142,
128,111,52,
128,121,15,
128,121,35,
128,125,46,
128,129,38,
128,132,17,
128,145,78,
128,151,33,
128,153,109,
128,159,3,
129,4,62,
129,8,61,
129,14,77,
129,16,87,
129,19,41,
129,28,40,
129,34,32,
129,37,71,
129,46,14,
129,48,69,
129,66,124,
129,78,156,
129,81,27,
129,88,112,
129,92,144,
129,96,46,
129,100,123,
129,103,114,
129,114,39,
129,117,75,
129,124,105,
129,126,118,
129,126,134,
129,148,145,
129,157,28,
129,157,84,
130,2,57,
130,4,132,
130,5,27,
130,8,110,
130,12,89,
130,16,62,
130,26,113,
130,29,30,
130,36,17,
130,43,87,
130,45,157,
130,47,100,
130,49,76,
130,58,134,
130,60,127,
130,69,95,
130,111,97,
130,114,34,
130,123,145,
130,135,27,
130,148,105,
130,148,120,
130,150,89,
130,151,128,
130,152,84,
130,156,92,
131,1,108,
131,5,139,
131,6,85,
131,9,130,
131,14,54,
131,14,89,
131,28,81,
131,47,12,
131,81,45,
131,81,61,
131,87,79,
131,89,49,
131,95,151,
131,99,158,
131,103,72,
131,112,78,
131,115,97,
131,118,84,
131,121,158,
131,127,85,
131,129,142,
131,131,35,
131,135,25,
131,137,5,
131,140,112,
131,142,72,
132,2,84,
132,10,157,
132,40,32,
132,46,63,
132,53,146,
132,54,105,
132,64,125,
132,75,23,
132,89,18,
132,93,63,
132,99,0,
132,101,125,
132,106,46,
132,107,32,
132,119,29,
132,119,133,
132,121,149,
132,128,65,
132,136,12,
132,136,60,
132,145,95,
133,1,86,
133,7,52,
133,10,87,
133,19,27,
133,23,40,
133,26,63,
133,36,97,
133,41,5,
133,41,87,
133,44,13,
133,48,2,
133,50,124,
133,54,83,
133,56,119,
133,72,17,
133,74,6,
133,74,83,
133,77,53,
133,83,28,
133,85,78,
133,92,61,
133,95,21,
133,108,138,
133,111,7,
133,124,27,
133,125,50,
133,130,33,
133,131,127,
133,143,147,
133,149,7,
133,159,28,
133,159,146,
134,10,56,
134,14,69,
134,16,31,
134,22,105,
134,38,126,
134,48,65,
134,48,144,
134,66,125,
134,77,75,
134,87,159,
134,88,116,
134,90,76,
134,98,49,
134,104,76,
134,117,54,
134,118,75,
134,121,155,
134,121,158,
134,134,56,
134,140,67,
134,156,106,
135,2,144,
135,3,134,
135,4,89,
135,14,109,
135,39,11,
135,39,77,
135,41,158,
135,50,36,
135,55,51,
135,58,7,
135,66,13,
135,74,54,
135,74,71,
135,88,76,
135,89,102,
135,96,7,
135,105,32,
135,140,144,
135,148,21,
135,148,36,
135,150,157,
136,10,109,
136,17,57,
136,19,90,
136,24,111,
136,25,107,
136,28,27,
136,36,48,
136,36,88,
136,40,1,
136,45,51,
136,47,46,
136,56,9,
136,56,132,
136,65,21,
136,72,2,
136,77,30,
136,80,17,
136,112,109,
136,126,7,
136,134,42,
136,140,125,
136,144,80,
136,150,109,
136,152,1,
136,154,130,
137,1,78,
137,18,32,
137,19,91,
137,26,49,
137,28,16,
137,31,154,
137,33,30,
137,36,112,
137,42,15,
137,45,92,
137,48,4,
137,61,145,
137,64,20,
137,68,120,
137,85,24,
137,88,20,
137,90,21,
137,107,52,
137,109,33,
137,115,9,
137,116,129,
137,123,48,
137,141,5,
137,147,88,
137,153,98,
138,2,31,
138,5,152,
138,7,64,
138,13,137,
138,26,143,
138,52,41,
138,54,12,
138,61,65,
138,67,158,
138,69,49,
138,74,111,
138,76,38,
138,77,85,
138,79,46,
138,93,3,
138,95,26,
138,104,112,
138,107,26,
138,123,141,
138,135,16,
138,144,130,
138,148,155,
138,153,73,
139,14,112,
139,23,60,
139,23,94,
139,24,81,
139,35,148,
139,38,134,
139,57,125,
139,73,80,
139,79,149,
139,84,53,
139,88,45,
139,89,79,
139,97,114,
139,99,18,
139,105,74,
139,106,57,
139,115,12,
139,116,6,
140,13,98,
140,18,93,
140,35,116,
140,37,17,
140,37,115,
140,72,25,
140,74,102,
140,77,78,
140,82,34,
140,86,108,
140,90,30,
140,103,6,
140,105,149,
140,114,49,
140,124,3,
140,130,16,
140,134,130,
140,141,2,
140,145,144,
140,145,152,
140,151,70,
141,24,15,
141,38,74,
141,54,146,
141,69,2,
141,71,8,
141,81,105,
141,83,136,
141,85,132,
141,97,97,
141,110,151,
141,140,78,
142,1,104,
142,18,123,
142,19,66,
142,28,102,
142,29,140,
142,39,99,
142,45,130,
142,45,146,
142,49,102,
142,54,123,
142,66,112,
142,68,148,
142,74,76,
142,79,22,
142,85,105,
142,107,133,
142,108,156,
142,111,8,
142,112,124,
142,115,27,
142,125,3,
142,125,72,
142,130,12,
142,130,70,
142,134,40,
142,137,54,
142,155,112,
143,1,101,
143,5,37,
143,11,73,
143,17,98,
143,24,124,
143,31,68,
143,33,118,
143,45,156,
143,50,60,
143,67,28,
143,68,104,
143,78,2,
143,79,85,
143,82,7,
143,91,128,
143,103,10,
143,103,23,
143,108,66,
143,126,19,
143,131,80,
143,142,101,
143,144,63,
144,8,0,
144,18,35,
144,18,56,
144,19,35,
144,22,112,
144,33,31,
144,33,142,
144,37,95,
144,64,110,
144,65,50,
144,65,54,
144,73,129,
144,78,104,
144,78,137,
144,82,98,
144,95,124,
144,95,158,
144,109,68,
144,123,125,
144,135,20,
144,136,39,
144,147,136,
144,149,85,
145,3,117,
145,8,44,
145,13,25,
145,17,82,
145,33,110,
145,43,37,
145,53,63,
145,57,124,
145,62,109,
145,68,0,
145,78,78,
145,91,21,
145,95,129,
145,103,21,
145,115,101,
145,118,10,
145,123,39,
145,123,120,
145,129,59,
145,133,118,
145,136,2,
145,139,122,
145,139,130,
145,145,1,
145,147,99,
146,2,31,
146,3,6,
146,10,57,
146,11,18,
146,12,154,
146,18,123,
146,30,131,
146,51,141,
146,54,110,
146,54,146,
146,57,71,
146,60,55,
146,96,19,
146,104,94,
146,109,28,
146,147,157,
147,1,127,
147,2,6,
147,11,30,
147,14,51,
147,16,23,
147,23,25,
147,30,19,
147,30,107,
147,43,152,
147,45,79,
147,45,144,
147,49,125,
147,51,145,
147,52,1,
147,58,19,
147,63,14,
147,74,157,
147,77,48,
147,95,103,
147,95,104,
147,97,156,
147,103,96,
147,112,100,
147,113,69,
147,116,106,
147,125,82,
147,126,83,
147,127,140,
147,127,147,
147,128,115,
147,129,33,
147,142,66,
147,149,71,
147,151,119,
148,10,115,
148,10,149,
148,14,73,
148,18,70,
148,28,86,
148,29,62,
148,29,159,
148,38,142,
148,41,40,
148,43,65,
148,45,143,
148,48,19,
148,64,148,
148,65,1,
148,77,93,
148,79,28,
148,81,14,
148,81,124,
148,83,32,
148,84,72,
148,88,85,
148,96,70,
148,100,48,
148,101,150,
148,103,48,
148,103,140,
148,110,26,
148,114,38,
148,148,120,
148,149,31,
148,157,35,
148,158,66,
148,159,75,
149,2,142,
149,9,87,
149,17,83,
149,19,25,
149,20,40,
149,29,60,
149,30,156,
149,34,76,
149,37,134,
149,42,135,
149,47,125,
149,61,145,
149,64,24,
149,65,65,
149,66,135,
149,89,38,
149,101,156,
149,110,41,
149,116,51,
149,119,43,
149,125,148,
149,127,118,
149,131,80,
149,141,116,
149,147,11,
149,153,141,
149,155,60,
150,2,64,
150,4,139,
150,24,30,
150,51,52,
150,54,17,
150,59,126,
150,74,120,
150,94,18,
150,94,26,
150,97,100,
150,98,106,
150,99,47,
150,103,79,
150,106,119,
150,115,131,
150,133,16,
150,142,2,
150,144,66,
150,144,86,
151,13,46,
151,27,75,
151,43,64,
151,46,56,
151,50,149,
151,55,147,
151,60,157,
151,63,125,
151,66,40,
151,72,26,
151,73,78,
151,74,81,
151,82,153,
151,86,4,
151,95,64,
151,95,70,
151,95,88,
151,96,56,
151,98,114,
151,100,79,
151,112,73,
151,118,123,
151,119,9,
151,132,51,
151,135,113,
151,136,88,
151,151,105,
152,3,71,
152,4,1,
152,13,70,
152,23,23,
152,23,137,
152,35,53,
152,36,81,
152,43,143,
152,52,56,
152,54,116,
152,60,126,
152,71,85,
152,84,40,
152,86,75,
152,89,125,
152,95,140,
152,96,48,
152,103,156,
152,104,48,
152,104,153,
152,109,138,
152,112,152,
152,128,73,
152,131,3,
152,134,45,
152,141,48,
152,156,119,
152,157,14,
153,8,129,
153,15,22,
153,16,71,
153,20,110,
153,25,136,
153,29,14,
153,32,14,
153,44,12,
153,50,37,
153,51,28,
153,71,31,
153,102,19,
153,110,126,
153,118,74,
153,123,9,
153,124,135,
153,132,135,
153,138,3,
153,149,118,
153,152,50,
154,4,59,
154,17,33,
154,34,47,
154,43,89,
154,48,100,
154,50,12,
154,50,54,
154,56,63,
154,61,152,
154,72,4,
154,78,131,
154,79,33,
154,86,93,
154,87,144,
154,89,50,
154,92,77,
154,94,64,
154,100,143,
154,101,40,
154,110,80,
154,115,131,
154,124,148,
154,126,116,
154,136,114,
154,137,96,
154,139,106,
154,154,147,
154,157,48,
155,25,70,
155,27,15,
155,34,144,
155,35,38,
155,36,8,
155,36,120,
155,37,56,
155,41,158,
155,45,16,
155,60,14,
155,66,48,
155,73,120,
155,75,11,
155,86,33,
155,87,4,
155,90,87,
155,92,156,
155,114,112,
155,117,107,
155,121,87,
155,128,144,
155,133,27,
155,134,127,
155,136,158,
155,139,78,
155,142,110,
155,146,159,
155,147,19,
156,2,39,
156,4,66,
156,11,81,
156,18,81,
156,21,96,
156,35,107,
156,42,108,
156,43,36,
156,46,73,
156,74,86,
156,76,15,
156,104,123,
156,105,110,
156,108,45,
156,112,3,
156,131,26,
156,133,85,
156,138,55,
156,141,67,
156,151,39,
156,156,84,
157,4,98,
157,5,158,
157,6,123,
157,14,7,
157,17,49,
157,27,154,
157,43,69,
157,56,36,
157,65,16,
157,71,103,
157,75,126,
157,83,117,
157,88,79,
157,88,154,
157,96,38,
157,100,96,
157,108,91,
157,118,32,
157,130,80,
157,138,59,
157,142,40,
157,147,35,
157,147,50,
157,149,60,
158,9,121,
158,12,49,
158,12,91,
158,14,34,
158,29,48,
158,33,74,
158,33,144,
158,34,92,
158,41,111,
158,43,94,
158,57,19,
158,57,36,
158,63,47,
158,65,116,
158,68,150,
158,73,120,
158,94,0,
158,94,59,
158,94,137,
158,99,97,
158,105,72,
158,106,76,
158,110,111,
158,111,74,
158,128,141,
158,139,50,
158,139,114,
158,151,141,
158,158,111,
158,159,37,
159,7,91,
159,9,24,
159,10,155,
159,20,42,
159,22,2,
159,23,9,
159,24,36,
159,29,27,
159,30,101,
159,30,141,
159,39,50,
159,41,118,
159,47,110,
159,60,110,
159,64,4,
159,67,101,
159,69,71,
159,72,40,
159,79,82,
159,81,104,
159,86,129,
159,97,31,
159,119,54,
159,120,113,
159,121,21,
159,121,148,
159,122,98,
159,127,10,
159,129,81,
159,132,55,
159,137,108,
159,139,12,
159,152,30,
159,152,37,
159,154,71,
159,155,59,
159,156,139,
159,159,51,
