0,1,83,
0,3,99,
0,4,42,
0,8,57,
0,9,78,
0,27,55,
0,27,129,
0,29,124,
0,30,93,
0,32,39,
0,40,46,
0,44,153,
0,50,52,
0,52,79,
0,52,100,
0,55,85,
0,58,32,
0,59,155,
0,72,135,
0,77,116,
0,86,97,
0,88,40,
0,94,84,
0,96,10,
0,113,122,
0,137,150,
0,147,77,
0,148,123,
0,148,159,
1,0,73,
1,22,65,
1,28,140,
1,30,87,
1,31,15,
1,33,151,
1,35,117,
1,36,136,
1,38,133,
1,52,88,
1,53,115,
1,55,86,
1,68,27,
1,69,109,
1,71,137,
1,76,149,
1,78,136,
1,79,71,
1,84,123,
1,88,36,
1,96,79,
1,111,118,
1,130,86,
1,130,102,
1,145,91,
1,154,22,
2,2,81,
2,4,25,
2,8,12,
2,14,97,
2,15,32,
2,22,97,
2,27,2,
2,27,5,
2,41,80,
2,42,30,
2,62,23,
2,63,32,
2,64,63,
2,79,54,
2,82,56,
2,91,5,
2,93,112,
2,111,63,
2,120,73,
2,134,94,
2,142,16,
2,145,82,
2,155,11,
2,158,40,
3,1,87,
3,33,109,
3,36,7,
3,36,58,
3,42,90,
3,46,110,
3,54,147,
3,55,93,
3,57,23,
3,58,133,
3,73,67,
3,75,156,
3,76,23,
3,79,34,
3,90,3,
3,102,131,
3,135,124,
3,147,142,
3,155,16,
3,157,56,
3,158,101,
4,10,110,
4,13,101,
4,27,103,
4,29,38,
4,30,101,
4,34,133,
4,46,69,
4,52,104,
4,53,133,
4,58,37,
4,62,85,
4,71,98,
4,71,139,
4,72,14,
4,77,91,
4,79,99,
4,81,41,
4,96,39,
4,105,80,
4,123,69,
4,128,48,
4,147,77,
4,157,105,
5,5,122,
5,9,78,
5,10,56,
5,37,29,
5,37,152,
5,39,88,
5,40,68,
5,46,66,
5,46,104,
5,49,78,
5,53,69,
5,55,122,
5,75,94,
5,83,22,
5,89,18,
5,91,52,
5,124,77,
5,127,152,
5,130,61,
5,143,29,
5,144,112,
5,149,78,
5,153,120,
6,3,86,
6,33,62,
6,34,137,
6,39,157,
6,50,31,
6,52,105,
6,60,41,
6,66,67,
6,72,112,
6,85,102,
6,86,124,
6,96,137,
6,99,102,
6,102,135,
6,109,157,
6,113,153,
6,118,10,
6,128,120,
6,130,123,
6,134,29,
6,140,78,
6,141,74,
6,147,141,
6,150,75,
6,156,100,
7,1,52,
7,3,92,
7,3,95,
7,7,115,
7,14,91,
7,17,124,
7,25,70,
7,28,22,
7,37,146,
7,43,83,
7,46,65,
7,57,112,
7,61,38,
7,63,159,
7,95,146,
7,120,115,
7,122,72,
7,125,111,
7,129,116,
7,134,23,
7,136,35,
7,143,112,
7,159,85,
8,13,55,
8,14,38,
8,40,123,
8,41,127,
8,50,99,
8,52,145,
8,54,33,
8,62,3,
8,72,111,
8,77,88,
8,78,152,
8,87,82,
8,92,55,
8,94,153,
8,96,128,
8,101,70,
8,111,43,
8,112,97,
8,114,67,
8,115,36,
8,123,53,
8,125,127,
8,134,96,
8,147,96,
8,147,127,
8,153,99,
9,9,159,
9,13,157,
9,23,136,
9,24,48,
9,24,53,
9,30,89,
9,31,53,
9,40,45,
9,44,148,
9,65,0,
9,69,25,
9,72,27,
9,84,21,
9,98,113,
9,101,7,
9,105,21,
9,105,78,
9,110,65,
9,113,87,
9,116,106,
9,123,156,
9,125,32,
9,129,139,
9,130,3,
9,134,33,
9,138,145,
9,141,86,
9,143,77,
9,147,71,
9,149,33,
9,153,7,
9,153,28,
10,15,9,
10,16,88,
10,16,105,
10,21,82,
10,32,135,
10,46,7,
10,65,75,
10,69,128,
10,73,78,
10,89,45,
10,110,97,
10,114,60,
10,135,123,
10,143,47,
10,154,76,
11,4,31,
11,6,68,
11,7,68,
11,8,6,
11,19,90,
11,33,94,
11,36,117,
11,59,111,
11,63,142,
11,104,144,
11,110,127,
11,113,47,
11,115,116,
11,117,46,
11,117,92,
11,119,141,
11,120,105,
11,121,82,
11,130,123,
11,133,72,
11,159,128,
12,4,36,
12,7,54,
12,13,48,
12,16,59,
12,19,47,
12,19,157,
12,21,74,
12,33,79,
12,37,71,
12,38,7,
12,46,65,
12,47,83,
12,51,28,
12,59,83,
12,67,43,
12,77,20,
12,78,70,
12,82,95,
12,95,32,
12,99,40,
12,100,66,
12,100,156,
12,106,16,
12,113,105,
12,122,60,
12,125,6,
12,128,136,
12,134,159,
12,146,25,
12,151,113,
12,154,140,
13,20,94,
13,21,71,
13,29,151,
13,35,62,
13,36,23,
13,43,66,
13,50,102,
13,61,72,
13,71,46,
13,72,159,
13,74,97,
13,76,21,
13,82,156,
13,94,158,
13,101,132,
13,114,43,
13,116,1,
13,122,12,
13,125,75,
13,127,98,
13,144,146,
13,148,65,
13,148,123,
13,158,148,
14,4,107,
14,7,63,
14,11,122,
14,14,70,
14,18,139,
14,19,5,
14,28,159,
14,40,9,
14,43,84,
14,49,125,
14,50,8,
14,55,18,
14,62,63,
14,71,68,
14,75,36,
14,77,82,
14,82,44,
14,85,70,
14,105,14,
14,110,49,
14,112,4,
14,118,15,
14,128,100,
14,144,19,
14,156,41,
14,156,65,
15,0,134,
15,13,103,
15,31,155,
15,34,33,
15,39,117,
15,47,11,
15,48,71,
15,61,61,
15,62,96,
15,65,71,
15,70,7,
15,73,6,
15,76,66,
15,84,119,
15,86,125,
15,90,66,
15,93,72,
15,100,23,
15,113,121,
15,124,44,
15,137,11,
15,138,4,
15,144,76,
15,154,53,
16,4,139,
16,12,31,
16,19,146,
16,22,42,
16,38,74,
16,39,1,
16,46,0,
16,51,37,
16,51,97,
16,52,135,
16,53,124,
16,59,144,
16,60,136,
16,64,152,
16,66,56,
16,67,21,
16,93,49,
16,98,28,
16,98,86,
16,104,115,
16,110,2,
16,115,119,
16,126,121,
16,136,43,
16,137,74,
16,146,120,
17,5,25,
17,13,92,
17,15,90,
17,23,88,
17,28,49,
17,30,130,
17,39,62,
17,40,110,
17,54,147,
17,58,147,
17,62,153,
17,65,132,
17,68,58,
17,94,159,
17,98,144,
17,103,94,
17,108,148,
17,110,42,
17,117,70,
17,134,33,
17,139,151,
17,146,42,
17,149,46,
17,152,74,
17,153,17,
18,5,154,
18,7,40,
18,8,113,
18,18,2,
18,19,25,
18,38,140,
18,48,12,
18,55,107,
18,63,68,
18,68,39,
18,69,158,
18,75,139,
18,97,12,
18,105,83,
18,106,3,
18,108,143,
18,109,114,
18,126,11,
18,142,60,
18,155,64,
18,158,49,
19,0,90,
19,7,12,
19,8,118,
19,12,33,
19,13,50,
19,18,140,
19,24,145,
19,26,40,
19,28,128,
19,30,79,
19,36,28,
19,41,49,
19,45,69,
19,57,157,
19,61,98,
19,65,84,
19,67,73,
19,70,40,
19,88,20,
19,94,29,
19,112,121,
19,121,84,
19,127,69,
19,129,151,
19,135,74,
20,1,151,
20,7,49,
20,13,6,
20,28,59,
20,36,42,
20,40,59,
20,47,101,
20,58,1,
20,64,47,
20,69,95,
20,73,156,
20,76,15,
20,78,66,
20,83,56,
20,87,101,
20,93,122,
20,108,110,
20,109,32,
20,109,130,
20,112,68,
20,120,27,
20,123,159,
20,125,158,
20,130,26,
20,131,24,
20,133,84,
20,140,11,
20,141,103,
20,142,154,
20,156,11,
20,156,12,
21,6,0,
21,14,121,
21,16,46,
21,29,122,
21,29,155,
21,32,66,
21,33,20,
21,39,10,
21,42,111,
21,42,117,
21,51,74,
21,53,7,
21,55,128,
21,61,24,
21,62,80,
21,77,135,
21,79,150,
21,83,89,
21,91,115,
21,100,69,
21,117,114,
21,123,44,
21,126,135,
21,127,158,
21,130,40,
21,136,101,
21,137,54,
21,144,107,
21,146,148,
21,148,134,
21,154,47,
22,11,2,
22,18,60,
22,26,140,
22,30,73,
22,32,107,
22,34,134,
22,57,47,
22,67,147,
22,79,124,
22,88,128,
22,90,48,
22,102,53,
22,105,81,
22,113,10,
22,114,114,
22,118,97,
22,121,75,
22,123,64,
22,129,59,
22,134,27,
22,140,110,
22,141,48,
22,154,0,
22,157,18,
23,23,6,
23,24,112,
23,29,19,
23,30,18,
23,44,5,
23,46,23,
23,50,156,
23,52,38,
23,56,12,
23,94,117,
23,113,102,
23,117,13,
23,122,153,
23,128,37,
23,132,26,
23,152,134,
23,153,112,
24,0,24,
24,11,84,
24,24,83,
24,32,142,
24,36,134,
24,37,66,
24,39,56,
24,61,110,
24,62,44,
24,66,55,
24,74,146,
24,77,107,
24,79,55,
24,104,93,
24,115,45,
24,115,63,
24,126,155,
24,141,82,
24,153,64,
25,2,30,
25,8,82,
25,11,102,
25,13,13,
25,13,64,
25,17,43,
25,31,144,
25,36,147,
25,38,149,
25,40,95,
25,41,87,
25,65,78,
25,73,52,
25,75,73,
25,79,46,
25,84,58,
25,97,100,
25,100,42,
25,104,29,
25,104,65,
25,105,156,
25,110,138,
25,112,51,
25,114,96,
25,120,96,
25,149,121,
25,154,154,
25,159,17,
26,6,137,
26,13,121,
26,20,26,
26,23,71,
26,24,96,
26,32,57,
26,38,155,
26,42,53,
26,49,93,
26,55,104,
26,69,127,
26,72,59,
26,90,155,
26,93,118,
26,96,18,
26,97,83,
26,99,59,
26,100,129,
26,105,121,
26,134,95,
26,135,99,
26,142,146,
26,157,102,
27,4,106,
27,7,104,
27,21,96,
27,26,137,
27,31,12,
27,33,41,
27,76,76,
27,81,87,
27,88,122,
27,112,130,
27,124,57,
27,125,100,
27,126,125,
27,135,110,
27,140,29,
27,141,11,
27,151,66,
27,158,109,
28,5,23,
28,14,126,
28,21,127,
28,25,59,
28,28,29,
28,36,14,
28,40,90,
28,45,46,
28,45,140,
28,52,91,
28,59,87,
28,69,136,
28,70,100,
28,76,99,
28,77,130,
28,84,150,
28,85,10,
28,92,86,
28,93,1,
28,101,116,
28,104,24,
28,109,23,
28,116,83,
28,126,100,
28,130,68,
28,159,129,
29,12,42,
29,18,123,
29,29,17,
29,37,131,
29,38,107,
29,41,63,
29,49,118,
29,50,124,
29,50,134,
29,70,118,
29,71,139,
29,74,140,
29,78,102,
29,90,146,
29,95,103,
29,98,82,
29,107,69,
29,124,129,
29,124,159,
29,125,137,
29,144,121,
29,146,7,
29,157,94,
30,4,88,
30,8,31,
30,9,103,
30,11,117,
30,29,115,
30,32,138,
30,38,144,
30,42,15,
30,51,56,
30,54,0,
30,54,8,
30,56,89,
30,74,48,
30,81,53,
30,81,71,
30,90,78,
30,100,143,
30,106,11,
30,118,39,
30,121,5,
30,122,71,
30,129,102,
30,137,127,
30,147,146,
30,149,16,
30,151,56,
30,154,146,
30,155,146,
30,159,38,
31,4,22,
31,4,31,
31,17,30,
31,34,74,
31,51,37,
31,64,78,
31,75,99,
31,75,126,
31,84,71,
31,87,7,
31,96,95,
31,96,134,
31,99,58,
31,105,15,
31,114,147,
31,135,10,
31,148,124,
31,157,69,
32,11,7,
32,14,22,
32,27,129,
32,31,111,
32,33,132,
32,48,121,
32,51,100,
32,64,77,
32,79,5,
32,87,158,
32,88,68,
32,89,103,
32,90,153,
32,94,56,
32,98,48,
32,107,134,
32,125,139,
32,131,88,
32,140,90,
32,146,112,
32,151,92,
32,151,108,
32,153,129,
32,158,22,
33,11,21,
33,18,65,
33,21,142,
33,23,158,
33,24,117,
33,24,129,
33,25,140,
33,29,100,
33,30,94,
33,30,127,
33,31,11,
33,35,23,
33,38,121,
33,40,33,
33,43,104,
33,49,85,
33,51,54,
33,61,40,
33,61,140,
33,78,152,
33,80,58,
33,91,159,
33,93,18,
33,103,11,
33,103,26,
33,109,84,
33,119,125,
33,125,93,
33,128,33,
33,131,77,
33,132,106,
33,156,47,
33,159,131,
34,0,139,
34,2,93,
34,7,28,
34,7,147,
34,10,116,
34,13,127,
34,22,45,
34,24,130,
34,27,41,
34,39,123,
34,42,80,
34,52,12,
34,52,15,
34,52,81,
34,69,22,
34,72,138,
34,79,70,
34,83,0,
34,83,15,
34,85,25,
34,87,138,
34,90,147,
34,93,101,
34,93,141,
34,95,28,
34,100,96,
34,103,54,
34,107,71,
34,111,18,
34,115,104,
34,121,45,
34,123,67,
34,125,24,
34,127,133,
34,131,129,
34,133,1,
34,138,25,
34,145,89,
34,148,3,
34,154,14,
35,2,70,
35,18,126,
35,21,123,
35,27,87,
35,29,35,
35,34,99,
35,41,66,
35,41,90,
35,49,156,
35,54,14,
35,72,106,
35,73,139,
35,74,47,
35,76,49,
35,77,76,
35,78,29,
35,78,130,
35,78,152,
35,85,22,
35,94,10,
35,98,14,
35,101,70,
35,103,113,
35,111,78,
35,126,63,
35,126,143,
35,133,124,
35,136,4,
35,137,66,
35,143,19,
35,146,35,
35,150,69,
35,153,114,
35,158,118,
36,16,49,
36,18,149,
36,22,69,
36,23,60,
36,43,17,
36,53,122,
36,53,147,
36,62,105,
36,85,125,
36,92,104,
36,99,38,
36,101,119,
36,104,100,
36,115,77,
36,116,5,
36,128,133,
36,132,101,
36,145,147,
36,148,60,
36,151,134,
36,155,52,
37,5,54,
37,16,21,
37,22,16,
37,36,37,
37,36,128,
37,47,92,
37,53,33,
37,60,75,
37,67,124,
37,71,63,
37,83,79,
37,87,18,
37,96,149,
37,110,151,
37,111,125,
37,115,134,
37,119,63,
37,128,96,
37,133,117,
37,142,19,
37,152,1,
38,1,93,
38,1,140,
38,13,33,
38,19,32,
38,27,68,
38,32,72,
38,35,125,
38,40,93,
38,48,46,
38,48,136,
38,53,112,
38,80,83,
38,87,92,
38,90,28,
38,108,153,
38,112,154,
38,114,67,
38,121,39,
38,127,95,
38,128,96,
38,132,88,
38,133,86,
38,137,10,
38,144,1,
38,149,93,
38,151,104,
39,1,3,
39,2,39,
39,2,47,
39,3,117,
39,8,129,
39,14,88,
39,15,95,
39,41,82,
39,50,132,
39,52,111,
39,52,119,
39,55,76,
39,61,130,
39,63,141,
39,65,159,
39,69,112,
39,80,157,
39,89,43,
39,92,37,
39,99,106,
39,103,47,
39,112,125,
39,117,150,
39,123,86,
39,126,7,
39,143,113,
39,150,85,
39,157,48,
39,157,71,
39,157,92,
40,10,96,
40,13,81,
40,13,144,
40,14,14,
40,18,19,
40,26,24,
40,28,21,
40,30,148,
40,37,54,
40,44,63,
40,44,89,
40,44,122,
40,46,65,
40,63,62,
40,75,1,
40,81,152,
40,84,91,
40,89,35,
40,90,155,
40,91,47,
40,95,126,
40,109,111,
40,128,144,
40,132,43,
40,140,70,
40,143,106,
40,157,141,
41,7,153,
41,16,95,
41,23,3,
41,40,3,
41,41,10,
41,45,118,
41,47,98,
41,56,110,
41,59,0,
41,62,11,
41,68,74,
41,70,34,
41,73,70,
41,75,154,
41,94,92,
41,96,25,
41,101,65,
41,109,95,
41,111,8,
41,119,70,
41,131,139,
41,133,136,
41,144,111,
41,144,143,
41,148,134,
41,159,35,
42,21,50,
42,21,141,
42,23,35,
42,27,103,
42,31,154,
42,33,84,
42,45,56,
42,52,149,
42,57,156,
42,68,98,
42,69,49,
42,71,36,
42,71,135,
42,73,73,
42,75,77,
42,76,38,
42,76,61,
42,79,116,
42,83,11,
42,111,110,
42,114,10,
42,121,82,
42,121,125,
42,130,150,
42,137,62,
42,145,42,
42,150,99,
42,150,120,
42,157,108,
43,5,64,
43,10,110,
43,19,118,
43,21,65,
43,46,113,
43,51,27,
43,53,17,
43,54,143,
43,67,62,
43,67,132,
43,68,115,
43,72,50,
43,72,159,
43,74,19,
43,82,54,
43,82,105,
43,84,127,
43,90,66,
43,90,96,
43,105,58,
43,109,100,
43,114,119,
43,116,26,
43,119,7,
43,126,57,
43,134,115,
43,144,154,
43,146,105,
43,149,49,
43,152,67,
43,152,105,
44,1,7,
44,5,93,
44,13,73,
44,26,84,
44,30,120,
44,49,89,
44,52,60,
44,78,80,
44,82,65,
44,96,105,
44,96,115,
44,103,123,
44,129,69,
44,130,71,
44,135,128,
44,137,100,
44,143,32,
44,157,114,
45,1,58,
45,6,35,
45,11,72,
45,29,94,
45,40,57,
45,41,0,
45,59,99,
45,65,78,
45,75,26,
45,84,43,
45,96,155,
45,102,35,
45,109,115,
45,112,80,
45,121,71,
45,136,108,
45,137,82,
45,142,66,
45,148,157,
45,150,82,
46,0,126,
46,1,82,
46,20,4,
46,22,40,
46,30,69,
46,30,85,
46,38,129,
46,43,13,
46,43,24,
46,53,149,
46,64,32,
46,66,33,
46,68,137,
46,71,76,
46,80,50,
46,82,124,
46,88,14,
46,100,71,
46,106,75,
46,110,122,
46,111,6,
46,113,39,
46,134,153,
46,145,158,
46,158,117,
46,159,101,
46,159,103,
47,5,20,
47,7,54,
47,7,105,
47,16,85,
47,26,141,
47,29,147,
47,36,62,
47,43,4,
47,44,131,
47,45,140,
47,60,16,
47,63,44,
47,70,159,
47,76,44,
47,77,9,
47,78,74,
47,86,53,
47,95,87,
47,97,8,
47,110,145,
47,115,38,
47,116,25,
47,117,120,
47,123,12,
47,124,51,
47,124,106,
47,139,112,
47,148,10,
47,149,74,
47,154,8,
47,157,88,
48,5,74,
48,11,149,
48,13,129,
48,15,155,
48,17,60,
48,19,3,
48,27,84,
48,36,2,
48,41,0,
48,69,34,
48,77,118,
48,77,154,
48,78,55,
48,78,146,
48,80,95,
48,82,21,
48,82,48,
48,84,89,
48,96,121,
48,104,146,
48,105,25,
48,122,32,
48,133,94,
48,138,54,
48,141,124,
48,145,118,
48,148,21,
48,150,156,
49,2,100,
49,8,92,
49,13,77,
49,20,33,
49,26,120,
49,27,142,
49,36,138,
49,37,117,
49,69,127,
49,74,85,
49,77,87,
49,78,13,
49,83,12,
49,90,78,
49,115,57,
49,125,15,
49,132,102,
49,134,33,
49,139,109,
49,141,55,
49,144,4,
49,144,118,
49,145,138,
49,154,13,
50,5,0,
50,6,105,
50,21,84,
50,36,66,
50,36,125,
50,39,15,
50,43,158,
50,46,40,
50,57,103,
50,64,84,
50,82,56,
50,105,85,
50,107,21,
50,110,82,
50,116,108,
50,129,69,
50,149,33,
50,150,96,
50,153,8,
51,0,132,
51,1,35,
51,3,139,
51,4,85,
51,8,119,
51,9,151,
51,13,119,
51,16,127,
51,24,6,
51,41,109,
51,49,100,
51,49,110,
51,60,41,
51,68,136,
51,70,11,
51,70,140,
51,80,51,
51,84,92,
51,88,83,
51,95,17,
51,107,1,
51,113,116,
51,117,33,
51,126,7,
51,153,10,
52,1,19,
52,9,127,
52,24,47,
52,33,153,
52,34,51,
52,40,22,
52,43,49,
52,44,5,
52,46,110,
52,51,76,
52,63,34,
52,72,134,
52,82,7,
52,85,8,
52,86,117,
52,93,15,
52,93,40,
52,95,148,
52,96,63,
52,108,54,
52,116,14,
52,116,125,
52,121,102,
52,123,100,
52,146,143,
52,154,13,
53,3,140,
53,4,62,
53,7,157,
53,9,136,
53,13,33,
53,16,127,
53,38,95,
53,43,82,
53,44,94,
53,45,91,
53,55,22,
53,59,91,
53,62,46,
53,68,6,
53,70,1,
53,75,93,
53,84,149,
53,90,145,
53,98,64,
53,100,68,
53,108,12,
53,113,66,
53,123,42,
53,124,17,
53,130,149,
53,133,102,
53,139,148,
53,145,141,
53,149,71,
53,159,25,
54,5,10,
54,10,151,
54,23,73,
54,28,77,
54,35,39,
54,35,126,
54,44,24,
54,53,158,
54,57,87,
54,59,91,
54,59,128,
54,86,41,
54,89,34,
54,97,135,
54,98,125,
54,101,133,
54,112,24,
54,115,81,
54,126,32,
54,134,126,
54,136,37,
54,142,8,
54,143,44,
54,148,81,
54,156,57,
54,156,146,
55,2,132,
55,4,62,
55,8,147,
55,11,111,
55,14,57,
55,17,53,
55,35,31,
55,40,30,
55,59,55,
55,78,130,
55,80,121,
55,86,53,
55,87,1,
55,89,44,
55,93,25,
55,94,156,
55,104,141,
55,117,61,
55,118,4,
55,135,72,
55,142,148,
55,145,82,
55,148,14,
55,149,137,
55,150,139,
55,151,79,
56,0,142,
56,11,73,
56,12,53,
56,14,158,
56,22,3,
56,23,85,
56,24,11,
56,26,84,
56,35,20,
56,46,25,
56,49,147,
56,52,159,
56,54,137,
56,67,7,
56,69,69,
56,73,115,
56,76,60,
56,77,49,
56,86,136,
56,88,89,
56,89,36,
56,97,111,
56,98,91,
56,101,157,
56,120,145,
56,128,69,
56,129,121,
56,130,80,
56,143,150,
56,144,24,
56,153,67,
57,4,65,
57,14,5,
57,18,135,
57,22,78,
57,31,30,
57,32,20,
57,36,32,
57,36,92,
57,40,87,
57,45,12,
57,50,48,
57,52,4,
57,53,111,
57,68,21,
57,70,122,
57,72,95,
57,87,137,
57,97,25,
57,99,153,
57,103,2,
57,111,7,
57,111,55,
57,121,96,
57,147,73,
57,152,76,
57,155,11,
57,156,111,
57,158,103,
58,4,91,
58,18,5,
58,18,17,
58,22,69,
58,24,111,
58,37,51,
58,37,117,
58,49,104,
58,51,39,
58,62,11,
58,68,100,
58,83,64,
58,90,128,
58,97,9,
58,98,126,
58,103,82,
58,112,86,
58,119,6,
58,120,52,
58,120,115,
58,126,73,
58,128,103,
58,133,92,
58,134,67,
58,135,150,
58,142,76,
58,144,30,
59,18,35,
59,19,37,
59,28,0,
59,37,49,
59,37,113,
59,42,16,
59,57,12,
59,58,63,
59,59,1,
59,65,90,
59,65,132,
59,65,143,
59,74,115,
59,84,81,
59,93,9,
59,93,78,
59,96,152,
59,97,107,
59,102,71,
59,107,128,
59,116,146,
59,118,3,
59,120,13,
59,130,89,
59,133,140,
59,134,112,
59,137,118,
59,138,53,
59,139,122,
59,143,14,
59,146,91,
59,150,126,
59,153,127,
60,4,136,
60,9,4,
60,13,61,
60,20,56,
60,21,134,
60,27,108,
60,29,151,
60,30,116,
60,35,49,
60,39,7,
60,47,33,
60,52,31,
60,57,118,
60,66,19,
60,69,11,
60,71,102,
60,71,115,
60,77,81,
60,96,16,
60,96,115,
60,101,106,
60,111,130,
60,136,57,
60,146,38,
60,147,22,
61,7,8,
61,19,101,
61,21,143,
61,23,115,
61,32,106,
61,35,55,
61,44,2,
61,48,34,
61,59,109,
61,61,4,
61,66,93,
61,69,37,
61,88,132,
61,94,4,
61,137,52,
61,138,84,
61,146,159,
61,154,107,
61,154,122,
62,2,17,
62,8,119,
62,20,48,
62,24,86,
62,47,116,
62,52,149,
62,59,105,
62,60,47,
62,71,111,
62,81,55,
62,84,19,
62,108,81,
62,119,114,
62,119,120,
62,124,95,
62,132,106,
62,135,40,
62,145,89,
62,150,40,
62,155,111,
62,156,154,
63,3,62,
63,4,131,
63,5,45,
63,7,33,
63,12,85,
63,23,55,
63,25,95,
63,30,111,
63,37,83,
63,38,131,
63,41,111,
63,44,44,
63,52,79,
63,54,111,
63,61,1,
63,61,31,
63,67,73,
63,68,5,
63,80,146,
63,87,50,
63,88,92,
63,99,54,
63,111,31,
63,111,59,
63,112,145,
63,113,105,
63,134,97,
63,135,105,
63,141,115,
63,152,31,
63,153,74,
63,157,33,
63,157,133,
64,4,65,
64,8,4,
64,9,79,
64,20,3,
64,21,116,
64,33,137,
64,33,154,
64,51,108,
64,52,105,
64,57,14,
64,69,88,
64,71,153,
64,76,73,
64,76,87,
64,80,84,
64,89,102,
64,129,122,
64,130,100,
64,133,129,
64,134,11,
64,135,159,
64,137,34,
64,138,45,
64,139,38,
64,147,125,
64,156,100,
64,158,78,
65,2,81,
65,3,28,
65,7,0,
65,19,103,
65,28,33,
65,30,111,
65,36,42,
65,43,48,
65,54,84,
65,55,18,
65,56,47,
65,58,74,
65,60,134,
65,70,159,
65,72,80,
65,73,135,
65,78,91,
65,92,68,
65,92,73,
65,106,121,
65,111,56,
65,123,144,
65,127,45,
65,129,64,
65,141,2,
65,148,101,
65,157,13,
65,158,33,
65,158,84,
66,1,40,
66,8,84,
66,12,150,
66,29,2,
66,47,140,
66,49,131,
66,56,24,
66,63,69,
66,72,131,
66,76,69,
66,76,143,
66,83,9,
66,95,52,
66,96,94,
66,97,86,
66,102,124,
66,103,12,
66,112,35,
66,116,45,
66,120,148,
66,121,60,
66,122,25,
66,134,109,
66,135,85,
66,143,79,
66,147,103,
66,148,54,
66,148,141,
66,149,123,
66,152,44,
67,4,154,
67,11,117,
67,19,106,
67,36,25,
67,36,65,
67,48,109,
67,48,154,
67,58,141,
67,61,0,
67,64,40,
67,70,151,
67,80,52,
67,81,57,
67,82,148,
67,102,72,
67,107,54,
67,110,9,
67,112,110,
67,115,69,
67,134,47,
67,143,3,
67,147,85,
67,154,151,
68,4,60,
68,5,28,
68,15,18,
68,19,117,
68,23,75,
68,29,18,
68,32,64,
68,43,40,
68,45,13,
68,47,88,
68,47,148,
68,48,159,
68,49,156,
68,50,29,
68,51,12,
68,57,133,
68,76,109,
68,86,117,
68,95,116,
68,98,87,
68,99,73,
68,109,74,
68,110,114,
68,113,6,
68,124,116,
68,128,83,
68,128,85,
68,143,112,
68,149,55,
68,151,73,
68,152,142,
69,15,107,
69,24,129,
69,25,158,
69,28,28,
69,40,87,
69,42,8,
69,50,71,
69,50,135,
69,52,132,
69,56,45,
69,63,0,
69,73,64,
69,73,154,
69,79,76,
69,98,100,
69,99,153,
69,102,24,
69,143,46,
69,145,127,
69,149,79,
70,1,33,
70,1,102,
70,1,138,
70,2,38,
70,7,152,
70,11,78,
70,13,128,
70,25,121,
70,28,18,
70,31,46,
70,32,147,
70,38,123,
70,45,16,
70,61,62,
70,83,20,
70,97,130,
70,101,9,
70,107,88,
70,108,112,
70,115,47,
70,120,9,
70,125,0,
70,133,7,
70,138,140,
70,144,73,
70,149,157,
70,155,35,
71,4,159,
71,18,62,
71,19,41,
71,33,46,
71,33,73,
71,36,73,
71,51,40,
71,54,104,
71,58,33,
71,60,79,
71,61,149,
71,68,68,
71,71,79,
71,74,112,
71,77,77,
71,82,49,
71,93,99,
71,100,57,
71,108,148,
71,113,29,
71,117,92,
71,128,127,
71,140,122,
72,6,151,
72,14,66,
72,19,101,
72,23,25,
72,26,62,
72,30,33,
72,32,86,
72,55,35,
72,59,16,
72,85,61,
72,96,88,
72,98,62,
72,99,23,
72,102,16,
72,103,13,
72,103,92,
72,104,9,
72,107,155,
72,108,48,
72,120,11,
72,122,80,
72,123,37,
72,130,29,
72,130,36,
72,132,144,
72,147,86,
72,158,98,
73,5,41,
73,12,26,
73,17,101,
73,22,126,
73,23,155,
73,26,104,
73,28,3,
73,38,32,
73,42,25,
73,44,133,
73,45,36,
73,48,38,
73,48,119,
73,54,54,
73,57,64,
73,57,82,
73,66,149,
73,80,95,
73,89,75,
73,93,147,
73,117,36,
73,122,82,
73,131,114,
73,136,87,
73,137,97,
73,156,52,
73,156,61,
74,3,155,
74,5,141,
74,18,83,
74,22,43,
74,25,86,
74,33,109,
74,44,61,
74,54,47,
74,58,7,
74,61,126,
74,64,124,
74,70,41,
74,78,116,
74,79,52,
74,80,79,
74,86,101,
74,91,99,
74,117,88,
74,122,113,
74,131,21,
74,137,151,
74,146,59,
74,146,83,
74,148,92,
74,157,20,
74,158,112,
74,159,146,
75,3,144,
75,5,111,
75,7,105,
75,18,47,
75,19,11,
75,40,133,
75,57,117,
75,69,49,
75,69,138,
75,74,59,
75,89,99,
75,106,75,
75,131,39,
75,132,67,
75,132,153,
75,148,57,
75,149,114,
75,155,68,
76,0,154,
76,5,53,
76,10,85,
76,13,69,
76,16,157,
76,19,146,
76,20,20,
76,26,127,
76,27,112,
76,29,103,
76,37,2,
76,51,107,
76,55,73,
76,64,98,
76,68,131,
76,71,55,
76,86,141,
76,88,21,
76,90,151,
76,97,88,
76,107,129,
76,120,1,
76,120,64,
76,128,27,
76,133,23,
76,148,94,
77,10,38,
77,12,159,
77,17,17,
77,26,89,
77,31,49,
77,31,138,
77,40,136,
77,59,50,
77,59,147,
77,61,129,
77,73,142,
77,75,147,
77,76,10,
77,77,122,
77,87,54,
77,93,62,
77,104,45,
77,111,103,
77,113,146,
77,116,112,
77,120,104,
77,124,40,
77,129,82,
77,133,15,
77,136,1,
77,140,65,
77,147,27,
77,147,140,
77,150,30,
77,150,98,
77,152,135,
77,155,17,
77,157,36,
77,157,109,
78,2,48,
78,15,86,
78,24,106,
78,28,11,
78,33,137,
78,36,156,
78,40,135,
78,41,68,
78,49,88,
78,50,94,
78,51,81,
78,53,99,
78,60,156,
78,63,44,
78,64,139,
78,65,148,
78,77,2,
78,88,115,
78,96,100,
78,101,87,
78,102,6,
78,102,21,
78,104,46,
78,111,149,
78,114,113,
78,115,127,
78,116,89,
78,118,15,
78,127,40,
78,130,18,
78,134,96,
78,136,93,
78,137,12,
78,138,3,
78,142,146,
78,144,104,
78,145,14,
78,148,21,
78,153,33,
78,156,19,
79,13,130,
79,28,106,
79,30,157,
79,36,32,
79,58,126,
79,62,72,
79,65,128,
79,68,122,
79,68,144,
79,83,27,
79,88,7,
79,88,46,
79,94,94,
79,99,72,
79,100,159,
79,103,28,
79,104,141,
79,111,101,
79,122,120,
79,123,131,
79,132,134,
79,145,24,
79,145,91,
79,146,6,
79,153,139,
79,154,42,
79,157,71,
80,0,19,
80,1,143,
80,11,24,
80,26,27,
80,27,126,
80,29,11,
80,39,4,
80,55,13,
80,58,37,
80,60,107,
80,66,138,
80,68,64,
80,76,123,
80,78,82,
80,84,159,
80,87,137,
80,96,25,
80,96,92,
80,107,122,
80,133,29,
80,138,125,
80,149,135,
80,150,19,
80,150,47,
80,151,142,
80,157,124,
81,0,7,
81,11,2,
81,28,109,
81,38,107,
81,46,39,
81,49,131,
81,51,106,
81,56,157,
81,59,25,
81,60,53,
81,64,139,
81,68,72,
81,70,19,
81,78,127,
81,82,109,
81,103,46,
81,109,144,
81,111,43,
81,121,84,
81,129,69,
81,142,118,
81,144,150,
81,154,20,
82,1,98,
82,2,22,
82,3,127,
82,3,141,
82,4,86,
82,18,52,
82,33,59,
82,45,59,
82,52,45,
82,53,46,
82,66,109,
82,70,85,
82,74,128,
82,81,81,
82,85,95,
82,86,68,
82,93,93,
82,95,6,
82,95,83,
82,100,102,
82,108,62,
82,115,80,
82,119,80,
82,122,150,
82,126,139,
82,128,152,
82,133,43,
82,137,69,
82,142,16,
82,144,97,
82,157,66,
83,2,102,
83,24,81,
83,25,131,
83,29,95,
83,43,62,
83,48,155,
83,51,98,
83,61,128,
83,65,9,
83,78,123,
83,100,140,
83,105,143,
83,112,39,
83,119,74,
83,142,148,
83,144,14,
83,158,17,
84,6,152,
84,8,44,
84,10,122,
84,11,125,
84,21,90,
84,23,140,
84,34,5,
84,42,111,
84,45,68,
84,54,123,
84,62,149,
84,72,117,
84,77,146,
84,91,13,
84,95,74,
84,98,19,
84,98,48,
84,99,5,
84,100,119,
84,102,145,
84,109,70,
84,113,125,
84,113,132,
84,113,142,
84,119,121,
84,124,108,
84,129,153,
84,133,34,
84,134,83,
84,146,43,
84,155,69,
84,156,1,
85,6,6,
85,12,49,
85,13,73,
85,13,146,
85,32,153,
85,34,8,
85,34,113,
85,41,97,
85,42,21,
85,45,63,
85,50,54,
85,52,111,
85,78,111,
85,86,145,
85,87,73,
85,90,150,
85,95,66,
85,108,124,
85,117,21,
85,122,93,
85,132,40,
85,139,6,
85,149,112,
85,159,87,
86,1,92,
86,10,55,
86,14,28,
86,18,51,
86,23,51,
86,23,149,
86,30,2,
86,35,24,
86,38,10,
86,38,21,
86,38,26,
86,43,106,
86,45,35,
86,55,85,
86,56,155,
86,70,34,
86,77,14,
86,79,154,
86,82,108,
86,103,113,
86,108,65,
86,115,23,
86,118,121,
86,132,150,
86,133,66,
86,138,18,
86,141,40,
86,144,73,
87,8,143,
87,8,150,
87,9,14,
87,21,149,
87,26,37,
87,29,43,
87,31,70,
87,34,95,
87,37,26,
87,52,96,
87,57,120,
87,58,132,
87,58,152,
87,61,82,
87,65,95,
87,65,117,
87,67,159,
87,76,105,
87,77,23,
87,78,46,
87,81,45,
87,86,75,
87,104,55,
87,107,20,
87,107,42,
87,117,25,
87,125,152,
87,131,60,
87,132,121,
87,137,154,
87,158,111,
88,1,5,
88,1,150,
88,5,111,
88,18,88,
88,41,152,
88,53,137,
88,57,83,
88,67,130,
88,69,80,
88,70,123,
88,85,45,
88,91,82,
88,94,115,
88,106,86,
88,121,146,
88,122,22,
88,123,39,
88,144,146,
88,153,154,
88,155,24,
89,9,17,
89,23,1,
89,29,120,
89,37,71,
89,46,45,
89,56,77,
89,57,72,
89,68,152,
89,70,52,
89,75,0,
89,76,8,
89,79,95,
89,82,121,
89,84,11,
89,86,8,
89,92,48,
89,96,73,
89,103,100,
89,116,71,
89,118,158,
89,123,81,
89,127,64,
89,127,79,
89,147,132,
89,152,101,
89,155,92,
89,158,49,
90,0,60,
90,0,86,
90,15,127,
90,19,18,
90,19,110,
90,24,60,
90,33,139,
90,39,17,
90,42,84,
90,45,116,
90,51,30,
90,62,24,
90,69,20,
90,70,110,
90,72,8,
90,72,90,
90,93,156,
90,105,116,
90,117,93,
90,128,140,
90,133,73,
90,141,69,
90,145,6,
90,147,102,
90,148,73,
90,148,96,
90,156,102,
91,8,139,
91,9,73,
91,10,67,
91,34,137,
91,35,113,
91,37,86,
91,48,104,
91,49,28,
91,54,62,
91,54,117,
91,57,55,
91,60,114,
91,61,135,
91,62,47,
91,65,124,
91,67,116,
91,82,18,
91,86,106,
91,88,2,
91,98,107,
91,105,130,
91,105,139,
91,116,135,
91,119,85,
91,122,70,
91,127,3,
91,140,99,
91,155,102,
92,4,74,
92,8,119,
92,11,55,
92,11,152,
92,30,90,
92,48,131,
92,49,35,
92,54,22,
92,57,43,
92,65,46,
92,81,3,
92,83,44,
92,88,154,
92,94,51,
92,101,27,
92,105,70,
92,114,111,
92,117,126,
92,120,33,
92,120,73,
92,134,25,
92,143,152,
92,155,100,
93,21,145,
93,22,120,
93,29,115,
93,31,73,
93,38,71,
93,47,40,
93,50,133,
93,54,92,
93,55,23,
93,59,149,
93,65,154,
93,79,81,
93,80,59,
93,81,159,
93,98,34,
93,100,141,
93,102,125,
93,105,61,
93,113,149,
93,115,138,
93,118,14,
93,127,30,
93,128,57,
93,129,89,
93,133,113,
93,138,110,
93,143,31,
93,154,124,
94,1,12,
94,12,90,
94,16,14,
94,28,59,
94,28,133,
94,43,7,
94,53,4,
94,67,9,
94,83,101,
94,88,25,
94,88,77,
94,107,6,
94,109,76,
94,113,80,
94,133,1,
94,136,66,
94,136,74,
94,138,141,
94,140,27,
94,140,79,
94,155,117,
94,156,79,
94,159,0,
94,159,36,
94,159,51,
95,3,146,
95,18,91,
95,33,6,
95,35,99,
95,43,27,
95,48,135,
95,52,66,
95,62,12,
95,67,121,
95,75,77,
95,77,140,
95,85,19,
95,87,127,
95,89,24,
95,89,135,
95,90,0,
95,90,29,
95,91,9,
95,100,149,
95,101,157,
95,109,123,
95,119,93,
95,119,119,
95,121,96,
95,122,2,
95,128,81,
95,128,156,
95,132,63,
95,135,65,
95,137,146,
95,152,35,
95,152,86,
95,154,159,
96,6,145,
96,7,154,
96,19,48,
96,21,136,
96,29,76,
96,38,53,
96,39,143,
96,42,40,
96,57,88,
96,64,141,
96,74,39,
96,75,45,
96,76,8,
96,78,40,
96,78,76,
96,81,77,
96,83,100,
96,86,138,
96,99,33,
96,99,135,
96,100,141,
96,105,99,
96,121,68,
96,125,155,
96,144,123,
97,2,105,
97,15,11,
97,16,2,
97,24,65,
97,27,139,
97,34,121,
97,35,74,
97,36,117,
97,40,22,
97,44,45,
97,59,55,
97,79,70,
97,79,137,
97,89,124,
97,91,133,
97,94,37,
97,111,87,
97,112,108,
97,130,132,
97,136,14,
97,139,27,
97,142,89,
97,148,140,
97,152,141,
97,155,85,
97,158,5,
98,10,100,
98,10,159,
98,16,119,
98,24,57,
98,26,1,
98,31,50,
98,35,33,
98,43,79,
98,50,9,
98,55,15,
98,59,55,
98,68,40,
98,74,133,
98,75,59,
98,86,19,
98,86,150,
98,87,128,
98,88,20,
98,96,22,
98,97,68,
98,104,57,
98,109,101,
98,110,149,
98,114,99,
98,114,116,
98,121,40,
98,141,69,
98,155,43,
98,157,72,
99,5,100,
99,12,96,
99,22,2,
99,22,60,
99,25,69,
99,26,2,
99,32,7,
99,39,117,
99,50,67,
99,51,0,
99,51,30,
99,72,153,
99,93,100,
99,94,18,
99,95,74,
99,97,151,
99,98,5,
99,98,108,
99,102,45,
99,103,20,
99,104,84,
99,108,93,
99,112,76,
99,138,150,
99,139,8,
99,145,83,
99,158,3,
100,13,67,
100,14,115,
100,27,142,
100,40,6,
100,54,39,
100,56,93,
100,57,147,
100,61,93,
100,81,144,
100,88,100,
100,91,73,
100,94,103,
100,110,23,
100,111,36,
100,113,73,
100,116,58,
100,128,32,
100,129,47,
100,141,121,
100,143,44,
100,151,9,
101,0,27,
101,12,110,
101,18,104,
101,25,89,
101,45,131,
101,52,74,
101,55,120,
101,65,140,
101,66,75,
101,77,147,
101,92,100,
101,102,131,
101,104,25,
101,113,124,
101,116,85,
101,116,115,
101,126,127,
101,128,55,
101,130,98,
101,133,48,
101,140,41,
101,146,148,
102,0,86,
102,16,155,
102,18,44,
102,20,136,
102,22,94,
102,37,90,
102,44,152,
102,65,44,
102,80,105,
102,88,135,
102,113,140,
102,124,34,
102,124,118,
102,126,3,
102,128,13,
102,141,113,
102,142,84,
103,3,10,
103,16,99,
103,21,88,
103,26,39,
103,30,103,
103,40,30,
103,40,154,
103,46,17,
103,56,35,
103,59,17,
103,62,80,
103,62,93,
103,90,125,
103,95,78,
103,100,43,
103,111,155,
103,117,145,
103,127,127,
103,134,55,
103,134,74,
103,139,41,
103,141,126,
103,147,121,
103,151,76,
103,153,116,
103,158,113,
103,159,64,
103,159,81,
104,12,122,
104,16,58,
104,20,121,
104,21,47,
104,23,157,
104,31,119,
104,53,152,
104,63,139,
104,64,147,
104,79,7,
104,80,4,
104,82,150,
104,83,74,
104,87,121,
104,88,19,
104,88,77,
104,102,85,
104,102,121,
104,108,109,
104,117,138,
104,122,67,
104,132,38,
104,139,137,
104,149,19,
104,154,51,
104,155,13,
104,155,88,
104,155,151,
104,156,118,
104,157,87,
104,159,101,
105,14,73,
105,17,109,
105,18,127,
105,22,28,
105,22,46,
105,49,139,
105,52,90,
105,59,85,
105,63,71,
105,64,130,
105,70,32,
105,74,140,
105,94,150,
105,95,157,
105,95,158,
105,101,51,
105,118,27,
105,124,129,
105,127,51,
105,130,83,
105,135,147,
105,140,81,
105,143,85,
105,146,108,
105,158,110,
105,158,152,
106,0,54,
106,1,104,
106,6,111,
106,17,64,
106,21,47,
106,37,65,
106,43,105,
106,52,101,
106,52,122,
106,58,85,
106,83,13,
106,98,135,
106,101,62,
106,102,38,
106,109,57,
106,117,88,
106,121,155,
106,125,157,
106,129,66,
106,135,114,
106,152,152,
106,154,37,
107,17,31,
107,23,53,
107,29,16,
107,49,152,
107,53,43,
107,57,135,
107,60,104,
107,73,128,
107,74,6,
107,76,147,
107,78,103,
107,79,87,
107,85,14,
107,86,93,
107,87,131,
107,90,59,
107,91,83,
107,95,77,
107,98,25,
107,104,85,
107,109,119,
107,114,154,
107,125,143,
107,125,144,
107,128,119,
107,134,20,
107,145,56,
107,148,28,
107,154,33,
108,2,159,
108,18,9,
108,22,63,
108,23,102,
108,25,142,
108,28,118,
108,32,71,
108,36,78,
108,40,24,
108,44,125,
108,56,61,
108,61,59,
108,62,105,
108,64,37,
108,98,111,
108,128,110,
108,132,84,
108,132,140,
108,136,62,
109,1,66,
109,1,68,
109,3,43,
109,4,46,
109,4,58,
109,5,121,
109,32,21,
109,35,142,
109,42,76,
109,50,66,
109,56,40,
109,58,6,
109,62,8,
109,71,78,
109,81,3,
109,81,60,
109,90,49,
109,94,127,
109,97,89,
109,109,37,
109,112,115,
109,114,124,
109,122,145,
109,124,49,
109,129,2,
109,136,20,
109,150,44,
109,158,115,
110,9,65,
110,28,4,
110,30,17,
110,35,49,
110,60,77,
110,68,157,
110,73,87,
110,86,0,
110,120,135,
110,121,109,
110,124,64,
110,135,48,
110,136,134,
110,149,111,
110,154,2,
110,154,50,
110,156,52,
111,5,107,
111,9,142,
111,10,137,
111,28,56,
111,38,0,
111,38,61,
111,49,62,
111,68,157,
111,79,96,
111,80,19,
111,81,109,
111,93,75,
111,94,119,
111,95,82,
111,108,62,
111,113,63,
111,116,67,
111,118,120,
111,123,27,
111,142,112,
111,149,89,
111,151,37,
111,153,125,
111,154,14,
111,156,43,
111,158,99,
111,159,18,
111,159,99,
112,9,121,
112,11,13,
112,29,54,
112,89,107,
112,90,131,
112,97,12,
112,105,89,
112,110,126,
112,116,106,
112,118,120,
112,124,51,
112,134,125,
112,154,65,
112,155,0,
112,159,62,
113,4,59,
113,7,0,
113,25,106,
113,32,15,
113,36,45,
113,39,36,
113,43,56,
113,43,158,
113,56,52,
113,59,111,
113,68,156,
113,77,113,
113,86,126,
113,91,99,
113,93,77,
113,107,124,
113,111,69,
113,114,148,
113,115,92,
113,116,0,
113,121,75,
113,123,102,
113,128,38,
113,129,85,
113,136,141,
113,139,12,
113,156,69,
114,2,2,
114,7,155,
114,29,127,
114,31,14,
114,36,120,
114,48,14,
114,50,105,
114,52,99,
114,55,136,
114,67,110,
114,74,15,
114,80,115,
114,87,115,
114,90,158,
114,94,80,
114,96,48,
114,103,16,
114,106,25,
114,107,11,
114,107,154,
114,109,40,
114,110,106,
114,111,120,
114,115,33,
114,118,92,
114,152,1,
114,156,17,
114,158,86,
115,0,45,
115,33,131,
115,35,78,
115,38,140,
115,45,72,
115,47,149,
115,57,45,
115,61,77,
115,62,133,
115,77,111,
115,79,83,
115,79,93,
115,92,131,
115,93,86,
115,96,0,
115,96,75,
115,100,73,
115,104,115,
115,107,60,
115,108,78,
115,116,138,
115,121,128,
115,128,46,
115,133,157,
115,141,86,
115,154,52,
116,11,13,
116,11,44,
116,14,147,
116,16,115,
116,17,58,
116,20,50,
116,20,85,
116,20,119,
116,31,51,
116,34,37,
116,44,30,
116,47,2,
116,49,127,
116,50,62,
116,57,29,
116,58,116,
116,69,48,
116,89,146,
116,91,4,
116,96,150,
116,98,46,
116,98,86,
116,103,104,
116,103,110,
116,117,55,
116,126,51,
116,127,16,
116,134,12,
116,134,127,
116,143,103,
116,150,43,
117,11,146,
117,17,134,
117,18,154,
117,21,52,
117,26,120,
117,34,62,
117,42,25,
117,58,95,
117,60,3,
117,60,91,
117,65,153,
117,74,40,
117,76,155,
117,78,151,
117,82,83,
117,84,114,
117,87,44,
117,96,84,
117,103,147,
117,106,13,
117,111,102,
117,128,101,
117,129,92,
117,132,35,
117,150,121,
117,155,95,
118,8,19,
118,10,143,
118,16,5,
118,16,78,
118,16,104,
118,22,57,
118,22,150,
118,25,86,
118,36,124,
118,48,24,
118,71,157,
118,76,2,
118,76,153,
118,77,18,
118,85,44,
118,97,112,
118,101,12,
118,103,72,
118,105,106,
118,111,125,
118,111,129,
118,118,48,
118,119,58,
118,122,93,
118,125,38,
118,131,24,
118,133,36,
118,134,17,
118,135,52,
118,144,49,
118,146,15,
118,151,66,
118,152,131,
119,2,156,
119,8,79,
119,13,48,
119,19,124,
119,30,159,
119,38,1,
119,56,52,
119,59,8,
119,63,142,
119,67,126,
119,70,11,
119,72,117,
119,77,117,
119,79,43,
119,83,128,
119,86,36,
119,86,101,
119,95,9,
119,116,122,
119,128,18,
119,128,84,
119,132,68,
119,136,24,
119,141,7,
119,142,111,
119,144,69,
119,147,132,
119,149,143,
119,151,48,
119,155,63,
120,5,41,
120,12,159,
120,13,62,
120,30,14,
120,37,21,
120,38,7,
120,38,88,
120,60,4,
120,65,33,
120,78,67,
120,80,79,
120,84,5,
120,91,98,
120,96,12,
120,97,151,
120,99,135,
120,133,19,
120,136,69,
120,136,141,
120,140,123,
120,152,14,
121,0,138,
121,8,2,
121,8,74,
121,15,32,
121,19,135,
121,27,106,
121,30,2,
121,30,60,
121,35,25,
121,37,58,
121,44,56,
121,48,6,
121,54,100,
121,67,98,
121,82,68,
121,87,18,
121,99,141,
121,103,125,
121,107,159,
121,115,7,
121,132,68,
121,146,56,
121,146,151,
121,153,56,
122,33,15,
122,39,52,
122,48,48,
122,51,60,
122,55,36,
122,67,157,
122,74,126,
122,80,7,
122,80,113,
122,85,130,
122,95,48,
122,103,155,
122,105,144,
122,106,28,
122,106,59,
122,114,21,
122,122,144,
122,130,120,
122,134,149,
122,135,65,
123,8,140,
123,29,12,
123,35,152,
123,44,109,
123,59,114,
123,63,73,
123,68,41,
123,69,145,
123,92,113,
123,100,24,
123,102,54,
123,106,36,
123,107,5,
123,108,17,
123,112,43,
123,118,110,
123,118,153,
123,128,85,
123,130,124,
123,140,33,
123,154,124,
123,154,138,
124,1,2,
124,8,7,
124,8,61,
124,8,73,
124,12,19,
124,14,16,
124,19,84,
124,22,87,
124,27,21,
124,47,102,
124,61,55,
124,66,138,
124,68,157,
124,74,12,
124,81,133,
124,96,17,
124,118,8,
124,122,87,
124,125,2,
124,128,0,
124,128,13,
124,132,31,
124,135,40,
124,149,91,
124,151,8,
124,153,67,
125,0,138,
125,4,77,
125,6,144,
125,7,90,
125,11,157,
125,15,6,
125,15,77,
125,21,123,
125,23,33,
125,29,68,
125,34,65,
125,44,37,
125,44,97,
125,53,7,
125,58,84,
125,60,8,
125,61,79,
125,63,35,
125,65,16,
125,74,0,
125,76,132,
125,77,77,
125,77,88,
125,77,122,
125,96,119,
125,97,70,
125,102,27,
125,108,1,
125,109,21,
125,110,12,
125,112,92,
125,135,129,
125,136,151,
125,138,8,
125,138,133,
125,142,60,
125,154,70,
126,18,131,
126,29,87,
126,44,43,
126,54,107,
126,65,132,
126,67,124,
126,74,130,
126,76,49,
126,99,80,
126,101,113,
126,116,132,
126,119,101,
126,120,18,
126,122,41,
126,122,73,
126,128,82,
126,131,47,
126,134,72,
126,136,116,
126,139,26,
126,145,95,
127,3,114,
127,14,17,
127,16,99,
127,18,33,
127,23,19,
127,30,26,
127,33,26,
127,40,147,
127,41,88,
127,42,75,
127,56,151,
127,70,54,
127,71,39,
127,71,54,
127,79,47,
127,85,68,
127,98,134,
127,102,73,
127,107,76,
127,108,82,
127,112,81,
127,114,30,
127,129,134,
127,136,38,
127,138,27,
127,143,139,
127,153,101,
127,154,152,
127,158,85,
128,8,54,
128,10,84,
128,10,131,
128,26,37,
128,26,108,
128,34,136,
128,36,137,
128,45,85,
128,57,8,
128,70,129,
128,75,150,
128,76,82,
128,82,65,
128,92,141,
128,95,36,
128,101,41,
128,116,96,
128,124,82,
128,128,121,
128,130,37,
128,131,111,
128,134,80,
128,153,44,
128,159,49,
129,1,81,
129,4,74,
129,8,66,
129,17,147,
129,21,66,
129,25,118,
129,29,151,
129,30,116,
129,38,116,
129,41,137,
129,46,77,
129,52,150,
129,53,91,
129,58,6,
129,63,26,
129,71,72,
129,92,60,
129,93,37,
129,96,148,
129,99,28,
129,111,25,
129,114,97,
129,117,104,
129,122,1,
129,126,146,
129,146,17,
129,146,137,
130,0,96,
130,7,140,
130,25,105,
130,30,149,
130,34,22,
130,34,27,
130,42,92,
130,43,140,
130,51,88,
130,60,120,
130,64,52,
130,69,54,
130,70,91,
130,71,13,
130,71,67,
130,73,104,
130,78,139,
130,85,96,
130,95,58,
130,100,81,
130,105,32,
130,118,126,
130,127,28,
130,138,111,
130,148,86,
130,153,80,
130,156,14,
131,4,66,
131,15,42,
131,32,83,
131,33,65,
131,33,74,
131,38,105,
131,39,90,
131,42,110,
131,46,47,
131,54,11,
131,74,33,
131,97,116,
131,98,93,
131,123,108,
131,131,127,
131,143,145,
131,145,112,
131,147,145,
131,151,33,
131,156,121,
132,1,50,
132,4,35,
132,10,54,
132,10,129,
132,12,154,
132,13,3,
132,13,104,
132,17,141,
132,26,45,
132,34,143,
132,44,111,
132,44,148,
132,51,25,
132,60,155,
132,66,141,
132,71,130,
132,86,86,
132,92,3,
132,98,125,
132,101,114,
132,105,44,
132,116,138,
132,117,152,
132,135,131,
132,146,99,
132,155,152,
133,14,51,
133,14,132,
133,26,72,
133,26,138,
133,35,28,
133,58,76,
133,64,96,
133,77,44,
133,82,113,
133,93,132,
133,104,24,
133,113,86,
133,123,90,
133,124,5,
133,126,90,
133,128,125,
133,137,78,
133,142,13,
133,142,148,
133,157,50,
134,4,152,
134,7,4,
134,12,60,
134,17,96,
134,26,56,
134,28,148,
134,30,13,
134,48,58,
134,49,34,
134,51,102,
134,58,125,
134,62,63,
134,75,77,
134,81,69,
134,88,133,
134,92,131,
134,103,43,
134,117,108,
134,122,40,
134,124,118,
134,134,154,
134,151,112,
134,157,134,
134,157,150,
135,0,9,
135,3,71,
135,10,52,
135,21,144,
135,28,23,
135,35,61,
135,35,110,
135,41,72,
135,53,89,
135,57,3,
135,67,18,
135,72,68,
135,84,82,
135,86,112,
135,88,51,
135,101,53,
135,104,4,
135,104,49,
135,114,61,
135,122,19,
135,128,81,
135,131,77,
135,132,17,
135,155,13,
135,155,43,
136,5,103,
136,16,8,
136,23,83,
136,23,131,
136,25,5,
136,61,118,
136,63,19,
136,73,158,
136,74,129,
136,81,47,
136,83,13,
136,93,94,
136,95,101,
136,98,111,
136,104,98,
136,104,140,
136,109,75,
136,111,96,
136,131,103,
136,147,143,
136,151,16,
136,155,64,
137,0,155,
137,3,109,
137,12,99,
137,22,139,
137,23,100,
137,28,98,
137,30,68,
137,32,69,
137,32,76,
137,33,23,
137,39,84,
137,51,20,
137,55,140,
137,67,103,
137,71,96,
137,80,108,
137,82,22,
137,82,22,
137,82,93,
137,85,114,
137,86,40,
137,97,119,
137,109,84,
137,112,24,
137,114,120,
137,117,50,
137,118,22,
137,120,152,
137,126,114,
137,128,30,
137,130,150,
137,139,93,
137,145,79,
137,150,31,
137,150,141,
137,152,7,
138,0,143,
138,3,117,
138,3,125,
138,9,94,
138,9,100,
138,18,23,
138,19,90,
138,22,158,
138,24,93,
138,24,130,
138,29,77,
138,38,37,
138,54,93,
138,55,103,
138,56,98,
138,63,3,
138,64,113,
138,68,94,
138,69,13,
138,70,6,
138,82,19,
138,86,158,
138,91,130,
138,106,83,
138,108,94,
138,116,44,
138,124,16,
138,136,9,
138,136,66,
138,139,58,
138,140,51,
138,149,152,
138,150,66,
139,0,97,
139,25,10,
139,25,60,
139,31,92,
139,31,125,
139,33,0,
139,42,51,
139,43,98,
139,48,12,
139,58,129,
139,61,140,
139,62,122,
139,62,123,
139,72,56,
139,100,70,
139,106,58,
139,108,114,
139,116,108,
139,119,38,
139,126,48,
139,135,57,
139,135,84,
139,137,10,
139,137,74,
139,138,31,
139,141,86,
139,141,152,
139,144,13,
139,146,121,
139,152,18,
139,156,131,
140,5,88,
140,12,45,
140,12,121,
140,14,125,
140,15,89,
140,29,37,
140,32,63,
140,32,101,
140,46,146,
140,51,106,
140,54,144,
140,57,93,
140,58,35,
140,66,30,
140,72,154,
140,74,39,
140,91,153,
140,122,103,
140,123,44,
140,127,36,
140,133,144,
140,137,7,
140,144,145,
140,152,126,
140,156,19,
141,3,61,
141,9,143,
141,15,66,
141,21,53,
141,21,71,
141,22,65,
141,24,80,
141,30,0,
141,33,63,
141,35,45,
141,53,18,
141,71,91,
141,74,136,
141,75,132,
141,76,29,
141,81,8,
141,84,50,
141,111,68,
141,116,158,
141,126,156,
141,144,57,
142,5,92,
142,13,156,
142,15,3,
142,25,158,
142,27,17,
142,31,6,
142,39,102,
142,39,110,
142,40,0,
142,63,50,
142,79,42,
142,84,86,
142,88,150,
142,94,120,
142,96,141,
142,97,48,
142,101,34,
142,102,70,
142,102,99,
142,110,76,
142,128,59,
142,135,100,
142,145,129,
142,147,18,
142,152,72,
142,154,67,
142,154,71,
142,156,38,
143,20,94,
143,40,79,
143,64,123,
143,70,25,
143,71,81,
143,73,148,
143,85,131,
143,86,99,
143,97,101,
143,111,34,
143,122,42,
143,125,45,
143,144,38,
144,8,71,
144,9,136,
144,14,93,
144,14,94,
144,18,104,
144,20,82,
144,21,157,
144,27,114,
144,33,138,
144,34,86,
144,40,157,
144,42,54,
144,46,66,
144,51,17,
144,57,140,
144,59,81,
144,63,5,
144,69,41,
144,79,116,
144,79,144,
144,83,99,
144,83,112,
144,88,83,
144,89,66,
144,93,40,
144,94,149,
144,95,152,
144,97,37,
144,99,106,
144,103,158,
144,112,35,
144,128,73,
144,134,154,
144,142,113,
144,147,65,
144,154,73,
145,5,83,
145,12,40,
145,13,53,
145,21,31,
145,43,151,
145,53,112,
145,55,135,
145,62,115,
145,63,15,
145,77,111,
145,89,38,
145,90,153,
145,101,70,
145,113,92,
145,121,83,
145,121,95,
145,124,98,
145,126,98,
145,129,1,
145,133,10,
145,141,110,
145,143,92,
145,145,43,
145,150,54,
146,0,10,
146,5,110,
146,17,10,
146,18,30,
146,19,154,
146,25,103,
146,31,123,
146,37,142,
146,47,156,
146,56,103,
146,68,149,
146,76,0,
146,83,15,
146,99,0,
146,113,146,
146,118,159,
146,122,89,
146,130,99,
146,131,55,
146,140,93,
146,140,114,
146,151,145,
146,156,145,
147,7,99,
147,10,106,
147,15,55,
147,16,149,
147,60,155,
147,62,58,
147,64,117,
147,69,52,
147,75,37,
147,75,145,
147,89,144,
147,100,1,
147,108,40,
147,134,15,
147,151,70,
147,155,14,
148,0,16,
148,2,75,
148,32,21,
148,39,53,
148,45,117,
148,46,98,
148,48,37,
148,50,74,
148,59,61,
148,74,56,
148,78,66,
148,83,149,
148,104,101,
148,110,100,
148,112,64,
148,113,119,
148,113,146,
148,118,2,
148,124,6,
148,128,73,
148,148,137,
148,150,60,
148,153,3,
149,1,8,
149,3,123,
149,16,29,
149,22,24,
149,28,139,
149,30,129,
149,31,60,
149,40,41,
149,45,55,
149,54,46,
149,56,137,
149,59,80,
149,62,28,
149,69,31,
149,78,98,
149,90,101,
149,92,75,
149,95,42,
149,101,24,
149,126,43,
149,126,158,
149,127,17,
149,134,35,
149,139,22,
150,7,33,
150,8,82,
150,19,114,
150,28,4,
150,29,6,
150,56,99,
150,74,47,
150,77,82,
150,84,74,
150,92,64,
150,95,77,
150,96,157,
150,107,119,
150,113,140,
150,120,34,
150,127,53,
150,132,80,
150,145,37,
150,147,76,
150,149,148,
150,157,60,
150,159,132,
151,13,59,
151,15,98,
151,21,106,
151,21,122,
151,26,46,
151,41,149,
151,42,23,
151,47,153,
151,60,83,
151,77,57,
151,80,111,
151,91,104,
151,95,31,
151,101,149,
151,102,135,
151,104,145,
151,115,136,
151,118,11,
151,131,139,
151,145,145,
152,3,148,
152,7,67,
152,8,84,
152,23,49,
152,26,36,
152,30,78,
152,32,105,
152,35,62,
152,36,35,
152,49,127,
152,52,110,
152,61,6,
152,64,87,
152,73,136,
152,76,115,
152,79,44,
152,116,148,
152,120,45,
152,121,146,
152,136,57,
152,140,125,
152,146,144,
152,148,91,
152,151,95,
152,158,75,
153,13,11,
153,17,6,
153,27,82,
153,27,106,
153,32,18,
153,39,118,
153,52,64,
153,63,132,
153,68,75,
153,71,33,
153,75,37,
153,78,22,
153,80,139,
153,82,89,
153,89,104,
153,93,95,
153,98,66,
153,101,62,
153,110,42,
153,114,123,
153,120,33,
153,157,128,
153,158,102,
154,7,43,
154,10,21,
154,12,57,
154,12,98,
154,35,37,
154,36,92,
154,38,34,
154,43,42,
154,47,23,
154,50,33,
154,52,65,
154,53,87,
154,54,39,
154,57,126,
154,67,51,
154,77,73,
154,99,139,
154,101,140,
154,125,153,
154,127,151,
154,137,137,
154,140,32,
154,157,90,
155,1,153,
155,3,132,
155,10,64,
155,14,73,
155,16,158,
155,20,56,
155,26,47,
155,29,99,
155,36,63,
155,36,135,
155,39,152,
155,43,26,
155,57,72,
155,61,46,
155,72,7,
155,75,15,
155,78,57,
155,87,107,
155,90,3,
155,90,66,
155,95,100,
155,104,153,
155,105,21,
155,116,18,
155,133,21,
155,148,68,
155,158,66,
156,8,95,
156,15,85,
156,29,49,
156,42,13,
156,47,41,
156,54,56,
156,54,156,
156,63,89,
156,65,70,
156,74,97,
156,75,134,
156,88,68,
156,90,110,
156,101,33,
156,110,87,
156,121,62,
156,125,120,
156,126,23,
156,127,66,
156,133,56,
156,133,93,
156,137,133,
156,147,72,
156,148,35,
156,153,10,
156,153,35,
157,1,142,
157,17,70,
157,21,105,
157,22,89,
157,26,158,
157,27,5,
157,31,158,
157,39,1,
157,47,37,
157,66,83,
157,69,15,
157,72,16,
157,77,101,
157,83,4,
157,83,78,
157,86,70,
157,97,137,
157,120,26,
157,131,87,
157,133,42,
157,135,61,
157,135,67,
157,140,148,
157,143,49,
157,143,51,
157,148,100,
157,150,99,
158,8,149,
158,11,115,
158,31,53,
158,31,86,
158,33,20,
158,44,24,
158,44,106,
158,66,11,
158,66,99,
158,72,155,
158,77,51,
158,90,133,
158,97,141,
158,109,99,
158,113,70,
158,119,24,
158,124,84,
158,126,51,
158,128,146,
158,131,18,
158,141,11,
158,147,38,
158,150,143,
158,154,47,
158,158,54,
159,8,31,
159,10,120,
159,11,62,
159,37,43,
159,58,28,
159,72,7,
159,77,141,
159,90,91,
159,90,127,
159,92,43,
159,94,156,
159,99,84,
159,108,72,
159,112,149,
159,124,124,
159,125,91,
159,129,140,
159,130,131,
159,139,50,
159,146,98,
159,152,68,
159,152,132,
159,153,132,
159,154,46,
