0,17,40,
0,26,24,
0,31,143,
0,32,149,
0,36,130,
0,43,2,
0,46,3,
0,47,94,
0,50,107,
0,52,22,
0,52,80,
0,65,38,
0,73,33,
0,74,156,
0,77,119,
0,78,158,
0,87,12,
0,90,6,
0,93,100,
0,100,84,
0,106,34,
0,108,145,
0,113,63,
0,114,121,
0,116,133,
0,124,56,
0,124,100,
0,125,8,
0,127,76,
0,138,156,
1,7,129,
1,15,125,
1,15,132,
1,16,42,
1,25,69,
1,29,68,
1,43,66,
1,45,75,
1,49,43,
1,58,39,
1,59,148,
1,67,130,
1,73,57,
1,74,0,
1,74,68,
1,75,56,
1,76,148,
1,77,106,
1,82,143,
1,100,107,
1,107,68,
1,110,146,
1,113,43,
1,131,42,
1,139,80,
1,142,155,
1,146,85,
1,156,23,
1,157,20,
2,4,80,
2,9,4,
2,10,1,
2,11,64,
2,15,103,
2,17,49,
2,18,0,
2,33,100,
2,34,141,
2,35,95,
2,48,40,
2,53,61,
2,59,139,
2,67,47,
2,71,152,
2,77,159,
2,84,148,
2,87,113,
2,96,45,
2,104,150,
2,106,101,
2,112,137,
2,117,100,
2,119,136,
2,124,14,
2,126,111,
2,142,20,
3,4,83,
3,10,86,
3,11,142,
3,12,40,
3,12,51,
3,19,25,
3,22,138,
3,32,49,
3,36,102,
3,37,26,
3,38,86,
3,40,141,
3,97,104,
3,97,141,
3,104,7,
3,116,150,
3,119,66,
3,126,25,
3,127,72,
3,134,40,
3,135,5,
3,138,157,
3,139,119,
3,141,14,
3,148,145,
3,155,54,
4,3,67,
4,19,156,
4,36,140,
4,37,8,
4,49,59,
4,53,91,
4,60,38,
4,76,133,
4,85,54,
4,90,158,
4,102,110,
4,106,63,
4,130,4,
4,131,38,
4,135,144,
4,150,116,
4,157,80,
5,9,157,
5,23,94,
5,42,149,
5,56,12,
5,57,82,
5,59,101,
5,63,110,
5,70,47,
5,76,42,
5,78,17,
5,84,109,
5,89,17,
5,97,68,
5,99,19,
5,100,64,
5,102,46,
5,106,78,
5,114,150,
5,116,12,
5,116,134,
5,125,64,
5,126,121,
5,133,90,
5,140,143,
5,145,62,
5,148,143,
6,12,39,
6,12,39,
6,16,55,
6,25,0,
6,36,107,
6,42,36,
6,47,15,
6,51,54,
6,54,120,
6,61,121,
6,69,72,
6,71,158,
6,85,77,
6,91,109,
6,92,59,
6,94,122,
6,98,49,
6,100,136,
6,105,138,
6,106,111,
6,116,20,
6,121,10,
6,132,52,
6,132,86,
6,143,108,
6,149,103,
6,156,89,
7,2,122,
7,11,28,
7,11,45,
7,18,84,
7,20,55,
7,22,158,
7,32,1,
7,41,154,
7,53,77,
7,54,129,
7,59,146,
7,82,139,
7,83,138,
7,85,10,
7,85,157,
7,87,0,
7,89,154,
7,101,94,
7,102,119,
7,106,135,
7,114,57,
7,115,101,
7,119,10,
7,127,49,
7,134,99,
7,135,94,
7,139,14,
7,139,59,
7,146,34,
7,157,20,
8,2,134,
8,8,134,
8,11,24,
8,12,105,
8,40,155,
8,41,149,
8,60,21,
8,61,41,
8,75,116,
8,84,35,
8,85,128,
8,88,148,
8,99,23,
8,99,48,
8,100,56,
8,102,122,
8,104,101,
8,113,133,
8,114,123,
8,122,58,
8,127,21,
8,137,114,
8,139,154,
8,141,105,
8,158,144,
9,1,1,
9,1,37,
9,2,90,
9,3,122,
9,12,82,
9,24,128,
9,28,22,
9,30,83,
9,32,153,
9,40,62,
9,45,138,
9,62,17,
9,68,91,
9,79,46,
9,82,36,
9,85,14,
9,86,11,
9,91,17,
9,95,145,
9,97,147,
9,109,139,
9,112,78,
9,116,6,
9,122,11,
9,124,143,
9,125,5,
9,142,66,
9,144,7,
9,151,109,
9,153,134,
9,155,79,
9,155,88,
9,157,123,
10,1,134,
10,2,62,
10,7,66,
10,7,74,
10,10,79,
10,13,59,
10,16,94,
10,17,67,
10,19,22,
10,21,93,
10,23,76,
10,23,103,
10,32,85,
10,33,128,
10,35,145,
10,45,140,
10,54,105,
10,55,27,
10,56,122,
10,58,42,
10,58,112,
10,59,91,
10,62,61,
10,63,77,
10,67,59,
10,79,2,
10,83,58,
10,89,150,
10,93,10,
10,101,18,
10,114,53,
10,123,51,
10,129,22,
10,141,142,
10,145,89,
10,148,16,
10,148,133,
11,14,98,
11,19,76,
11,23,144,
11,34,108,
11,34,140,
11,35,109,
11,36,127,
11,38,87,
11,43,100,
11,50,118,
11,62,43,
11,69,139,
11,70,32,
11,71,98,
11,77,94,
11,98,38,
11,102,61,
11,111,128,
11,114,86,
11,117,26,
11,117,123,
11,123,26,
11,129,124,
11,137,87,
11,151,50,
12,13,34,
12,18,104,
12,36,65,
12,39,114,
12,40,28,
12,44,58,
12,45,89,
12,47,88,
12,52,2,
12,52,155,
12,57,88,
12,59,33,
12,66,114,
12,66,123,
12,75,154,
12,78,78,
12,83,103,
12,92,59,
12,95,61,
12,99,64,
12,109,102,
12,116,33,
12,116,36,
12,116,50,
12,121,48,
12,126,78,
12,128,154,
12,131,134,
12,146,81,
12,148,157,
12,155,120,
12,158,5,
13,4,97,
13,17,156,
13,19,143,
13,20,89,
13,30,119,
13,53,76,
13,54,45,
13,56,61,
13,61,147,
13,65,63,
13,65,66,
13,81,6,
13,104,26,
13,108,119,
13,113,74,
13,121,71,
13,130,127,
13,131,21,
13,135,4,
13,148,58,
13,150,83,
13,154,73,
13,158,140,
14,5,140,
14,15,75,
14,15,122,
14,19,36,
14,21,20,
14,21,103,
14,25,1,
14,28,31,
14,39,10,
14,41,77,
14,47,28,
14,72,45,
14,83,124,
14,83,140,
14,91,85,
14,94,122,
14,97,3,
14,98,101,
14,111,43,
14,111,116,
14,116,6,
14,131,64,
14,132,74,
14,136,70,
14,141,35,
14,141,124,
14,147,90,
14,152,66,
14,152,79,
14,156,2,
15,0,110,
15,1,74,
15,15,66,
15,40,10,
15,51,23,
15,61,55,
15,61,96,
15,62,14,
15,67,20,
15,67,116,
15,68,58,
15,89,14,
15,92,80,
15,99,82,
15,117,152,
15,123,3,
15,123,85,
15,141,4,
15,157,148,
16,2,45,
16,8,125,
16,25,107,
16,43,31,
16,64,139,
16,65,104,
16,68,4,
16,68,147,
16,69,117,
16,74,7,
16,88,137,
16,95,154,
16,99,112,
16,113,139,
16,115,93,
16,117,96,
16,121,96,
16,126,50,
16,130,158,
16,135,152,
16,139,28,
16,144,118,
16,145,132,
16,148,33,
16,151,128,
16,151,135,
16,158,136,
17,14,125,
17,16,80,
17,18,114,
17,20,104,
17,27,133,
17,39,87,
17,46,64,
17,47,66,
17,47,135,
17,50,91,
17,57,85,
17,61,60,
17,61,148,
17,66,71,
17,66,75,
17,72,140,
17,75,156,
17,76,27,
17,103,84,
17,116,151,
17,121,21,
17,123,58,
17,126,121,
17,134,31,
17,139,87,
17,147,0,
18,0,80,
18,2,5,
18,7,61,
18,10,108,
18,12,45,
18,21,144,
18,50,54,
18,60,18,
18,62,47,
18,64,127,
18,69,155,
18,72,59,
18,74,144,
18,77,116,
18,98,47,
18,102,67,
18,103,11,
18,105,40,
18,110,99,
18,125,50,
19,0,137,
19,2,114,
19,7,57,
19,16,54,
19,20,69,
19,26,73,
19,27,101,
19,37,118,
19,40,148,
19,46,121,
19,63,27,
19,79,53,
19,87,1,
19,95,71,
19,97,101,
19,99,147,
19,99,155,
19,104,145,
19,105,88,
19,110,78,
19,112,49,
19,114,108,
19,116,157,
19,119,42,
19,128,121,
19,132,27,
19,133,87,
19,158,132,
20,20,148,
20,26,20,
20,31,60,
20,76,103,
20,96,157,
20,101,84,
20,106,58,
20,120,110,
20,126,14,
20,138,98,
20,141,29,
20,141,137,
20,147,82,
20,152,137,
21,0,1,
21,2,44,
21,6,49,
21,7,92,
21,15,33,
21,16,50,
21,25,61,
21,27,156,
21,35,40,
21,45,50,
21,50,149,
21,52,76,
21,54,28,
21,70,31,
21,70,126,
21,80,133,
21,99,13,
21,109,2,
21,110,130,
21,112,159,
21,117,63,
21,144,29,
21,149,94,
22,19,88,
22,31,17,
22,38,12,
22,40,55,
22,40,156,
22,49,47,
22,51,104,
22,59,28,
22,61,54,
22,78,0,
22,80,15,
22,93,143,
22,99,61,
22,111,63,
22,123,146,
22,128,65,
22,128,89,
22,135,59,
22,146,110,
22,150,70,
22,151,156,
22,152,90,
22,159,23,
22,159,123,
23,7,86,
23,11,75,
23,12,123,
23,16,94,
23,19,35,
23,22,99,
23,29,97,
23,30,62,
23,47,2,
23,50,63,
23,52,132,
23,65,89,
23,66,18,
23,114,15,
23,124,20,
23,124,22,
23,128,34,
23,135,152,
23,138,18,
23,140,72,
23,144,14,
23,147,87,
24,8,74,
24,16,3,
24,44,133,
24,49,151,
24,62,138,
24,70,22,
24,71,3,
24,78,29,
24,86,82,
24,94,67,
24,114,7,
24,121,120,
24,139,72,
24,142,100,
24,152,66,
24,154,61,
24,156,45,
24,158,97,
25,12,155,
25,25,38,
25,26,82,
25,28,7,
25,31,31,
25,40,66,
25,52,114,
25,82,155,
25,84,40,
25,86,67,
25,87,38,
25,93,88,
25,93,146,
25,97,87,
25,99,4,
25,99,11,
25,108,91,
25,113,42,
25,120,22,
25,124,62,
25,132,5,
25,137,148,
25,142,61,
25,154,30,
26,0,0,
26,3,143,
26,12,97,
26,16,97,
26,29,158,
26,32,139,
26,42,20,
26,42,62,
26,46,93,
26,49,46,
26,50,66,
26,56,3,
26,56,143,
26,65,74,
26,80,67,
26,84,62,
26,85,97,
26,96,150,
26,100,116,
26,102,154,
26,108,45,
26,124,45,
26,142,141,
26,146,56,
26,158,64,
26,159,72,
26,159,135,
27,13,81,
27,14,2,
27,25,158,
27,45,156,
27,47,36,
27,52,130,
27,53,80,
27,53,156,
27,56,13,
27,67,8,
27,71,15,
27,80,151,
27,82,78,
27,85,61,
27,94,57,
27,96,117,
27,105,127,
27,123,66,
27,129,108,
27,130,31,
27,130,95,
27,149,26,
27,153,45,
28,0,72,
28,5,93,
28,11,55,
28,18,90,
28,43,62,
28,59,51,
28,65,123,
28,68,13,
28,69,13,
28,76,16,
28,94,86,
28,94,157,
28,98,89,
28,101,27,
28,106,122,
28,109,22,
28,113,93,
28,116,139,
28,118,4,
28,120,90,
28,132,107,
28,135,7,
28,137,70,
29,0,28,
29,5,86,
29,8,64,
29,19,133,
29,20,83,
29,26,82,
29,38,55,
29,49,53,
29,55,104,
29,56,119,
29,61,21,
29,67,132,
29,72,108,
29,82,27,
29,84,58,
29,87,91,
29,105,124,
29,110,152,
29,117,102,
29,118,35,
29,122,61,
29,123,20,
29,142,21,
29,142,52,
29,148,48,
29,153,24,
30,0,62,
30,3,35,
30,10,2,
30,17,129,
30,30,133,
30,33,40,
30,40,95,
30,57,42,
30,57,88,
30,61,24,
30,63,28,
30,65,22,
30,65,121,
30,72,82,
30,81,109,
30,83,29,
30,95,77,
30,108,151,
30,109,55,
30,110,12,
30,111,127,
30,115,62,
30,118,94,
30,125,113,
30,137,128,
30,137,154,
30,138,67,
30,140,53,
30,142,121,
30,143,77,
30,143,90,
30,156,9,
31,1,7,
31,4,122,
31,10,131,
31,33,138,
31,35,61,
31,37,73,
31,47,95,
31,47,122,
31,48,41,
31,60,132,
31,62,65,
31,66,85,
31,68,139,
31,70,154,
31,76,77,
31,77,91,
31,82,57,
31,89,28,
31,89,141,
31,95,125,
31,105,52,
31,110,71,
31,119,87,
31,123,16,
31,123,48,
31,129,142,
31,151,72,
32,8,55,
32,19,156,
32,21,77,
32,27,65,
32,31,6,
32,44,29,
32,48,30,
32,61,25,
32,72,8,
32,76,140,
32,77,152,
32,81,15,
32,87,26,
32,89,1,
32,90,130,
32,94,37,
32,98,117,
32,100,22,
32,104,75,
32,109,96,
32,127,145,
32,129,66,
32,130,5,
32,138,72,
32,140,98,
32,140,99,
32,158,74,
33,4,58,
33,6,148,
33,15,61,
33,20,66,
33,44,119,
33,45,115,
33,47,13,
33,51,97,
33,62,115,
33,65,115,
33,66,128,
33,74,4,
33,81,136,
33,91,1,
33,92,121,
33,101,3,
33,119,55,
33,123,99,
33,123,105,
33,126,142,
33,129,23,
33,134,79,
33,144,61,
33,158,84,
34,1,48,
34,20,66,
34,21,57,
34,21,93,
34,31,129,
34,42,129,
34,63,158,
34,69,99,
34,70,83,
34,94,26,
34,97,5,
34,98,141,
34,129,1,
34,131,17,
34,131,49,
34,136,84,
34,142,57,
34,150,27,
34,153,51,
34,154,14,
34,155,124,
35,11,150,
35,19,115,
35,19,130,
35,28,132,
35,34,80,
35,46,28,
35,46,145,
35,48,72,
35,49,105,
35,52,85,
35,76,9,
35,84,103,
35,84,143,
35,85,15,
35,85,20,
35,89,25,
35,98,99,
35,99,103,
35,102,52,
35,105,141,
35,115,10,
35,121,48,
35,126,150,
35,134,75,
35,134,126,
35,134,159,
35,135,63,
35,137,104,
35,139,93,
35,139,106,
35,140,9,
35,155,20,
35,155,110,
36,8,99,
36,10,45,
36,10,159,
36,15,112,
36,23,153,
36,26,67,
36,26,123,
36,33,5,
36,33,105,
36,35,146,
36,38,136,
36,40,59,
36,51,141,
36,57,43,
36,64,32,
36,64,35,
36,72,137,
36,75,70,
36,76,152,
36,77,7,
36,80,113,
36,86,48,
36,89,71,
36,122,132,
36,127,147,
36,128,131,
36,130,14,
36,137,45,
36,138,89,
36,138,123,
36,147,77,
36,147,115,
36,157,22,
37,7,91,
37,17,157,
37,23,61,
37,37,148,
37,42,67,
37,44,134,
37,49,122,
37,53,22,
37,66,113,
37,77,115,
37,84,125,
37,85,129,
37,90,145,
37,94,34,
37,101,89,
37,104,141,
37,112,138,
37,122,19,
37,124,134,
37,129,6,
37,133,60,
37,148,130,
37,150,107,
37,152,8,
37,153,39,
38,9,67,
38,11,65,
38,25,102,
38,26,56,
38,34,53,
38,40,129,
38,55,26,
38,56,20,
38,61,69,
38,63,102,
38,70,18,
38,73,146,
38,77,75,
38,80,17,
38,80,76,
38,88,121,
38,89,90,
38,94,106,
38,96,44,
38,101,153,
38,106,78,
38,117,18,
38,120,124,
38,131,29,
38,133,150,
38,149,104,
39,7,127,
39,11,78,
39,17,83,
39,22,143,
39,48,60,
39,51,109,
39,58,54,
39,71,103,
39,79,132,
39,99,16,
39,104,42,
39,105,22,
39,123,119,
39,125,25,
39,131,13,
39,135,4,
39,135,24,
39,140,67,
39,144,1,
39,144,28,
39,145,110,
39,158,7,
40,7,107,
40,13,46,
40,13,58,
40,26,61,
40,41,118,
40,42,157,
40,44,114,
40,54,127,
40,66,36,
40,71,68,
40,75,74,
40,79,0,
40,96,131,
40,97,49,
40,100,67,
40,101,112,
40,128,38,
40,129,114,
40,130,18,
40,136,79,
40,138,60,
40,145,99,
40,147,134,
40,149,46,
40,153,97,
40,157,134,
41,4,109,
41,27,5,
41,33,10,
41,42,19,
41,47,149,
41,47,156,
41,50,112,
41,50,137,
41,56,28,
41,59,8,
41,62,97,
41,66,29,
41,76,37,
41,76,152,
41,84,27,
41,92,11,
41,103,114,
41,104,87,
41,111,52,
41,112,38,
41,116,148,
41,119,133,
41,140,61,
41,140,141,
41,140,146,
41,141,126,
41,147,45,
41,149,129,
41,151,79,
42,2,132,
42,14,150,
42,20,148,
42,23,21,
42,24,38,
42,28,149,
42,30,28,
42,33,22,
42,44,46,
42,46,88,
42,64,96,
42,67,26,
42,69,58,
42,75,98,
42,85,34,
42,86,151,
42,89,76,
42,90,11,
42,95,94,
42,99,7,
42,104,48,
42,105,110,
42,105,125,
42,113,53,
42,116,143,
42,122,79,
42,148,50,
42,149,26,
42,149,88,
42,157,115,
43,4,159,
43,10,93,
43,12,14,
43,27,112,
43,33,38,
43,40,153,
43,41,23,
43,43,40,
43,43,65,
43,48,57,
43,54,115,
43,55,41,
43,57,121,
43,69,62,
43,76,136,
43,82,27,
43,85,49,
43,97,9,
43,98,78,
43,103,40,
43,113,134,
43,117,34,
43,118,21,
43,131,62,
43,132,146,
43,138,91,
43,144,72,
43,154,12,
43,159,69,
44,4,49,
44,8,87,
44,25,121,
44,29,64,
44,31,44,
44,33,57,
44,38,15,
44,42,9,
44,50,92,
44,60,103,
44,62,6,
44,69,79,
44,69,137,
44,82,64,
44,87,75,
44,89,139,
44,91,65,
44,109,5,
44,109,135,
44,124,80,
44,125,142,
44,126,38,
44,140,54,
44,142,39,
44,151,27,
44,153,110,
44,153,122,
44,154,119,
44,156,15,
45,1,12,
45,2,58,
45,8,9,
45,15,80,
45,16,99,
45,16,155,
45,16,157,
45,33,78,
45,33,129,
45,34,132,
45,48,126,
45,53,102,
45,54,64,
45,59,86,
45,59,123,
45,64,44,
45,74,69,
45,75,88,
45,75,89,
45,82,81,
45,90,151,
45,96,143,
45,99,85,
45,101,118,
45,116,29,
45,128,98,
45,135,129,
45,137,54,
45,140,59,
45,141,80,
45,147,133,
45,155,87,
46,9,12,
46,19,69,
46,23,133,
46,27,119,
46,29,28,
46,33,91,
46,40,91,
46,51,1,
46,59,86,
46,63,88,
46,64,116,
46,67,157,
46,78,49,
46,80,33,
46,84,10,
46,96,39,
46,102,105,
46,109,115,
46,110,113,
46,121,17,
46,124,38,
46,126,119,
46,128,51,
46,144,85,
46,145,107,
46,149,124,
46,150,59,
47,12,134,
47,24,64,
47,48,27,
47,51,106,
47,53,143,
47,63,16,
47,89,11,
47,89,144,
47,94,135,
47,104,41,
47,106,132,
47,134,135,
47,138,26,
47,143,58,
47,144,148,
47,145,17,
47,149,132,
47,150,35,
47,151,23,
48,10,97,
48,13,17,
48,13,120,
48,16,153,
48,22,57,
48,25,133,
48,27,150,
48,33,13,
48,39,10,
48,55,3,
48,63,74,
48,82,113,
48,89,96,
48,99,51,
48,99,125,
48,113,46,
48,126,96,
48,128,19,
48,139,10,
48,139,136,
48,140,118,
48,147,89,
48,148,144,
48,157,122,
49,0,145,
49,1,75,
49,5,119,
49,10,154,
49,12,112,
49,12,131,
49,17,30,
49,20,98,
49,21,61,
49,25,105,
49,30,0,
49,58,73,
49,72,31,
49,73,69,
49,76,83,
49,77,94,
49,81,113,
49,86,131,
49,95,12,
49,120,106,
49,122,42,
49,123,123,
49,127,29,
49,127,73,
49,129,128,
49,133,78,
49,136,110,
49,137,155,
49,140,45,
49,142,32,
49,142,124,
49,149,95,
49,154,74,
49,155,90,
50,0,117,
50,6,146,
50,8,149,
50,25,2,
50,31,57,
50,38,100,
50,44,58,
50,51,138,
50,53,43,
50,53,105,
50,56,4,
50,57,11,
50,60,96,
50,63,64,
50,66,70,
50,67,79,
50,69,3,
50,69,84,
50,69,126,
50,82,62,
50,88,62,
50,88,121,
50,90,93,
50,94,46,
50,96,155,
50,97,55,
50,97,101,
50,131,39,
50,132,150,
50,135,119,
50,145,115,
51,2,132,
51,22,38,
51,23,6,
51,26,115,
51,27,1,
51,36,32,
51,38,26,
51,43,79,
51,46,60,
51,47,62,
51,50,122,
51,51,67,
51,52,3,
51,58,2,
51,59,73,
51,63,56,
51,69,56,
51,77,105,
51,79,11,
51,82,57,
51,88,4,
51,90,20,
51,97,43,
51,99,87,
51,100,155,
51,102,94,
51,103,88,
51,105,14,
51,105,34,
51,105,138,
51,111,45,
51,113,14,
51,117,9,
51,127,150,
51,134,40,
51,138,22,
51,142,103,
51,148,6,
51,149,12,
51,154,17,
51,155,137,
51,157,129,
51,158,111,
52,9,67,
52,24,29,
52,28,124,
52,35,70,
52,45,148,
52,54,31,
52,66,3,
52,80,11,
52,86,103,
52,87,21,
52,93,50,
52,96,83,
52,106,100,
52,116,17,
52,127,82,
52,153,76,
53,10,154,
53,20,16,
53,27,55,
53,30,56,
53,32,130,
53,42,102,
53,42,108,
53,57,59,
53,87,10,
53,96,38,
53,108,48,
53,114,71,
53,116,133,
53,124,20,
53,142,102,
53,143,106,
53,148,110,
53,149,36,
53,149,120,
53,153,109,
53,153,148,
53,158,124,
53,159,88,
54,5,2,
54,31,146,
54,34,110,
54,41,21,
54,47,128,
54,51,94,
54,61,63,
54,61,123,
54,66,3,
54,74,48,
54,82,62,
54,89,93,
54,91,12,
54,91,45,
54,98,126,
54,108,17,
54,113,58,
54,113,130,
54,114,124,
54,120,72,
54,128,2,
54,150,118,
55,2,62,
55,4,49,
55,4,74,
55,9,54,
55,15,146,
55,20,69,
55,21,110,
55,24,151,
55,28,145,
55,29,137,
55,34,20,
55,34,58,
55,35,103,
55,36,141,
55,49,105,
55,51,9,
55,57,76,
55,58,30,
55,59,144,
55,64,35,
55,83,54,
55,92,63,
55,92,118,
55,102,2,
55,102,37,
55,103,158,
55,110,117,
55,111,18,
55,113,61,
55,115,108,
55,117,2,
55,121,42,
55,132,58,
55,156,42,
55,156,142,
56,6,153,
56,14,10,
56,15,126,
56,21,132,
56,23,23,
56,32,20,
56,55,126,
56,80,91,
56,110,111,
56,111,1,
56,119,11,
56,123,1,
56,123,39,
56,135,16,
56,139,150,
56,145,41,
57,4,1,
57,16,32,
57,29,108,
57,46,35,
57,48,122,
57,49,2,
57,58,126,
57,63,152,
57,65,154,
57,88,11,
57,89,138,
57,96,118,
57,100,26,
57,101,159,
57,122,44,
57,130,130,
57,135,118,
57,143,53,
57,147,39,
57,155,77,
58,3,57,
58,3,74,
58,25,16,
58,33,96,
58,34,100,
58,46,136,
58,49,152,
58,50,11,
58,50,96,
58,51,7,
58,59,138,
58,70,16,
58,80,36,
58,95,24,
58,99,158,
58,102,153,
58,105,16,
58,107,52,
58,116,17,
58,136,11,
58,140,79,
58,140,127,
58,152,16,
58,155,16,
59,3,145,
59,11,113,
59,29,156,
59,46,147,
59,50,53,
59,53,54,
59,54,65,
59,69,28,
59,69,96,
59,71,149,
59,79,1,
59,81,50,
59,82,63,
59,83,78,
59,107,41,
59,117,154,
59,120,117,
59,121,138,
59,123,78,
59,123,96,
59,140,117,
59,140,157,
59,151,134,
60,1,5,
60,3,33,
60,6,89,
60,7,86,
60,10,25,
60,14,117,
60,20,151,
60,25,108,
60,37,70,
60,37,135,
60,39,16,
60,45,101,
60,46,56,
60,47,62,
60,59,6,
60,65,51,
60,72,11,
60,81,106,
60,82,74,
60,91,57,
60,99,75,
60,105,65,
60,120,6,
60,122,60,
60,123,20,
60,134,4,
60,153,127,
60,159,72,
60,159,138,
61,1,24,
61,11,28,
61,11,42,
61,14,94,
61,20,78,
61,38,34,
61,45,39,
61,45,55,
61,51,129,
61,58,97,
61,69,27,
61,78,34,
61,78,48,
61,90,56,
61,93,118,
61,99,21,
61,109,14,
61,113,14,
61,113,111,
61,118,31,
61,129,47,
61,137,146,
61,137,153,
61,151,79,
62,12,85,
62,18,91,
62,32,9,
62,33,31,
62,35,107,
62,35,143,
62,37,2,
62,44,129,
62,46,57,
62,60,35,
62,65,18,
62,66,120,
62,78,49,
62,89,93,
62,94,123,
62,106,137,
62,121,67,
62,122,54,
62,123,44,
62,132,114,
62,141,104,
62,159,62,
63,0,95,
63,2,135,
63,5,72,
63,11,86,
63,14,27,
63,19,17,
63,21,148,
63,24,30,
63,25,47,
63,46,125,
63,57,78,
63,61,132,
63,63,72,
63,66,151,
63,71,48,
63,78,133,
63,84,107,
63,90,121,
63,90,129,
63,95,148,
63,99,70,
63,110,74,
63,115,107,
63,117,97,
63,134,12,
63,139,32,
63,140,109,
63,150,61,
63,150,63,
63,153,123,
63,157,58,
64,18,35,
64,29,58,
64,38,52,
64,41,66,
64,41,159,
64,59,149,
64,61,27,
64,75,136,
64,82,49,
64,93,35,
64,97,139,
64,104,33,
64,108,3,
64,109,121,
64,109,125,
64,125,30,
64,134,100,
64,136,56,
64,140,66,
64,147,92,
64,152,90,
64,157,7,
65,2,159,
65,3,123,
65,20,145,
65,22,64,
65,24,110,
65,34,116,
65,53,69,
65,54,136,
65,56,66,
65,56,87,
65,69,35,
65,72,92,
65,73,145,
65,82,3,
65,92,80,
65,101,145,
65,104,135,
65,111,18,
65,120,98,
65,132,41,
65,134,71,
65,143,42,
65,144,29,
65,153,6,
66,2,65,
66,10,77,
66,11,17,
66,12,122,
66,20,117,
66,32,155,
66,41,120,
66,52,143,
66,59,107,
66,59,113,
66,66,117,
66,67,94,
66,69,95,
66,69,138,
66,72,98,
66,78,32,
66,79,99,
66,82,115,
66,84,85,
66,87,17,
66,87,51,
66,92,128,
66,93,61,
66,97,72,
66,99,52,
66,99,144,
66,118,51,
66,121,134,
66,127,25,
66,151,80,
67,1,18,
67,2,38,
67,13,104,
67,21,17,
67,22,120,
67,26,127,
67,26,129,
67,31,4,
67,38,8,
67,42,159,
67,48,19,
67,51,102,
67,52,108,
67,53,85,
67,54,89,
67,75,22,
67,78,93,
67,81,98,
67,82,40,
67,84,24,
67,93,100,
67,96,11,
67,106,105,
67,118,121,
67,141,56,
67,145,40,
68,0,38,
68,17,147,
68,22,6,
68,24,152,
68,27,110,
68,30,30,
68,39,144,
68,50,152,
68,51,51,
68,57,101,
68,61,51,
68,78,157,
68,79,56,
68,83,39,
68,83,52,
68,97,44,
68,104,57,
68,128,116,
68,134,98,
68,142,37,
68,157,19,
68,157,39,
69,1,62,
69,12,98,
69,13,39,
69,22,55,
69,24,67,
69,26,155,
69,31,2,
69,35,35,
69,48,31,
69,57,112,
69,57,155,
69,59,47,
69,60,155,
69,68,24,
69,78,117,
69,83,85,
69,100,22,
69,111,146,
69,112,65,
69,112,120,
69,118,5,
69,139,101,
69,155,90,
70,3,78,
70,18,14,
70,20,56,
70,24,93,
70,33,1,
70,48,120,
70,48,154,
70,51,148,
70,52,140,
70,65,28,
70,80,104,
70,86,56,
70,92,105,
70,125,128,
70,126,136,
70,130,133,
70,149,87,
70,153,134,
70,154,29,
70,154,139,
71,0,65,
71,3,25,
71,5,142,
71,10,10,
71,17,37,
71,26,139,
71,28,56,
71,28,108,
71,30,33,
71,32,95,
71,36,42,
71,38,102,
71,61,117,
71,67,89,
71,69,23,
71,94,59,
71,108,136,
71,117,107,
71,118,73,
71,134,71,
71,135,133,
71,148,67,
71,152,36,
71,155,53,
72,17,145,
72,25,79,
72,29,77,
72,47,96,
72,50,121,
72,56,34,
72,68,43,
72,71,34,
72,73,55,
72,77,34,
72,80,138,
72,103,106,
72,107,35,
72,124,129,
72,125,51,
72,136,118,
72,138,76,
72,141,73,
72,142,103,
72,150,25,
72,154,123,
72,156,15,
72,157,145,
73,4,18,
73,20,140,
73,23,99,
73,24,4,
73,28,49,
73,29,122,
73,32,97,
73,51,10,
73,58,151,
73,62,32,
73,64,155,
73,68,119,
73,72,51,
73,86,114,
73,86,147,
73,87,2,
73,92,139,
73,110,107,
73,116,51,
73,120,125,
73,123,39,
73,128,145,
73,130,131,
73,131,39,
73,131,84,
73,137,101,
73,145,50,
73,149,106,
73,152,55,
73,159,99,
74,4,159,
74,9,23,
74,10,30,
74,14,42,
74,15,82,
74,22,127,
74,26,103,
74,30,62,
74,32,63,
74,37,23,
74,41,67,
74,65,51,
74,70,58,
74,87,37,
74,93,69,
74,99,109,
74,111,70,
74,115,159,
74,132,0,
74,136,15,
74,136,25,
74,146,16,
74,153,23,
75,6,8,
75,12,116,
75,14,126,
75,24,144,
75,39,132,
75,46,138,
75,60,25,
75,60,139,
75,70,72,
75,72,148,
75,78,3,
75,88,27,
75,91,8,
75,92,50,
75,92,78,
75,103,31,
75,103,83,
75,106,30,
75,116,38,
75,117,8,
75,123,102,
75,123,150,
75,124,141,
75,128,156,
75,130,113,
75,153,46,
76,3,37,
76,7,76,
76,10,90,
76,18,123,
76,26,12,
76,28,51,
76,31,7,
76,32,121,
76,50,84,
76,51,129,
76,53,83,
76,64,139,
76,104,37,
76,112,98,
76,114,84,
76,115,114,
76,127,76,
76,130,41,
76,131,94,
76,135,84,
76,141,15,
76,143,111,
76,145,105,
76,157,85,
77,5,30,
77,34,22,
77,36,11,
77,36,110,
77,37,8,
77,45,108,
77,50,2,
77,51,126,
77,53,108,
77,64,20,
77,65,145,
77,67,98,
77,76,63,
77,77,94,
77,83,24,
77,87,146,
77,90,70,
77,90,71,
77,102,43,
77,140,10,
77,141,93,
77,150,62,
77,155,11,
77,157,45,
78,11,22,
78,18,138,
78,22,18,
78,26,104,
78,26,121,
78,43,107,
78,51,62,
78,52,63,
78,56,139,
78,58,7,
78,60,82,
78,65,114,
78,71,35,
78,74,65,
78,90,103,
78,92,57,
78,94,14,
78,101,135,
78,102,41,
78,102,88,
78,113,105,
78,118,143,
78,124,131,
78,128,108,
78,131,37,
78,147,65,
78,150,19,
78,153,16,
79,2,41,
79,5,91,
79,6,124,
79,8,134,
79,9,43,
79,19,82,
79,48,78,
79,62,4,
79,62,19,
79,63,127,
79,68,14,
79,77,79,
79,77,115,
79,79,59,
79,87,19,
79,91,76,
79,101,68,
79,112,143,
79,122,86,
79,125,143,
79,132,126,
79,133,64,
79,143,102,
79,143,152,
79,145,81,
79,152,35,
79,152,62,
79,158,83,
80,1,12,
80,3,40,
80,4,2,
80,7,152,
80,9,138,
80,18,8,
80,18,41,
80,23,81,
80,43,85,
80,49,58,
80,51,47,
80,68,80,
80,70,78,
80,73,83,
80,75,138,
80,77,91,
80,78,23,
80,78,69,
80,84,136,
80,94,143,
80,113,46,
80,116,75,
80,122,31,
80,126,55,
80,133,3,
80,149,23,
80,149,127,
80,151,94,
80,158,101,
81,1,86,
81,2,101,
81,6,108,
81,11,55,
81,15,114,
81,34,72,
81,36,25,
81,38,50,
81,47,90,
81,53,43,
81,64,148,
81,68,52,
81,73,144,
81,79,114,
81,100,45,
81,118,46,
81,124,122,
81,131,26,
81,132,129,
81,134,21,
81,140,82,
81,146,61,
81,152,2,
81,158,94,
82,2,116,
82,5,113,
82,7,39,
82,18,93,
82,25,83,
82,26,38,
82,29,14,
82,30,140,
82,32,30,
82,50,142,
82,50,155,
82,64,152,
82,66,117,
82,74,25,
82,75,109,
82,84,150,
82,103,78,
82,107,69,
82,123,146,
82,124,77,
82,126,29,
82,128,125,
82,132,59,
82,134,47,
82,136,56,
82,137,71,
82,145,26,
82,152,157,
82,159,48,
83,0,132,
83,9,24,
83,11,100,
83,13,60,
83,25,11,
83,26,119,
83,34,101,
83,45,131,
83,57,75,
83,57,156,
83,64,60,
83,71,33,
83,76,101,
83,80,127,
83,80,151,
83,98,3,
83,98,48,
83,104,137,
83,108,96,
83,110,156,
83,116,15,
83,119,158,
83,122,68,
83,131,130,
83,133,158,
83,138,141,
83,151,51,
83,155,155,
84,4,87,
84,16,92,
84,17,6,
84,21,0,
84,32,81,
84,41,54,
84,43,127,
84,45,49,
84,45,129,
84,53,141,
84,59,107,
84,60,47,
84,64,10,
84,65,0,
84,66,139,
84,90,22,
84,98,53,
84,106,72,
84,107,33,
84,117,140,
84,128,58,
84,129,50,
84,135,137,
84,136,7,
84,142,61,
84,151,61,
84,153,93,
85,2,17,
85,3,38,
85,15,40,
85,16,59,
85,22,29,
85,22,112,
85,26,93,
85,29,34,
85,29,85,
85,29,123,
85,31,75,
85,41,50,
85,41,99,
85,53,156,
85,59,159,
85,76,94,
85,90,106,
85,110,146,
85,123,24,
85,126,29,
85,127,154,
85,130,43,
85,131,80,
85,131,150,
85,143,82,
85,144,154,
85,148,100,
85,149,0,
86,10,9,
86,11,157,
86,26,36,
86,34,1,
86,34,46,
86,57,145,
86,60,63,
86,63,134,
86,65,121,
86,65,133,
86,68,47,
86,78,19,
86,78,133,
86,87,31,
86,91,135,
86,100,20,
86,107,152,
86,111,4,
86,117,155,
86,131,70,
87,3,59,
87,4,39,
87,10,136,
87,24,143,
87,30,6,
87,34,15,
87,34,21,
87,35,136,
87,37,19,
87,39,134,
87,47,118,
87,57,16,
87,64,21,
87,69,60,
87,73,113,
87,74,38,
87,78,146,
87,86,147,
87,89,27,
87,97,64,
87,99,122,
87,100,42,
87,104,84,
87,105,73,
87,110,151,
87,111,99,
87,114,36,
87,116,9,
87,121,111,
87,139,13,
87,142,99,
87,143,62,
87,155,31,
88,1,3,
88,7,24,
88,17,112,
88,28,156,
88,30,46,
88,30,49,
88,32,36,
88,50,106,
88,51,80,
88,55,88,
88,62,148,
88,66,56,
88,78,150,
88,104,18,
88,108,124,
88,119,43,
88,127,49,
88,128,145,
88,139,46,
88,153,5,
89,7,145,
89,20,78,
89,20,137,
89,21,123,
89,34,123,
89,38,57,
89,40,158,
89,43,30,
89,44,115,
89,45,2,
89,45,69,
89,49,97,
89,50,2,
89,50,137,
89,61,57,
89,68,69,
89,72,96,
89,84,141,
89,97,41,
89,100,124,
89,100,150,
89,100,151,
89,101,123,
89,105,100,
89,114,94,
89,116,36,
89,120,124,
89,127,122,
89,131,79,
89,144,59,
89,152,52,
89,153,28,
90,4,93,
90,13,111,
90,20,10,
90,22,50,
90,30,128,
90,31,142,
90,41,139,
90,47,69,
90,49,50,
90,56,78,
90,72,132,
90,76,144,
90,96,98,
90,96,145,
90,99,156,
90,114,88,
90,120,80,
90,121,40,
90,122,100,
90,125,34,
90,134,136,
90,137,92,
90,143,95,
90,144,37,
90,147,7,
90,149,75,
90,149,106,
90,153,85,
91,3,92,
91,6,92,
91,14,52,
91,19,113,
91,20,134,
91,30,60,
91,32,86,
91,33,120,
91,44,27,
91,53,121,
91,57,80,
91,57,150,
91,58,157,
91,61,159,
91,68,10,
91,70,135,
91,98,31,
91,98,50,
91,112,33,
91,113,85,
91,116,8,
91,131,69,
91,136,57,
91,138,55,
91,146,148,
91,155,103,
92,7,156,
92,8,2,
92,10,7,
92,22,149,
92,23,37,
92,30,131,
92,33,159,
92,48,130,
92,49,52,
92,50,59,
92,54,19,
92,56,69,
92,65,87,
92,66,57,
92,79,135,
92,80,68,
92,106,57,
92,118,114,
92,121,27,
92,122,44,
92,127,2,
92,151,35,
92,151,131,
92,154,29,
92,154,101,
92,157,115,
93,1,118,
93,6,134,
93,9,102,
93,11,98,
93,17,73,
93,22,141,
93,32,109,
93,41,37,
93,43,3,
93,45,24,
93,62,152,
93,64,18,
93,65,85,
93,68,133,
93,79,34,
93,85,105,
93,88,11,
93,92,43,
93,93,148,
93,99,149,
93,108,0,
93,123,104,
93,125,140,
93,129,27,
93,151,5,
93,153,41,
93,157,16,
93,158,71,
94,5,36,
94,6,18,
94,8,157,
94,29,34,
94,29,43,
94,30,78,
94,42,51,
94,75,55,
94,98,30,
94,101,76,
94,102,27,
94,108,5,
94,114,116,
94,120,7,
94,120,125,
94,122,58,
94,130,145,
94,131,86,
94,133,61,
94,133,136,
94,139,26,
95,2,86,
95,11,13,
95,24,19,
95,26,104,
95,31,4,
95,34,67,
95,35,80,
95,40,81,
95,41,110,
95,43,19,
95,51,0,
95,54,145,
95,55,54,
95,58,13,
95,66,140,
95,71,144,
95,79,114,
95,87,43,
95,90,59,
95,99,88,
95,116,12,
95,117,79,
95,123,13,
95,126,33,
95,127,103,
95,130,8,
95,134,136,
95,157,62,
96,19,74,
96,22,133,
96,30,145,
96,37,120,
96,67,96,
96,82,86,
96,88,56,
96,89,151,
96,92,63,
96,99,86,
96,99,155,
96,108,5,
96,109,146,
96,112,38,
96,114,107,
96,124,31,
96,133,22,
96,134,15,
96,157,93,
97,2,119,
97,24,80,
97,25,30,
97,28,19,
97,39,68,
97,79,148,
97,82,129,
97,91,48,
97,98,127,
97,107,131,
97,110,81,
97,113,159,
97,143,69,
97,148,43,
98,3,37,
98,4,76,
98,7,150,
98,11,45,
98,16,26,
98,18,93,
98,30,41,
98,47,0,
98,47,121,
98,51,153,
98,57,66,
98,68,46,
98,76,117,
98,79,138,
98,81,44,
98,85,17,
98,89,42,
98,92,62,
98,93,93,
98,103,152,
98,104,150,
98,106,17,
98,111,38,
98,115,18,
98,115,38,
98,125,112,
98,127,44,
98,129,1,
98,139,60,
98,144,158,
98,155,41,
99,6,49,
99,18,3,
99,19,135,
99,21,111,
99,22,135,
99,24,11,
99,26,130,
99,30,66,
99,31,33,
99,42,140,
99,44,131,
99,50,127,
99,59,44,
99,61,48,
99,61,94,
99,62,22,
99,75,139,
99,78,113,
99,84,10,
99,85,52,
99,91,106,
99,99,123,
99,102,103,
99,105,107,
99,112,79,
99,112,102,
99,116,83,
99,118,50,
99,124,15,
99,125,129,
99,136,5,
99,137,104,
100,9,94,
100,17,100,
100,30,44,
100,45,50,
100,49,153,
100,52,40,
100,54,122,
100,57,54,
100,59,8,
100,61,97,
100,70,153,
100,77,128,
100,81,142,
100,82,6,
100,85,44,
100,93,76,
100,98,56,
100,105,152,
100,116,42,
100,131,35,
100,131,56,
100,132,7,
100,132,117,
100,148,159,
100,155,67,
100,156,65,
100,158,72,
101,10,140,
101,13,84,
101,14,117,
101,20,115,
101,20,120,
101,22,62,
101,24,142,
101,37,82,
101,45,75,
101,53,86,
101,60,0,
101,60,9,
101,61,116,
101,74,102,
101,83,89,
101,89,32,
101,96,21,
101,97,103,
101,106,42,
101,107,64,
101,112,87,
101,141,57,
101,143,87,
101,145,46,
101,152,36,
102,2,0,
102,3,63,
102,8,116,
102,11,115,
102,18,24,
102,22,67,
102,24,154,
102,25,35,
102,35,14,
102,35,52,
102,43,29,
102,44,16,
102,64,91,
102,70,124,
102,79,25,
102,83,143,
102,85,76,
102,86,74,
102,93,128,
102,99,145,
102,107,128,
102,112,80,
102,123,64,
102,125,149,
102,128,108,
102,130,8,
102,132,103,
102,134,152,
102,142,72,
102,147,143,
102,150,130,
103,2,108,
103,3,104,
103,49,5,
103,53,28,
103,57,47,
103,62,56,
103,70,73,
103,71,113,
103,77,15,
103,78,96,
103,87,150,
103,87,152,
103,93,41,
103,93,112,
103,106,96,
103,112,100,
103,116,54,
103,126,5,
103,128,81,
103,132,79,
103,132,151,
103,145,106,
103,154,151,
104,6,56,
104,24,97,
104,27,124,
104,27,132,
104,39,146,
104,45,90,
104,46,131,
104,58,152,
104,77,137,
104,80,21,
104,83,108,
104,84,114,
104,88,114,
104,91,85,
104,94,99,
104,100,137,
104,103,36,
104,103,89,
104,104,83,
104,108,19,
104,109,39,
104,110,155,
104,111,15,
104,111,16,
104,115,62,
104,115,125,
104,116,144,
104,119,18,
104,123,152,
104,136,57,
104,145,8,
104,146,27,
104,157,137,
105,11,155,
105,22,97,
105,27,81,
105,36,30,
105,38,100,
105,43,27,
105,45,55,
105,46,96,
105,51,91,
105,54,87,
105,64,55,
105,68,39,
105,75,78,
105,81,101,
105,85,66,
105,86,9,
105,89,101,
105,104,98,
105,114,140,
105,122,7,
105,128,143,
105,137,146,
105,151,124,
105,155,22,
106,0,67,
106,0,71,
106,5,112,
106,13,78,
106,13,139,
106,15,108,
106,24,97,
106,26,60,
106,30,142,
106,35,1,
106,40,99,
106,45,125,
106,52,25,
106,54,0,
106,56,91,
106,60,35,
106,63,24,
106,74,28,
106,76,67,
106,98,86,
106,114,24,
106,132,39,
106,146,35,
106,148,74,
106,149,31,
106,149,128,
106,156,23,
107,6,0,
107,16,17,
107,17,101,
107,28,6,
107,28,110,
107,34,3,
107,40,3,
107,44,147,
107,48,99,
107,51,33,
107,60,46,
107,70,44,
107,74,93,
107,76,122,
107,78,132,
107,81,7,
107,93,149,
107,98,123,
107,99,81,
107,100,25,
107,108,153,
107,112,68,
107,116,78,
107,121,101,
107,123,69,
107,123,126,
107,124,135,
107,125,26,
107,126,109,
107,138,115,
107,149,82,
108,15,25,
108,17,61,
108,20,2,
108,26,144,
108,39,129,
108,46,7,
108,46,80,
108,50,141,
108,54,95,
108,56,81,
108,62,31,
108,68,22,
108,81,90,
108,86,99,
108,94,145,
108,97,30,
108,100,98,
108,108,35,
108,110,49,
108,113,108,
108,153,36,
108,159,19,
109,10,80,
109,29,11,
109,29,132,
109,47,23,
109,56,57,
109,59,87,
109,74,26,
109,77,25,
109,77,94,
109,78,92,
109,82,147,
109,87,32,
109,92,134,
109,96,65,
109,103,70,
109,108,140,
109,113,144,
109,121,112,
109,131,120,
109,141,129,
109,152,139,
110,10,12,
110,13,21,
110,18,12,
110,19,11,
110,19,137,
110,21,5,
110,28,107,
110,35,104,
110,37,28,
110,38,9,
110,39,127,
110,48,127,
110,52,100,
110,75,16,
110,81,137,
110,82,86,
110,109,113,
110,110,7,
110,110,156,
110,111,90,
110,114,39,
110,120,74,
110,121,153,
110,134,69,
110,135,96,
110,136,47,
110,136,144,
110,141,73,
110,145,157,
110,153,147,
111,4,2,
111,10,136,
111,17,43,
111,18,78,
111,24,13,
111,24,37,
111,24,139,
111,29,23,
111,36,62,
111,41,120,
111,49,75,
111,50,65,
111,60,107,
111,68,113,
111,76,33,
111,77,101,
111,79,16,
111,90,81,
111,93,5,
111,113,62,
111,120,83,
111,143,115,
111,151,144,
111,153,159,
111,154,122,
112,1,106,
112,13,68,
112,25,30,
112,30,71,
112,39,71,
112,41,108,
112,46,45,
112,55,83,
112,57,140,
112,63,67,
112,115,130,
112,129,157,
112,138,22,
112,140,14,
112,142,57,
112,149,35,
112,150,9,
112,152,110,
112,155,32,
113,1,64,
113,14,25,
113,14,93,
113,15,91,
113,19,90,
113,22,59,
113,35,79,
113,38,114,
113,46,97,
113,49,43,
113,52,4,
113,57,24,
113,62,11,
113,67,117,
113,68,108,
113,78,11,
113,85,77,
113,85,144,
113,96,60,
113,102,9,
113,105,99,
113,133,30,
113,143,37,
113,153,76,
113,154,137,
113,159,31,
114,15,78,
114,15,89,
114,28,3,
114,44,36,
114,44,49,
114,45,12,
114,46,80,
114,52,9,
114,63,85,
114,66,144,
114,70,34,
114,88,59,
114,91,147,
114,96,32,
114,108,112,
114,111,141,
114,126,120,
114,131,8,
114,134,87,
114,137,21,
114,144,35,
114,148,150,
114,149,84,
114,158,22,
115,20,143,
115,25,98,
115,25,131,
115,34,50,
115,35,5,
115,40,104,
115,44,140,
115,79,100,
115,80,72,
115,80,157,
115,86,129,
115,110,100,
115,118,65,
115,120,55,
115,121,134,
115,135,60,
115,137,66,
115,140,98,
115,147,145,
116,0,78,
116,6,21,
116,8,66,
116,9,146,
116,12,53,
116,29,68,
116,33,3,
116,46,11,
116,55,47,
116,62,40,
116,67,45,
116,71,40,
116,73,141,
116,86,129,
116,90,113,
116,91,148,
116,104,143,
116,123,158,
116,125,135,
116,127,5,
116,133,105,
116,153,157,
116,159,38,
117,9,44,
117,16,109,
117,18,37,
117,25,55,
117,28,2,
117,40,101,
117,44,96,
117,50,158,
117,61,84,
117,63,114,
117,69,31,
117,76,157,
117,80,157,
117,92,86,
117,92,92,
117,100,143,
117,104,40,
117,109,64,
117,113,39,
117,118,2,
117,123,66,
117,130,155,
117,134,87,
117,139,88,
117,152,141,
118,0,24,
118,4,124,
118,8,70,
118,10,104,
118,11,19,
118,31,113,
118,36,105,
118,40,130,
118,45,76,
118,49,45,
118,60,125,
118,67,31,
118,77,1,
118,81,84,
118,83,9,
118,86,73,
118,96,120,
118,101,95,
118,105,13,
118,112,49,
118,123,144,
118,132,77,
118,134,99,
118,143,109,
118,148,70,
118,156,44,
119,28,83,
119,37,18,
119,44,142,
119,50,158,
119,58,51,
119,60,43,
119,63,53,
119,72,10,
119,76,55,
119,77,40,
119,78,40,
119,78,151,
119,82,26,
119,88,126,
119,94,145,
119,112,70,
119,117,82,
119,128,6,
119,134,61,
119,134,83,
119,135,70,
119,135,72,
119,149,67,
119,149,91,
119,155,110,
119,156,136,
120,9,84,
120,9,101,
120,10,146,
120,11,9,
120,18,98,
120,26,130,
120,28,73,
120,34,114,
120,55,44,
120,60,139,
120,63,89,
120,64,155,
120,84,4,
120,104,25,
120,121,125,
120,123,89,
120,124,74,
120,128,59,
120,135,104,
120,140,103,
120,149,49,
120,156,125,
121,12,11,
121,23,41,
121,48,116,
121,52,74,
121,60,41,
121,73,157,
121,78,75,
121,80,17,
121,85,102,
121,86,81,
121,87,69,
121,87,138,
121,89,83,
121,93,90,
121,102,1,
121,106,112,
121,119,9,
121,129,110,
121,145,88,
122,22,155,
122,27,127,
122,32,82,
122,34,126,
122,43,124,
122,59,92,
122,63,117,
122,64,135,
122,91,98,
122,98,93,
122,106,158,
122,114,41,
122,117,29,
122,121,1,
122,126,73,
122,132,157,
122,134,3,
122,135,16,
122,138,36,
122,146,128,
122,149,15,
122,149,123,
123,1,19,
123,5,65,
123,10,89,
123,13,20,
123,18,80,
123,20,58,
123,34,51,
123,40,157,
123,42,37,
123,44,141,
123,56,117,
123,59,113,
123,60,81,
123,79,8,
123,80,98,
123,84,79,
123,88,121,
123,97,133,
123,99,94,
123,99,130,
123,102,20,
123,114,71,
123,117,158,
123,153,68,
123,157,14,
124,3,12,
124,8,150,
124,11,58,
124,13,16,
124,13,138,
124,20,18,
124,24,98,
124,32,73,
124,37,149,
124,42,41,
124,43,81,
124,45,27,
124,46,129,
124,50,79,
124,51,74,
124,55,50,
124,67,44,
124,72,23,
124,73,5,
124,91,65,
124,99,69,
124,116,19,
124,120,57,
124,121,105,
124,130,18,
124,131,113,
124,134,12,
124,138,60,
124,139,50,
124,139,98,
124,139,112,
124,143,157,
124,146,2,
124,151,132,
124,157,41,
125,6,134,
125,12,155,
125,17,80,
125,18,10,
125,23,10,
125,23,119,
125,25,1,
125,31,135,
125,34,56,
125,34,79,
125,34,124,
125,37,81,
125,48,61,
125,69,76,
125,71,61,
125,75,138,
125,77,36,
125,79,9,
125,85,50,
125,87,94,
125,93,13,
125,94,138,
125,95,14,
125,96,68,
125,103,26,
125,105,126,
125,107,64,
125,114,113,
125,123,74,
125,134,118,
125,136,65,
125,144,47,
126,8,15,
126,15,152,
126,24,10,
126,32,48,
126,32,121,
126,37,26,
126,46,104,
126,51,74,
126,52,70,
126,56,156,
126,62,1,
126,64,34,
126,64,154,
126,66,115,
126,69,114,
126,69,148,
126,72,89,
126,73,93,
126,77,56,
126,79,80,
126,80,3,
126,113,36,
126,117,48,
126,124,101,
126,126,142,
126,138,75,
126,139,60,
126,139,97,
126,156,102,
126,157,59,
127,3,74,
127,10,49,
127,10,57,
127,12,105,
127,14,79,
127,14,104,
127,34,43,
127,41,4,
127,49,72,
127,50,114,
127,51,28,
127,51,49,
127,53,107,
127,66,109,
127,78,45,
127,88,134,
127,94,39,
127,96,97,
127,101,117,
127,108,40,
127,112,67,
127,128,0,
127,129,16,
127,138,23,
127,139,141,
128,1,1,
128,20,96,
128,22,52,
128,28,135,
128,37,33,
128,41,42,
128,49,137,
128,52,123,
128,53,43,
128,56,3,
128,68,153,
128,80,159,
128,82,115,
128,83,116,
128,84,94,
128,94,17,
128,115,45,
128,124,84,
128,129,82,
128,135,34,
128,141,22,
128,145,139,
128,147,128,
128,148,102,
128,156,48,
128,156,69,
129,2,50,
129,2,99,
129,17,10,
129,23,15,
129,26,15,
129,29,90,
129,34,135,
129,39,0,
129,51,132,
129,52,152,
129,61,12,
129,92,137,
129,93,47,
129,96,51,
129,102,43,
129,103,87,
129,106,16,
129,108,5,
129,114,127,
129,120,81,
129,142,18,
129,144,38,
129,147,37,
129,147,142,
129,149,61,
129,154,124,
129,156,106,
129,156,127,
129,158,22,
129,159,72,
130,2,91,
130,4,157,
130,14,8,
130,19,65,
130,25,132,
130,32,53,
130,33,80,
130,34,3,
130,39,86,
130,45,93,
130,62,95,
130,63,77,
130,75,51,
130,78,4,
130,79,79,
130,89,26,
130,93,82,
130,95,43,
130,106,139,
130,108,83,
130,114,18,
130,114,75,
130,116,35,
130,120,67,
130,135,45,
130,143,99,
130,144,115,
130,145,94,
130,153,42,
131,0,81,
131,3,99,
131,4,93,
131,13,56,
131,25,151,
131,40,15,
131,50,153,
131,59,95,
131,69,159,
131,85,83,
131,96,124,
131,97,88,
131,108,60,
131,119,18,
131,124,26,
131,126,12,
131,131,110,
131,139,64,
131,141,148,
131,143,72,
131,144,82,
131,155,94,
132,4,39,
132,15,47,
132,21,116,
132,22,124,
132,32,20,
132,39,50,
132,41,147,
132,44,29,
132,45,93,
132,51,126,
132,72,128,
132,75,77,
132,77,101,
132,83,68,
132,84,127,
132,122,80,
132,136,106,
132,138,70,
132,145,72,
132,146,36,
132,148,74,
132,157,117,
132,158,82,
133,7,128,
133,25,10,
133,25,154,
133,40,89,
133,43,17,
133,44,7,
133,82,69,
133,93,76,
133,104,57,
133,113,48,
133,120,107,
133,122,127,
133,128,47,
133,128,62,
133,133,35,
133,143,1,
133,143,87,
133,144,123,
133,147,8,
133,153,16,
133,159,72,
134,6,0,
134,8,87,
134,12,87,
134,14,115,
134,23,48,
134,25,46,
134,31,69,
134,40,82,
134,41,128,
134,45,16,
134,46,84,
134,50,35,
134,51,118,
134,53,96,
134,53,121,
134,60,134,
134,71,155,
134,80,138,
134,108,54,
134,109,148,
134,110,89,
134,113,99,
134,116,25,
134,122,139,
134,122,154,
134,128,76,
134,128,84,
134,130,123,
134,137,125,
134,145,10,
134,145,154,
134,157,28,
135,5,105,
135,7,57,
135,14,123,
135,24,88,
135,26,65,
135,27,79,
135,38,35,
135,46,81,
135,50,132,
135,54,130,
135,60,1,
135,71,134,
135,76,115,
135,80,34,
135,83,159,
135,85,86,
135,88,63,
135,90,102,
135,91,111,
135,99,95,
135,100,69,
135,101,51,
135,106,10,
135,106,152,
135,125,97,
135,136,111,
135,144,129,
135,147,140,
135,155,23,
136,7,30,
136,9,119,
136,16,148,
136,62,107,
136,68,3,
136,70,41,
136,83,92,
136,91,132,
136,94,36,
136,97,25,
136,98,156,
136,108,21,
136,121,56,
136,126,80,
136,133,122,
136,140,55,
136,156,128,
136,158,5,
137,1,46,
137,7,6,
137,8,139,
137,13,80,
137,22,123,
137,23,126,
137,26,155,
137,27,122,
137,29,58,
137,33,96,
137,52,85,
137,61,7,
137,74,33,
137,79,42,
137,79,150,
137,98,136,
137,103,53,
137,104,38,
137,106,19,
137,110,133,
137,112,25,
137,117,112,
137,122,37,
137,139,80,
137,139,137,
137,146,102,
137,154,117,
137,159,128,
138,1,70,
138,8,55,
138,14,60,
138,15,139,
138,21,91,
138,32,92,
138,35,44,
138,50,7,
138,51,131,
138,60,156,
138,64,60,
138,68,150,
138,80,48,
138,84,25,
138,96,62,
138,102,87,
138,102,103,
138,108,137,
138,130,153,
139,1,130,
139,4,144,
139,18,33,
139,21,86,
139,26,69,
139,27,1,
139,39,109,
139,48,129,
139,62,133,
139,67,128,
139,68,23,
139,68,125,
139,69,150,
139,70,141,
139,87,83,
139,89,50,
139,91,130,
139,92,9,
139,100,92,
139,103,78,
139,111,28,
139,114,39,
139,114,48,
139,121,23,
139,128,31,
139,129,48,
139,137,72,
139,137,83,
139,140,31,
139,141,111,
139,149,58,
139,150,50,
139,152,80,
140,17,26,
140,40,42,
140,50,118,
140,57,78,
140,69,59,
140,89,63,
140,92,79,
140,104,78,
140,104,111,
140,129,83,
140,136,83,
140,139,148,
140,145,41,
140,148,79,
140,154,109,
141,2,60,
141,2,159,
141,4,122,
141,15,122,
141,17,94,
141,23,19,
141,25,106,
141,48,140,
141,55,79,
141,57,77,
141,59,60,
141,62,36,
141,72,4,
141,73,52,
141,83,135,
141,91,72,
141,102,11,
141,105,109,
141,106,16,
141,112,7,
141,118,21,
141,121,47,
141,133,33,
141,142,92,
141,144,106,
141,158,58,
141,159,98,
142,3,111,
142,7,4,
142,12,41,
142,15,17,
142,15,76,
142,15,92,
142,21,87,
142,25,1,
142,25,41,
142,31,111,
142,33,49,
142,34,48,
142,34,91,
142,66,87,
142,67,35,
142,112,122,
142,113,16,
142,117,29,
142,123,40,
142,126,123,
142,128,128,
142,134,97,
142,135,70,
142,136,118,
142,150,148,
143,6,34,
143,9,5,
143,14,17,
143,16,96,
143,19,99,
143,22,109,
143,23,74,
143,36,152,
143,42,8,
143,48,98,
143,49,54,
143,50,142,
143,63,14,
143,67,64,
143,78,6,
143,87,82,
143,95,44,
143,97,87,
143,113,14,
143,126,26,
143,134,6,
143,134,10,
143,135,61,
143,147,146,
143,157,50,
144,29,72,
144,32,134,
144,35,66,
144,37,99,
144,40,73,
144,47,144,
144,49,31,
144,62,19,
144,74,86,
144,77,118,
144,87,98,
144,90,94,
144,102,38,
144,109,121,
144,116,100,
144,123,51,
144,129,89,
144,147,39,
144,155,116,
145,2,6,
145,2,74,
145,12,40,
145,22,84,
145,36,74,
145,39,135,
145,54,34,
145,57,142,
145,61,2,
145,63,110,
145,64,126,
145,69,62,
145,74,16,
145,77,67,
145,87,11,
145,92,50,
145,112,8,
145,115,84,
145,117,119,
145,128,25,
145,129,86,
145,142,130,
145,149,126,
146,9,159,
146,25,14,
146,26,56,
146,53,85,
146,57,13,
146,60,47,
146,65,66,
146,74,19,
146,79,36,
146,80,30,
146,85,26,
146,104,86,
146,108,129,
146,132,129,
146,136,156,
146,141,146,
146,142,137,
146,147,5,
146,147,24,
146,147,96,
146,159,44,
147,2,73,
147,5,130,
147,8,66,
147,15,117,
147,16,11,
147,16,145,
147,17,32,
147,31,147,
147,38,114,
147,40,122,
147,40,153,
147,50,95,
147,56,140,
147,57,21,
147,62,33,
147,62,91,
147,64,151,
147,73,51,
147,79,27,
147,88,140,
147,101,108,
147,106,82,
147,117,46,
147,129,97,
147,144,110,
147,150,1,
147,159,159,
148,12,48,
148,15,65,
148,17,70,
148,20,98,
148,22,68,
148,45,99,
148,47,8,
148,57,50,
148,59,138,
148,63,5,
148,64,76,
148,65,23,
148,65,109,
148,68,52,
148,73,128,
148,74,40,
148,79,19,
148,101,156,
148,107,101,
148,110,57,
148,115,30,
148,121,8,
148,126,126,
148,136,23,
148,140,0,
148,148,109,
148,156,138,
149,1,57,
149,6,93,
149,9,31,
149,9,136,
149,12,72,
149,19,52,
149,21,44,
149,21,101,
149,22,1,
149,25,142,
149,41,123,
149,64,107,
149,70,30,
149,89,90,
149,90,47,
149,91,70,
149,96,103,
149,96,146,
149,115,86,
149,118,69,
149,129,2,
149,145,57,
149,146,111,
149,151,63,
149,154,50,
149,158,112,
150,3,91,
150,6,91,
150,26,138,
150,31,64,
150,44,135,
150,59,45,
150,63,97,
150,65,42,
150,65,130,
150,69,135,
150,74,130,
150,78,6,
150,81,82,
150,82,111,
150,86,53,
150,94,91,
150,99,55,
150,103,39,
150,120,22,
150,137,33,
150,137,109,
150,143,119,
150,154,1,
151,12,4,
151,21,7,
151,21,37,
151,25,143,
151,28,59,
151,29,79,
151,33,116,
151,50,40,
151,50,135,
151,54,21,
151,54,47,
151,56,84,
151,60,79,
151,62,61,
151,84,5,
151,99,81,
151,101,1,
151,106,3,
151,130,11,
151,141,0,
152,7,141,
152,13,125,
152,19,33,
152,28,64,
152,33,71,
152,41,146,
152,42,87,
152,42,147,
152,45,91,
152,48,116,
152,59,132,
152,79,0,
152,94,2,
152,94,78,
152,102,45,
152,112,138,
152,122,49,
152,123,94,
152,133,55,
152,138,77,
152,143,97,
152,146,76,
153,2,70,
153,3,25,
153,3,29,
153,3,114,
153,9,85,
153,15,90,
153,16,42,
153,20,31,
153,22,133,
153,23,156,
153,28,73,
153,40,73,
153,40,151,
153,69,155,
153,79,126,
153,81,130,
153,84,49,
153,88,47,
153,90,114,
153,96,70,
153,97,83,
153,111,47,
153,116,17,
153,120,129,
153,121,23,
153,123,30,
153,123,47,
153,129,70,
153,130,85,
153,139,106,
153,143,73,
153,157,86,
154,7,87,
154,19,62,
154,21,44,
154,24,66,
154,30,101,
154,39,93,
154,49,19,
154,49,27,
154,52,105,
154,67,104,
154,67,110,
154,80,110,
154,81,101,
154,82,55,
154,93,73,
154,100,2,
154,120,18,
154,135,115,
154,154,117,
154,156,99,
154,158,82,
154,159,10,
154,159,12,
154,159,40,
155,8,110,
155,17,128,
155,22,152,
155,28,82,
155,41,121,
155,51,1,
155,58,57,
155,62,68,
155,67,46,
155,75,1,
155,85,65,
155,87,128,
155,94,12,
155,94,108,
155,97,28,
155,131,12,
155,149,115,
155,156,46,
155,156,82,
156,7,95,
156,14,55,
156,19,109,
156,27,62,
156,36,91,
156,42,13,
156,44,93,
156,44,94,
156,60,48,
156,79,7,
156,81,69,
156,88,144,
156,92,145,
156,95,159,
156,123,75,
156,129,40,
156,130,151,
156,138,141,
156,144,132,
156,147,46,
156,150,48,
156,154,132,
156,158,20,
157,8,28,
157,8,86,
157,27,61,
157,27,80,
157,29,50,
157,34,56,
157,38,97,
157,42,110,
157,44,77,
157,60,34,
157,61,49,
157,65,120,
157,67,131,
157,68,86,
157,80,151,
157,85,134,
157,87,120,
157,89,135,
157,90,59,
157,94,152,
157,101,32,
157,125,151,
157,126,17,
157,132,75,
157,134,64,
157,141,62,
157,153,133,
158,17,112,
158,18,1,
158,19,126,
158,21,112,
158,29,130,
158,32,99,
158,37,31,
158,43,12,
158,49,146,
158,55,157,
158,68,34,
158,70,40,
158,73,71,
158,75,45,
158,78,38,
158,81,98,
158,84,75,
158,100,85,
158,104,135,
158,125,21,
158,132,31,
158,133,25,
158,135,89,
158,137,105,
158,138,100,
158,154,49,
159,0,94,
159,19,56,
159,19,67,
159,23,137,
159,25,21,
159,25,80,
159,31,76,
159,32,141,
159,33,65,
159,36,60,
159,51,49,
159,51,145,
159,54,62,
159,57,12,
159,60,8,
159,60,84,
159,61,62,
159,75,69,
159,82,3,
159,84,32,
159,89,49,
159,89,128,
159,92,127,
159,97,157,
159,113,23,
159,117,40,
159,134,112,
159,139,5,
159,158,135,
