0,
0,
0,
0,
0,
0,
0,
0,
0,
0,
0,
0,
0,
0,
0,
0,
0,
0,
0,
0,
0,
0,
0,
0,
0,
0,
0,
0,
0,
0,
0,
0,
0,
0,
0,
0,
0,
0,
0,
0,
0,
0,
0,
0,
0,
0,
0,
0,
0,
0,
0,
0,
0,
0,
0,
0,
0,
0,
0,
0,
0,
0,
0,
0,
0,
0,
0,
0,
0,
0,
0,
0,
0,
0,
0,
0,
0,
0,
0,
0,
0,
0,
0,
0,
0,
0,
0,
0,
0,
0,
0,
0,
0,
0,
0,
0,
0,
0,
0,
0,
0,
0,
0,
0,
0,
0,
0,
0,
0,
0,
0,
0,
0,
0,
0,
0,
0,
0,
0,
0,
0,
0,
0,
0,
0,
0,
0,
0,
0,
0,
0,
0,
0,
0,
0,
0,
0,
0,
0,
0,
0,
0,
0,
0,
0,
0,
0,
0,
0,
0,
0,
0,
0,
0,
0,
0,
0,
0,
0,
0,
0,
0,
0,
0,
0,
0,
0,
0,
0,
0,
0,
0,
0,
0,
0,
0,
0,
0,
0,
0,
0,
0,
0,
0,
0,
0,
0,
0,
0,
0,
0,
0,
0,
0,
0,
0,
0,
0,
0,
0,
0,
0,
0,
0,
0,
0,
0,
0,
0,
0,
0,
0,
0,
0,
0,
0,
0,
0,
0,
0,
0,
0,
0,
0,
0,
0,
0,
0,
0,
0,
0,
0,
0,
0,
0,
0,
0,
0,
0,
0,
0,
0,
0,
0,
0,
0,
0,
0,
0,
0,
0,
0,
0,
0,
0,
0,
0,
0,
0,
0,
0,
1,
1,
1,
1,
1,
1,
1,
1,
1,
1,
1,
1,
1,
1,
1,
1,
1,
1,
1,
1,
1,
1,
1,
1,
1,
1,
1,
1,
1,
1,
1,
1,
1,
1,
1,
1,
1,
1,
1,
1,
1,
1,
1,
1,
1,
1,
1,
1,
1,
1,
1,
1,
1,
1,
1,
1,
1,
1,
1,
1,
1,
1,
1,
1,
1,
1,
1,
1,
1,
1,
1,
1,
1,
1,
1,
1,
1,
1,
1,
1,
1,
1,
1,
1,
1,
1,
1,
1,
1,
1,
1,
1,
1,
1,
1,
1,
1,
1,
1,
1,
1,
1,
1,
1,
1,
1,
1,
1,
1,
1,
1,
1,
1,
1,
1,
1,
1,
1,
1,
1,
1,
1,
1,
1,
1,
1,
1,
1,
1,
1,
1,
1,
1,
1,
1,
1,
1,
1,
1,
1,
1,
1,
1,
1,
1,
1,
1,
1,
1,
1,
1,
1,
1,
1,
1,
1,
1,
1,
1,
1,
1,
1,
1,
1,
1,
1,
1,
1,
1,
1,
1,
1,
1,
1,
1,
1,
1,
1,
1,
1,
1,
1,
1,
1,
1,
1,
1,
1,
1,
1,
2,
2,
2,
2,
2,
2,
2,
2,
2,
2,
2,
2,
2,
2,
2,
2,
2,
2,
2,
2,
2,
2,
2,
2,
2,
2,
2,
2,
2,
2,
2,
2,
2,
2,
2,
2,
2,
2,
2,
2,
2,
2,
2,
2,
2,
2,
2,
2,
2,
2,
2,
2,
2,
2,
2,
2,
2,
2,
2,
2,
2,
2,
2,
2,
2,
2,
2,
2,
2,
2,
2,
2,
2,
2,
2,
2,
2,
2,
2,
2,
2,
2,
2,
2,
2,
2,
2,
2,
2,
2,
2,
2,
2,
2,
2,
2,
2,
2,
2,
2,
2,
2,
2,
2,
2,
2,
2,
2,
2,
2,
2,
2,
2,
2,
2,
3,
3,
3,
3,
3,
3,
3,
3,
3,
3,
3,
3,
3,
3,
3,
3,
3,
3,
3,
3,
3,
3,
3,
3,
3,
3,
3,
3,
3,
3,
3,
3,
3,
3,
3,
3,
3,
3,
3,
3,
3,
3,
3,
3,
3,
3,
3,
3,
3,
3,
3,
3,
3,
3,
3,
3,
3,
3,
3,
3,
3,
3,
3,
3,
3,
3,
3,
3,
3,
3,
3,
3,
3,
3,
3,
3,
3,
3,
3,
3,
3,
3,
3,
3,
3,
3,
3,
3,
4,
4,
4,
4,
4,
4,
4,
4,
4,
4,
4,
4,
4,
4,
4,
4,
4,
4,
4,
4,
4,
4,
4,
4,
4,
4,
4,
4,
4,
4,
4,
4,
4,
4,
4,
4,
4,
4,
4,
4,
4,
4,
4,
4,
4,
4,
4,
4,
4,
4,
4,
4,
4,
4,
4,
4,
4,
4,
4,
4,
4,
4,
4,
4,
4,
4,
4,
4,
5,
5,
5,
5,
5,
5,
5,
5,
5,
5,
5,
5,
5,
5,
5,
5,
5,
5,
5,
5,
5,
5,
5,
5,
5,
5,
5,
5,
5,
5,
5,
5,
5,
5,
5,
5,
5,
5,
5,
5,
5,
5,
5,
5,
5,
5,
5,
5,
5,
5,
5,
5,
5,
5,
5,
5,
5,
5,
5,
5,
5,
5,
5,
5,
5,
6,
6,
6,
6,
6,
6,
6,
6,
6,
6,
6,
6,
6,
6,
6,
6,
6,
6,
6,
6,
6,
6,
6,
6,
6,
6,
6,
6,
6,
6,
6,
6,
6,
6,
6,
6,
6,
6,
6,
6,
6,
6,
6,
6,
6,
6,
6,
6,
6,
6,
6,
6,
6,
6,
6,
6,
6,
6,
6,
6,
6,
7,
7,
7,
7,
7,
7,
7,
7,
7,
7,
7,
7,
7,
7,
7,
7,
7,
7,
7,
7,
7,
7,
7,
7,
7,
7,
7,
7,
7,
7,
7,
7,
7,
7,
7,
7,
7,
7,
7,
7,
7,
7,
7,
7,
7,
7,
7,
7,
7,
7,
7,
7,
7,
7,
8,
8,
8,
8,
8,
8,
8,
8,
8,
8,
8,
8,
8,
8,
8,
8,
8,
8,
8,
8,
8,
8,
8,
8,
8,
8,
8,
8,
8,
8,
8,
9,
9,
9,
9,
9,
9,
9,
9,
9,
9,
9,
9,
9,
9,
9,
9,
9,
9,
9,
9,
9,
9,
9,
9,
9,
9,
9,
9,
9,
9,
9,
9,
9,
9,
9,
9,
9,
9,
10,
10,
10,
10,
10,
10,
10,
10,
10,
10,
10,
10,
10,
10,
10,
10,
10,
10,
10,
10,
10,
10,
10,
10,
10,
10,
10,
10,
10,
11,
11,
11,
11,
11,
11,
11,
11,
11,
11,
11,
11,
11,
11,
11,
11,
11,
11,
11,
11,
11,
11,
11,
11,
11,
11,
11,
11,
11,
11,
12,
12,
12,
12,
12,
12,
12,
12,
12,
12,
12,
12,
12,
12,
12,
12,
12,
12,
12,
12,
12,
12,
12,
12,
12,
12,
12,
13,
13,
13,
13,
13,
13,
13,
13,
13,
13,
13,
13,
13,
13,
13,
13,
13,
13,
13,
13,
13,
13,
13,
13,
13,
13,
13,
13,
13,
13,
13,
13,
13,
13,
13,
13,
14,
14,
14,
14,
14,
14,
14,
14,
14,
14,
14,
14,
14,
14,
14,
14,
14,
14,
14,
14,
14,
14,
14,
14,
14,
14,
14,
14,
14,
14,
15,
15,
15,
15,
15,
15,
15,
15,
15,
15,
15,
15,
15,
15,
15,
15,
15,
15,
15,
15,
15,
15,
15,
15,
15,
15,
15,
15,
15,
16,
16,
16,
16,
16,
16,
16,
16,
16,
16,
16,
16,
16,
16,
16,
16,
16,
16,
16,
16,
16,
16,
16,
16,
16,
16,
17,
17,
17,
17,
17,
17,
17,
17,
17,
17,
17,
17,
17,
17,
17,
17,
17,
17,
18,
18,
18,
18,
18,
18,
18,
18,
18,
18,
18,
18,
18,
18,
18,
18,
18,
18,
19,
19,
19,
19,
19,
19,
19,
19,
19,
19,
19,
19,
19,
19,
19,
19,
19,
19,
19,
19,
19,
20,
20,
20,
20,
20,
20,
20,
20,
20,
20,
20,
20,
20,
20,
20,
20,
20,
20,
20,
20,
20,
20,
20,
21,
21,
21,
21,
21,
21,
21,
21,
21,
21,
21,
21,
21,
21,
21,
21,
21,
21,
21,
21,
21,
22,
22,
22,
22,
22,
22,
22,
22,
22,
22,
22,
22,
22,
23,
23,
23,
23,
23,
23,
23,
23,
23,
23,
23,
23,
23,
23,
23,
23,
23,
24,
24,
24,
24,
24,
24,
24,
24,
24,
24,
24,
24,
24,
24,
24,
24,
24,
24,
25,
25,
25,
25,
25,
25,
25,
25,
25,
25,
25,
25,
25,
26,
26,
26,
26,
26,
26,
26,
26,
26,
26,
26,
26,
26,
27,
27,
27,
27,
27,
27,
27,
27,
27,
27,
27,
27,
27,
27,
27,
27,
28,
28,
28,
28,
28,
28,
28,
28,
28,
28,
28,
28,
29,
29,
29,
29,
29,
29,
29,
29,
29,
29,
29,
29,
29,
29,
29,
29,
30,
30,
30,
30,
30,
30,
30,
31,
31,
31,
31,
31,
31,
31,
31,
31,
32,
32,
32,
32,
32,
32,
32,
32,
32,
32,
33,
33,
33,
33,
33,
34,
34,
34,
34,
34,
34,
34,
34,
34,
34,
34,
34,
35,
35,
35,
35,
35,
35,
35,
35,
35,
35,
35,
35,
35,
35,
36,
36,
36,
36,
36,
36,
36,
36,
36,
36,
36,
36,
37,
37,
37,
37,
37,
37,
37,
37,
37,
37,
37,
37,
37,
38,
38,
38,
38,
38,
38,
38,
39,
39,
39,
39,
39,
39,
39,
39,
39,
39,
39,
39,
39,
40,
40,
40,
40,
40,
40,
40,
41,
41,
41,
41,
41,
42,
42,
42,
42,
42,
42,
43,
43,
43,
43,
43,
43,
44,
44,
44,
44,
44,
44,
44,
44,
44,
44,
44,
44,
45,
45,
45,
45,
45,
45,
45,
45,
45,
46,
46,
46,
46,
46,
46,
46,
46,
46,
46,
46,
46,
46,
46,
46,
46,
47,
47,
47,
47,
48,
48,
48,
48,
48,
49,
49,
49,
49,
49,
49,
49,
49,
49,
49,
50,
50,
50,
50,
50,
50,
50,
50,
50,
50,
50,
51,
51,
51,
51,
51,
51,
51,
51,
51,
52,
52,
52,
52,
52,
52,
52,
52,
53,
53,
53,
53,
53,
54,
54,
54,
55,
55,
56,
56,
56,
56,
57,
57,
57,
57,
57,
57,
58,
58,
58,
58,
58,
58,
58,
59,
59,
59,
59,
59,
59,
59,
59,
59,
59,
60,
60,
60,
60,
60,
60,
60,
60,
61,
61,
61,
61,
61,
61,
61,
61,
62,
62,
63,
63,
63,
63,
63,
63,
63,
63,
63,
64,
64,
64,
64,
64,
65,
65,
65,
65,
65,
65,
65,
66,
66,
67,
67,
67,
67,
67,
68,
68,
68,
68,
68,
68,
68,
68,
69,
69,
69,
69,
69,
69,
69,
69,
69,
69,
70,
70,
70,
70,
71,
71,
71,
71,
71,
72,
72,
72,
72,
72,
72,
73,
73,
73,
73,
73,
74,
74,
75,
75,
75,
75,
75,
75,
75,
75,
76,
76,
77,
77,
78,
78,
79,
79,
79,
79,
80,
80,
80,
80,
80,
80,
80,
80,
81,
81,
81,
82,
82,
82,
82,
83,
83,
83,
83,
83,
84,
84,
84,
85,
85,
85,
85,
86,
86,
86,
87,
87,
88,
88,
89,
89,
89,
90,
90,
90,
90,
91,
91,
92,
92,
93,
93,
93,
93,
93,
93,
93,
93,
94,
94,
94,
94,
95,
95,
95,
95,
95,
96,
96,
96,
96,
97,
97,
97,
97,
97,
97,
97,
98,
98,
98,
99,
99,
100,
100,
100,
100,
101,
101,
101,
101,
101,
101,
101,
102,
102,
102,
102,
102,
102,
102,
102,
104,
104,
105,
105,
105,
105,
106,
106,
106,
106,
107,
108,
108,
108,
108,
108,
108,
109,
109,
109,
110,
110,
110,
111,
112,
112,
112,
112,
114,
115,
115,
116,
116,
116,
116,
117,
117,
118,
118,
119,
119,
119,
120,
120,
120,
120,
121,
121,
121,
121,
122,
122,
122,
122,
122,
122,
123,
123,
123,
124,
124,
124,
124,
124,
124,
125,
126,
127,
127,
127,
127,
127,
127,
128,
128,
128,
128,
128,
128,
129,
129,
130,
130,
130,
131,
131,
131,
132,
132,
133,
133,
133,
133,
134,
134,
134,
134,
134,
135,
135,
135,
135,
135,
136,
136,
136,
137,
138,
138,
138,
139,
139,
139,
140,
140,
140,
140,
140,
141,
141,
141,
142,
142,
143,
143,
143,
143,
143,
144,
145,
145,
146,
146,
147,
147,
147,
148,
148,
148,
148,
149,
149,
150,
150,
150,
150,
150,
151,
151,
152,
153,
153,
153,
153,
153,
153,
154,
154,
155,
155,
155,
156,
156,
156,
157,
157,
158,
158,
158,
158,
159,
160,
161,
162,
163,
163,
163,
164,
164,
164,
165,
165,
166,
166,
166,
167,
167,
167,
167,
167,
167,
168,
168,
169,
169,
169,
169,
170,
170,
170,
170,
171,
171,
172,
172,
172,
173,
173,
173,
174,
174,
174,
174,
175,
175,
176,
176,
176,
177,
177,
178,
179,
179,
179,
179,
179,
179,
179,
180,
180,
180,
180,
180,
181,
181,
182,
182,
182,
182,
183,
183,
184,
186,
186,
187,
187,
187,
187,
188,
190,
190,
190,
191,
191,
191,
192,
192,
193,
193,
193,
194,
194,
194,
194,
195,
195,
196,
196,
196,
197,
198,
198,
199,
199,
199,
200,
200,
200,
200,
200,
200,
201,
201,
201,
202,
202,
203,
203,
204,
204,
204,
204,
205,
205,
205,
207,
209,
209,
209,
209,
209,
211,
211,
211,
211,
212,
212,
213,
214,
214,
215,
215,
216,
217,
218,
219,
220,
220,
221,
221,
223,
223,
224,
225,
226,
227,
228,
228,
229,
230,
230,
231,
231,
232,
232,
232,
232,
234,
235,
235,
236,
236,
236,
237,
237,
237,
239,
240,
240,
241,
241,
242,
243,
243,
244,
244,
245,
245,
246,
248,
249,
249,
250,
250,
251,
251,
251,
252,
252,
253,
253,
253,
254,
254,
254,
256,
256,
256,
257,
257,
257,
258,
258,
259,
260,
260,
260,
261,
261,
261,
262,
262,
262,
263,
264,
264,
264,
265,
265,
265,
266,
266,
266,
267,
268,
268,
270,
271,
271,
271,
271,
272,
272,
272,
272,
274,
276,
277,
277,
277,
278,
278,
279,
280,
282,
283,
283,
284,
285,
285,
285,
288,
288,
291,
291,
293,
294,
294,
295,
295,
296,
297,
298,
299,
299,
299,
299,
299,
300,
300,
300,
301,
301,
301,
302,
302,
302,
308,
310,
310,
311,
311,
311,
312,
314,
315,
318,
320,
320,
321,
321,
321,
321,
321,
323,
324,
324,
324,
324,
327,
327,
328,
328,
329,
329,
330,
331,
331,
334,
334,
335,
335,
336,
337,
337,
342,
342,
342,
343,
345,
346,
348,
350,
350,
351,
351,
352,
352,
353,
355,
355,
358,
358,
359,
360,
360,
360,
362,
362,
363,
363,
364,
366,
367,
367,
367,
369,
369,
370,
370,
373,
374,
375,
375,
377,
378,
378,
379,
379,
380,
381,
382,
384,
386,
386,
388,
390,
394,
394,
395,
396,
396,
398,
400,
401,
402,
402,
403,
403,
404,
404,
407,
407,
408,
409,
409,
409,
409,
411,
414,
414,
414,
414,
416,
418,
419,
419,
420,
421,
425,
427,
428,
429,
429,
430,
430,
431,
434,
435,
436,
436,
437,
438,
439,
439,
440,
442,
443,
443,
445,
446,
446,
447,
448,
449,
449,
451,
452,
453,
454,
455,
457,
459,
459,
461,
463,
463,
464,
464,
465,
468,
469,
471,
471,
474,
475,
477,
478,
478,
478,
479,
481,
482,
484,
484,
485,
486,
487,
487,
489,
490,
491,
491,
493,
494,
495,
495,
496,
499,
499,
500,
500,
502,
503,
504,
504,
505,
505,
506,
507,
508,
509,
509,
512,
514,
519,
520,
521,
521,
523,
523,
523,
524,
524,
527,
527,
530,
531,
533,
533,
534,
537,
539,
539,
540,
544,
544,
544,
547,
549,
550,
551,
551,
552,
554,
554,
556,
560,
563,
563,
567,
568,
568,
568,
570,
573,
575,
578,
580,
581,
581,
583,
585,
586,
588,
589,
591,
591,
592,
592,
593,
596,
596,
596,
601,
604,
605,
606,
608,
611,
611,
612,
612,
613,
613,
614,
615,
615,
622,
622,
623,
623,
624,
624,
624,
626,
626,
626,
630,
636,
636,
639,
640,
642,
643,
643,
643,
644,
647,
647,
653,
653,
653,
654,
655,
656,
656,
656,
657,
658,
663,
665,
666,
667,
669,
670,
670,
674,
676,
678,
680,
681,
681,
682,
685,
685,
686,
686,
697,
704,
705,
706,
707,
709,
709,
713,
714,
716,
717,
718,
720,
723,
724,
726,
727,
730,
733,
739,
742,
745,
745,
748,
748,
750,
752,
752,
755,
756,
756,
759,
766,
767,
772,
772,
772,
774,
776,
779,
782,
785,
785,
789,
789,
789,
790,
792,
792,
792,
793,
798,
803,
806,
807,
808,
808,
809,
814,
818,
823,
823,
829,
830,
831,
833,
833,
836,
838,
839,
841,
841,
843,
850,
854,
854,
856,
858,
859,
861,
862,
862,
863,
865,
868,
869,
872,
878,
879,
880,
880,
881,
882,
883,
884,
887,
897,
902,
904,
905,
911,
913,
914,
914,
915,
916,
924,
926,
928,
931,
934,
938,
939,
939,
940,
945,
947,
948,
950,
951,
952,
956,
956,
959,
960,
963,
964,
964,
966,
967,
968,
968,
974,
978,
978,
982,
985,
988,
988,
988,
996,
1003,
1003,
1006,
1009,
1013,
1014,
1017,
1022,
1029,
1035,
1037,
1038,
1046,
1048,
1052,
1053,
1055,
1057,
1062,
1064,
1072,
1077,
1079,
1082,
1088,
1095,
1096,
1096,
1101,
1104,
1105,
1111,
1112,
1114,
1114,
1115,
1137,
1137,
1143,
1146,
1158,
1162,
1162,
1166,
1169,
1176,
1180,
1184,
1185,
1187,
1188,
1188,
1189,
1190,
1192,
1196,
1197,
1202,
1203,
1205,
1206,
1209,
1212,
1212,
1213,
1216,
1217,
1219,
1220,
1220,
1221,
1222,
1223,
1225,
1227,
1228,
1230,
1231,
1240,
1241,
1243,
1246,
1250,
1256,
1258,
1261,
1267,
1271,
1273,
1274,
1274,
1278,
1280,
1283,
1285,
1286,
1292,
1293,
1300,
1302,
1308,
1311,
1312,
1314,
1321,
1324,
1329,
1336,
1337,
1338,
1350,
1351,
1355,
1356,
1357,
1357,
1358,
1366,
1375,
1379,
1380,
1380,
1383,
1385,
1385,
1393,
1398,
1399,
1407,
1409,
1414,
1427,
1429,
1435,
1443,
1462,
1465,
1465,
1470,
1473,
1477,
1478,
1479,
1480,
1481,
1481,
1495,
1499,
1504,
1508,
1517,
1517,
1518,
1518,
1519,
1524,
1524,
1525,
1532,
1533,
1538,
1543,
1546,
1549,
1550,
1553,
1557,
1559,
1564,
1573,
1581,
1587,
1589,
1595,
1596,
1602,
1603,
1605,
1615,
1616,
1624,
1625,
1627,
1627,
1630,
1633,
1638,
1639,
1641,
1641,
1644,
1658,
1658,
1662,
1671,
1671,
1672,
1678,
1679,
1682,
1687,
1690,
1694,
1695,
1700,
1703,
1705,
1715,
1717,
1722,
1725,
1725,
1730,
1730,
1734,
1735,
1736,
1741,
1745,
1746,
1750,
1762,
1764,
1767,
1767,
1767,
1769,
1772,
1786,
1794,
1804,
1805,
1825,
1836,
1838,
1840,
1843,
1847,
1852,
1859,
1871,
1881,
1890,
1893,
1894,
1900,
1916,
1921,
1922,
1935,
1937,
1938,
1945,
1946,
1953,
1957,
1959,
1961,
1962,
1963,
1972,
1979,
1979,
1983,
1983,
1987,
1988,
1995,
1999,
2002,
2006,
2010,
2014,
2023,
2032,
2035,
2041,
2052,
2057,
2057,
2063,
2068,
2093,
2095,
2099,
2102,
2108,
2110,
2118,
2122,
2123,
2126,
2128,
2136,
2137,
2142,
2151,
2152,
2155,
2158,
2169,
2187,
2188,
2200,
2215,
2216,
2224,
2224,
2227,
2231,
2235,
2241,
2247,
2265,
2270,
2281,
2286,
2291,
2295,
2301,
2307,
2309,
2315,
2316,
2322,
2326,
2342,
2354,
2359,
2374,
2382,
2392,
2407,
2413,
2424,
2429,
2437,
2444,
2447,
2448,
2465,
2470,
2478,
2480,
2487,
2488,
2491,
2496,
2502,
2507,
2509,
2514,
2517,
2530,
2535,
2550,
2557,
2558,
2559,
2565,
2585,
2589,
2600,
2602,
2637,
2645,
2649,
2650,
2668,
2675,
2681,
2687,
2688,
2688,
2691,
2693,
2700,
2707,
2709,
2719,
2721,
2728,
2739,
2739,
2746,
2749,
2751,
2764,
2817,
2819,
2838,
2845,
2847,
2861,
2889,
2900,
2904,
2909,
2939,
2953,
2959,
2965,
2981,
3002,
3026,
3027,
3038,
3056,
3057,
3059,
3070,
3073,
3080,
3084,
3090,
3091,
3098,
3101,
3105,
3110,
3113,
3126,
3140,
3158,
3159,
3170,
3184,
3198,
3203,
3245,
3246,
3257,
3270,
3270,
3301,
3301,
3306,
3310,
3318,
3324,
3325,
3325,
3328,
3341,
3341,
3348,
3363,
3375,
3381,
3393,
3401,
3448,
3461,
3467,
3480,
3480,
3485,
3501,
3501,
3507,
3509,
3510,
3514,
3536,
3537,
3543,
3545,
3552,
3573,
3582,
3618,
3637,
3645,
3648,
3659,
3662,
3669,
3671,
3675,
3675,
3691,
3706,
3713,
3716,
3718,
3726,
3727,
3728,
3740,
3746,
3765,
3768,
3770,
3798,
3805,
3807,
3836,
3845,
3850,
3861,
3863,
3902,
3903,
3921,
3937,
3941,
3968,
3993,
3993,
4016,
4020,
4021,
4029,
4045,
4059,
4063,
4082,
4097,
4113,
4122,
4124,
4126,
4146,
4164,
4165,
4171,
4176,
4183,
4195,
4200,
4205,
4207,
4219,
4223,
4238,
4260,
4268,
4271,
4284,
4291,
4327,
4328,
4363,
4384,
4388,
4391,
4391,
4397,
4401,
4425,
4437,
4443,
4451,
4454,
4480,
4485,
4487,
4529,
4541,
4567,
4586,
4587,
4589,
4600,
4602,
4613,
4657,
4673,
4681,
4682,
4698,
4724,
4725,
4740,
4746,
4747,
4764,
4766,
4766,
4768,
4790,
4794,
4798,
4804,
4833,
4833,
4834,
4865,
4868,
4868,
4882,
4923,
4931,
4943,
4963,
4989,
5037,
5037,
5048,
5049,
5062,
5062,
5068,
5074,
5115,
5121,
5128,
5163,
5165,
5178,
5179,
5190,
5209,
5214,
5218,
5218,
5237,
5283,
5312,
5312,
5333,
5339,
5361,
5368,
5368,
5380,
5397,
5403,
5413,
5420,
5446,
5447,
5457,
5466,
5517,
5533,
5544,
5566,
5572,
5579,
5586,
5602,
5609,
5643,
5646,
5683,
5700,
5708,
5709,
5713,
5731,
5751,
5754,
5771,
5790,
5834,
5866,
5866,
5876,
5881,
5898,
5900,
5903,
5918,
5918,
5923,
5938,
5938,
5941,
5942,
5964,
5983,
6002,
6031,
6040,
6065,
6068,
6092,
6096,
6097,
6109,
6132,
6133,
6137,
6151,
6156,
6162,
6180,
6189,
6281,
6281,
6284,
6291,
6295,
6320,
6321,
6356,
6369,
6405,
6417,
6450,
6484,
6504,
6519,
6520,
6544,
6583,
6592,
6607,
6607,
6628,
6678,
6696,
6704,
6731,
6733,
6735,
6763,
6764,
6770,
6783,
6792,
6811,
6902,
6913,
6943,
6945,
6984,
6984,
6999,
7007,
7025,
7030,
7039,
7046,
7051,
7077,
7089,
7108,
7144,
7147,
7182,
7205,
7212,
7324,
7330,
7347,
7347,
7352,
7375,
7389,
7423,
7425,
7427,
7451,
7464,
7467,
7490,
7503,
7535,
7555,
7572,
7586,
7613,
7616,
7633,
7683,
7707,
7730,
7754,
7774,
7781,
7811,
7866,
7880,
7882,
7894,
7916,
7919,
7941,
7973,
7977,
7981,
7989,
7995,
7999,
8025,
8069,
8121,
8154,
8168,
8188,
8260,
8295,
8327,
8357,
8414,
8457,
8476,
8498,
8502,
8511,
8517,
8525,
8531,
8585,
8654,
8660,
8674,
8727,
8729,
8733,
8754,
8785,
8792,
8839,
8845,
8849,
8862,
8865,
8871,
8871,
8898,
8904,
8943,
8952,
9001,
9002,
9011,
9054,
9061,
9070,
9135,
9173,
9181,
9186,
9214,
9220,
9226,
9244,
9244,
9270,
9335,
9366,
9412,
9435,
9437,
9492,
9527,
9569,
9588,
9595,
9686,
9773,
9776,
9784,
9789,
9839,
9861,
9864,
9961,
9972,
9985,
10017,
10051,
10127,
10171,
10179,
10224,
10226,
10226,
10251,
10329,
10339,
10379,
10390,
10406,
10418,
10431,
10445,
10489,
10505,
10541,
10567,
10575,
10590,
10600,
10637,
10727,
10729,
10767,
10787,
10798,
10801,
10817,
10844,
10870,
10891,
10937,
10953,
10956,
11075,
11081,
11102,
11106,
11238,
11243,
11326,
11346,
11354,
11357,
11405,
11432,
11442,
11461,
11507,
11571,
11587,
11593,
11638,
11665,
11702,
11808,
11809,
11820,
11820,
11832,
11862,
11878,
11896,
11902,
11948,
11956,
12047,
12051,
12131,
12163,
12164,
12187,
12230,
12253,
12256,
12262,
12281,
12293,
12368,
12476,
12478,
12524,
12524,
12526,
12543,
12579,
12585,
12589,
12697,
12770,
12794,
12865,
12899,
12910,
12998,
13048,
13091,
13105,
13127,
13141,
13158,
13228,
13242,
13246,
13318,
13364,
13375,
13406,
13424,
13458,
13485,
13537,
13562,
13664,
13730,
13736,
13751,
13811,
13836,
13856,
13885,
13906,
13906,
13907,
13923,
13976,
13978,
13986,
14028,
14041,
14058,
14082,
14123,
14142,
14172,
14186,
14213,
14220,
14236,
14308,
14480,
14485,
14510,
14546,
14567,
14678,
14687,
14706,
14717,
14842,
14887,
14942,
14990,
15040,
15082,
15150,
15204,
15251,
15324,
15391,
15406,
15421,
15435,
15566,
15619,
15702,
15738,
15903,
15936,
16077,
16095,
16110,
16170,
16197,
16205,
16279,
16320,
16329,
16392,
16405,
16499,
16536,
16587,
16672,
16772,
16795,
16833,
16845,
16887,
16888,
16896,
16919,
16925,
16994,
16998,
17127,
17220,
17225,
17290,
17323,
17387,
17395,
17397,
17425,
17425,
17513,
17540,
17556,
17581,
17868,
17951,
17954,
17998,
18002,
18019,
18023,
18065,
18102,
18103,
18167,
18168,
18186,
18230,
18293,
18296,
18308,
18357,
18390,
18420,
18732,
18749,
18791,
18815,
18920,
19038,
19042,
19113,
19152,
19270,
19322,
19376,
19405,
19405,
19475,
19604,
19706,
19869,
19884,
19931,
19933,
19965,
20160,
20170,
20183,
20386,
20389,
20406,
20428,
20483,
20638,
20720,
20721,
20756,
20783,
20803,
20835,
20866,
20877,
20945,
20974,
20991,
21156,
21158,
21287,
21291,
21319,
21329,
21374,
21391,
21517,
21730,
21741,
21825,
21830,
21866,
21948,
21968,
22069,
22070,
22148,
22213,
22417,
22482,
22526,
22538,
22544,
22561,
22639,
22664,
22665,
22729,
22741,
22791,
22811,
22845,
22987,
22995,
23048,
23070,
23185,
23185,
23233,
23340,
23433,
23471,
23509,
23532,
23589,
23605,
23714,
23728,
23815,
23876,
23890,
23898,
23973,
24094,
24160,
24167,
24256,
24448,
24508,
24553,
24636,
24947,
25022,
25101,
25260,
25297,
25369,
25489,
25558,
25694,
25704,
25745,
25761,
25840,
26042,
26095,
26145,
26236,
26270,
26346,
26442,
26530,
26571,
26826,
26891,
26988,
