0,
0,
0,
0,
0,
0,
0,
0,
0,
0,
0,
0,
0,
0,
0,
0,
0,
0,
0,
0,
0,
0,
0,
0,
0,
0,
0,
0,
0,
0,
0,
0,
0,
0,
0,
0,
0,
0,
0,
0,
0,
0,
0,
0,
0,
0,
0,
0,
0,
0,
0,
0,
0,
0,
0,
0,
0,
0,
0,
0,
0,
0,
0,
0,
0,
0,
0,
0,
0,
0,
0,
0,
0,
0,
0,
0,
0,
0,
0,
0,
0,
0,
0,
0,
0,
0,
0,
0,
0,
0,
0,
0,
0,
0,
0,
0,
0,
0,
0,
0,
0,
0,
0,
0,
0,
0,
0,
0,
0,
0,
0,
0,
0,
0,
0,
0,
0,
0,
0,
0,
0,
0,
0,
0,
0,
0,
0,
0,
0,
0,
0,
0,
0,
0,
0,
0,
0,
0,
0,
0,
0,
0,
0,
0,
0,
0,
0,
0,
0,
0,
0,
0,
0,
0,
0,
0,
0,
0,
0,
0,
0,
0,
0,
0,
0,
0,
0,
0,
0,
0,
0,
0,
0,
0,
0,
0,
0,
0,
0,
0,
0,
0,
0,
0,
0,
0,
0,
0,
0,
0,
0,
0,
0,
0,
0,
0,
0,
0,
0,
0,
0,
0,
0,
0,
0,
0,
0,
0,
0,
0,
0,
0,
0,
0,
0,
0,
0,
0,
0,
0,
0,
0,
0,
0,
0,
0,
0,
0,
0,
0,
0,
0,
0,
0,
0,
0,
0,
0,
0,
0,
0,
0,
0,
0,
0,
0,
0,
0,
0,
0,
0,
0,
0,
0,
0,
0,
0,
0,
0,
0,
0,
0,
0,
0,
0,
0,
0,
0,
0,
0,
0,
0,
0,
0,
0,
0,
0,
1,
1,
1,
1,
1,
1,
1,
1,
1,
1,
1,
1,
1,
1,
1,
1,
1,
1,
1,
1,
1,
1,
1,
1,
1,
1,
1,
1,
1,
1,
1,
1,
1,
1,
1,
1,
1,
1,
1,
1,
1,
1,
1,
1,
1,
1,
1,
1,
1,
1,
1,
1,
1,
1,
1,
1,
1,
1,
1,
1,
1,
1,
1,
1,
1,
1,
1,
1,
1,
1,
1,
1,
1,
1,
1,
1,
1,
1,
1,
1,
1,
1,
1,
1,
1,
1,
1,
1,
1,
1,
1,
1,
1,
1,
1,
1,
1,
1,
1,
1,
1,
1,
1,
1,
1,
1,
1,
1,
1,
1,
1,
1,
1,
1,
1,
1,
1,
1,
1,
1,
1,
1,
1,
1,
1,
1,
1,
1,
1,
1,
1,
1,
1,
1,
1,
1,
1,
1,
1,
1,
1,
1,
1,
1,
1,
1,
1,
1,
1,
1,
1,
1,
1,
2,
2,
2,
2,
2,
2,
2,
2,
2,
2,
2,
2,
2,
2,
2,
2,
2,
2,
2,
2,
2,
2,
2,
2,
2,
2,
2,
2,
2,
2,
2,
2,
2,
2,
2,
2,
2,
2,
2,
2,
2,
2,
2,
2,
2,
2,
2,
2,
2,
2,
2,
2,
2,
2,
2,
2,
2,
2,
2,
2,
2,
2,
2,
2,
2,
2,
2,
2,
2,
2,
2,
2,
2,
2,
2,
2,
2,
2,
2,
2,
2,
2,
2,
2,
2,
2,
2,
2,
2,
2,
2,
2,
2,
2,
2,
2,
2,
2,
2,
2,
2,
2,
2,
2,
2,
2,
2,
2,
2,
2,
2,
2,
2,
2,
2,
2,
2,
2,
2,
2,
2,
2,
2,
2,
2,
3,
3,
3,
3,
3,
3,
3,
3,
3,
3,
3,
3,
3,
3,
3,
3,
3,
3,
3,
3,
3,
3,
3,
3,
3,
3,
3,
3,
3,
3,
3,
3,
3,
3,
3,
3,
3,
3,
3,
3,
3,
3,
3,
3,
3,
3,
3,
3,
3,
3,
3,
3,
3,
3,
3,
3,
3,
3,
3,
3,
3,
3,
3,
3,
3,
3,
3,
3,
3,
3,
3,
3,
3,
3,
3,
3,
3,
3,
3,
3,
3,
3,
3,
3,
3,
3,
3,
3,
4,
4,
4,
4,
4,
4,
4,
4,
4,
4,
4,
4,
4,
4,
4,
4,
4,
4,
4,
4,
4,
4,
4,
4,
4,
4,
4,
4,
4,
4,
4,
4,
4,
4,
4,
4,
4,
4,
4,
4,
4,
4,
4,
4,
4,
4,
4,
4,
4,
4,
4,
4,
4,
4,
4,
4,
4,
4,
4,
4,
4,
4,
4,
4,
4,
4,
4,
4,
4,
4,
4,
4,
4,
5,
5,
5,
5,
5,
5,
5,
5,
5,
5,
5,
5,
5,
5,
5,
5,
5,
5,
5,
5,
5,
5,
5,
5,
5,
5,
5,
5,
5,
5,
5,
5,
5,
5,
5,
5,
5,
5,
5,
5,
5,
5,
5,
5,
5,
5,
5,
5,
5,
5,
5,
5,
5,
5,
5,
5,
5,
5,
6,
6,
6,
6,
6,
6,
6,
6,
6,
6,
6,
6,
6,
6,
6,
6,
6,
6,
6,
6,
6,
6,
6,
6,
6,
6,
6,
6,
6,
6,
6,
6,
6,
6,
6,
6,
6,
6,
6,
6,
6,
6,
6,
6,
6,
6,
6,
6,
6,
6,
6,
6,
6,
6,
6,
7,
7,
7,
7,
7,
7,
7,
7,
7,
7,
7,
7,
7,
7,
7,
7,
7,
7,
7,
7,
7,
7,
7,
7,
7,
7,
7,
7,
7,
7,
7,
7,
7,
7,
7,
7,
7,
7,
7,
7,
7,
7,
7,
7,
8,
8,
8,
8,
8,
8,
8,
8,
8,
8,
8,
8,
8,
8,
8,
8,
8,
8,
8,
8,
8,
8,
8,
8,
8,
8,
8,
8,
8,
8,
8,
8,
8,
8,
8,
8,
8,
8,
8,
8,
8,
8,
8,
8,
8,
8,
8,
8,
8,
8,
8,
8,
8,
9,
9,
9,
9,
9,
9,
9,
9,
9,
9,
9,
9,
9,
9,
9,
9,
9,
9,
9,
9,
9,
9,
9,
9,
9,
9,
9,
9,
9,
9,
9,
9,
9,
9,
9,
9,
9,
10,
10,
10,
10,
10,
10,
10,
10,
10,
10,
10,
10,
10,
10,
10,
10,
10,
10,
10,
10,
10,
10,
10,
10,
10,
10,
10,
10,
10,
10,
10,
10,
10,
10,
10,
10,
10,
10,
11,
11,
11,
11,
11,
11,
11,
11,
11,
11,
11,
11,
11,
11,
11,
11,
11,
11,
11,
11,
11,
11,
11,
11,
11,
11,
11,
11,
11,
12,
12,
12,
12,
12,
12,
12,
12,
12,
12,
12,
12,
12,
12,
12,
12,
12,
12,
12,
12,
12,
12,
12,
12,
12,
12,
12,
12,
12,
13,
13,
13,
13,
13,
13,
13,
13,
13,
13,
13,
13,
13,
13,
13,
13,
13,
13,
13,
13,
13,
13,
13,
14,
14,
14,
14,
14,
14,
14,
14,
14,
14,
14,
14,
14,
14,
14,
14,
14,
14,
14,
14,
14,
14,
14,
14,
14,
14,
14,
14,
14,
14,
14,
14,
15,
15,
15,
15,
15,
15,
15,
15,
15,
15,
15,
15,
15,
15,
15,
15,
15,
15,
15,
15,
16,
16,
16,
16,
16,
16,
16,
16,
16,
16,
16,
16,
16,
16,
16,
16,
16,
16,
16,
17,
17,
17,
17,
17,
17,
17,
17,
17,
17,
17,
17,
17,
17,
17,
17,
17,
17,
17,
17,
17,
17,
17,
17,
17,
18,
18,
18,
18,
18,
18,
18,
18,
18,
18,
18,
18,
18,
18,
18,
18,
18,
18,
18,
18,
18,
18,
18,
19,
19,
19,
19,
19,
19,
19,
19,
19,
19,
19,
19,
19,
19,
19,
19,
19,
20,
20,
20,
20,
20,
20,
20,
20,
20,
20,
20,
20,
20,
20,
20,
20,
20,
20,
20,
20,
21,
21,
21,
21,
21,
21,
21,
21,
21,
21,
21,
21,
21,
21,
21,
21,
21,
21,
22,
22,
22,
22,
22,
22,
22,
22,
22,
22,
22,
22,
22,
22,
23,
23,
23,
23,
23,
23,
23,
23,
23,
23,
23,
23,
23,
23,
23,
23,
23,
23,
23,
23,
23,
23,
23,
24,
24,
24,
24,
24,
24,
24,
24,
24,
24,
24,
24,
25,
25,
25,
25,
25,
25,
25,
25,
25,
26,
26,
26,
26,
26,
26,
26,
26,
26,
26,
26,
26,
26,
26,
26,
26,
26,
27,
27,
27,
27,
27,
27,
28,
28,
28,
28,
28,
28,
28,
28,
28,
28,
28,
28,
28,
28,
28,
28,
28,
28,
28,
28,
28,
28,
28,
29,
29,
29,
29,
29,
29,
29,
29,
29,
29,
29,
29,
29,
29,
30,
30,
30,
30,
30,
30,
30,
30,
30,
30,
30,
30,
30,
30,
30,
31,
31,
31,
31,
31,
31,
31,
31,
31,
31,
31,
31,
31,
31,
31,
32,
32,
32,
32,
32,
32,
32,
32,
32,
32,
32,
33,
33,
33,
33,
33,
33,
33,
33,
33,
33,
33,
33,
33,
33,
34,
34,
34,
34,
34,
34,
35,
35,
35,
35,
35,
35,
35,
35,
35,
35,
35,
35,
35,
35,
35,
35,
35,
35,
36,
36,
36,
36,
36,
36,
36,
36,
36,
36,
36,
36,
36,
37,
37,
37,
37,
37,
37,
37,
38,
38,
38,
38,
38,
38,
38,
38,
38,
38,
39,
39,
39,
39,
39,
39,
40,
40,
40,
40,
40,
40,
40,
40,
40,
40,
41,
41,
41,
41,
42,
42,
42,
42,
42,
42,
42,
42,
42,
43,
43,
43,
43,
43,
43,
43,
44,
44,
44,
44,
44,
44,
44,
44,
44,
44,
44,
45,
45,
45,
45,
45,
45,
45,
45,
45,
45,
45,
46,
46,
46,
46,
46,
46,
46,
47,
47,
47,
47,
47,
47,
47,
47,
47,
47,
47,
48,
48,
48,
48,
48,
48,
48,
49,
49,
49,
49,
49,
49,
49,
49,
49,
49,
49,
49,
50,
50,
50,
50,
50,
50,
50,
50,
50,
50,
50,
50,
51,
51,
51,
51,
51,
51,
51,
51,
52,
52,
52,
52,
52,
52,
52,
53,
53,
53,
53,
53,
53,
53,
54,
54,
54,
54,
54,
54,
54,
55,
55,
55,
55,
56,
56,
56,
56,
56,
56,
57,
57,
57,
58,
58,
58,
58,
59,
59,
59,
59,
60,
60,
60,
60,
61,
61,
61,
61,
62,
62,
62,
62,
62,
62,
62,
63,
63,
63,
63,
64,
64,
64,
64,
64,
65,
65,
66,
67,
67,
67,
67,
67,
67,
68,
68,
69,
69,
69,
69,
70,
70,
70,
70,
70,
70,
70,
70,
71,
71,
71,
71,
71,
71,
71,
71,
72,
72,
72,
72,
72,
73,
73,
73,
74,
74,
74,
74,
74,
74,
74,
74,
75,
75,
75,
75,
76,
76,
76,
76,
76,
76,
76,
77,
77,
77,
77,
77,
77,
78,
78,
78,
78,
78,
78,
79,
79,
79,
79,
79,
79,
79,
79,
80,
80,
80,
80,
80,
80,
80,
81,
81,
81,
81,
81,
81,
82,
82,
82,
82,
82,
82,
83,
83,
83,
83,
83,
84,
84,
84,
84,
84,
85,
85,
85,
85,
85,
85,
86,
86,
86,
86,
86,
86,
87,
87,
87,
87,
87,
87,
87,
87,
87,
87,
88,
88,
89,
89,
89,
89,
89,
90,
90,
90,
90,
90,
90,
91,
91,
91,
91,
91,
91,
91,
92,
92,
92,
92,
92,
93,
93,
94,
94,
94,
94,
95,
95,
95,
95,
96,
96,
96,
96,
96,
96,
96,
96,
96,
97,
97,
97,
98,
98,
98,
98,
99,
99,
99,
100,
100,
101,
101,
101,
101,
101,
101,
101,
102,
102,
102,
102,
102,
103,
103,
103,
103,
103,
104,
104,
105,
105,
105,
105,
105,
106,
106,
106,
106,
106,
106,
106,
106,
107,
107,
107,
107,
108,
108,
108,
108,
108,
108,
109,
109,
109,
109,
109,
109,
110,
110,
111,
112,
112,
112,
113,
113,
113,
113,
113,
113,
114,
114,
115,
116,
116,
117,
117,
117,
118,
118,
118,
118,
119,
119,
119,
119,
119,
119,
119,
120,
120,
121,
122,
122,
122,
122,
123,
124,
124,
124,
124,
124,
125,
125,
125,
126,
126,
126,
126,
126,
126,
127,
127,
127,
128,
128,
128,
129,
130,
130,
130,
130,
130,
130,
131,
131,
133,
133,
133,
133,
133,
134,
134,
135,
135,
137,
137,
138,
138,
138,
138,
138,
138,
138,
139,
140,
140,
140,
140,
140,
140,
140,
141,
141,
141,
142,
142,
142,
143,
144,
145,
145,
145,
146,
146,
147,
147,
148,
148,
149,
149,
149,
149,
149,
149,
149,
150,
151,
152,
152,
153,
153,
153,
153,
153,
154,
154,
155,
155,
155,
155,
156,
156,
156,
157,
157,
159,
159,
159,
160,
160,
160,
161,
161,
161,
161,
161,
162,
162,
163,
163,
164,
164,
164,
164,
166,
166,
167,
167,
168,
169,
169,
169,
170,
170,
170,
170,
171,
171,
172,
172,
172,
172,
172,
172,
173,
174,
174,
174,
174,
175,
175,
177,
177,
178,
181,
183,
184,
185,
186,
187,
188,
188,
189,
189,
189,
190,
190,
190,
190,
191,
191,
191,
192,
192,
193,
193,
193,
193,
193,
193,
193,
194,
194,
195,
195,
195,
195,
195,
196,
196,
198,
198,
198,
198,
198,
199,
199,
199,
200,
201,
201,
201,
202,
202,
202,
203,
204,
205,
205,
205,
205,
207,
207,
207,
207,
208,
208,
209,
210,
210,
212,
212,
212,
212,
213,
214,
214,
214,
216,
216,
216,
216,
217,
217,
217,
217,
218,
218,
219,
220,
220,
221,
222,
222,
223,
223,
224,
225,
226,
227,
227,
227,
228,
228,
229,
229,
229,
229,
230,
230,
230,
230,
232,
233,
234,
234,
235,
236,
236,
237,
239,
239,
240,
240,
240,
241,
241,
241,
242,
243,
243,
243,
243,
246,
246,
246,
247,
247,
249,
249,
249,
250,
250,
251,
251,
251,
251,
253,
253,
253,
254,
255,
256,
257,
258,
258,
259,
260,
260,
261,
261,
261,
262,
262,
262,
264,
264,
266,
267,
267,
267,
269,
270,
272,
272,
273,
273,
273,
274,
275,
276,
277,
277,
278,
278,
278,
278,
280,
281,
283,
284,
284,
285,
285,
286,
286,
287,
287,
288,
288,
289,
289,
289,
289,
290,
290,
291,
292,
292,
293,
294,
294,
294,
295,
295,
295,
296,
297,
297,
297,
298,
299,
300,
300,
300,
300,
300,
301,
304,
306,
307,
307,
308,
309,
309,
311,
312,
312,
312,
312,
313,
313,
315,
317,
317,
318,
318,
319,
320,
320,
322,
324,
325,
326,
326,
326,
327,
327,
328,
330,
331,
331,
332,
333,
335,
335,
335,
335,
337,
337,
338,
339,
340,
341,
341,
341,
344,
344,
345,
346,
346,
347,
347,
348,
351,
352,
352,
352,
355,
356,
358,
359,
360,
363,
363,
367,
372,
373,
375,
379,
379,
381,
383,
383,
384,
384,
384,
385,
386,
387,
387,
388,
389,
391,
391,
392,
392,
392,
392,
397,
397,
397,
398,
400,
401,
401,
402,
405,
405,
405,
406,
406,
408,
410,
410,
415,
417,
418,
419,
420,
421,
426,
431,
432,
432,
433,
434,
434,
436,
437,
439,
439,
439,
439,
439,
440,
444,
444,
445,
446,
446,
446,
447,
449,
451,
453,
453,
453,
453,
454,
455,
457,
458,
458,
460,
461,
465,
470,
472,
475,
476,
477,
477,
480,
481,
484,
486,
486,
487,
488,
490,
491,
492,
492,
493,
493,
497,
501,
502,
503,
507,
507,
507,
510,
511,
511,
514,
515,
516,
516,
520,
524,
524,
525,
526,
527,
531,
534,
535,
536,
537,
538,
540,
541,
543,
545,
546,
546,
547,
547,
549,
551,
552,
553,
554,
555,
556,
558,
561,
562,
564,
565,
568,
569,
572,
573,
574,
575,
577,
577,
577,
581,
582,
584,
584,
586,
587,
590,
595,
595,
597,
597,
599,
600,
602,
602,
606,
606,
611,
612,
613,
615,
616,
617,
621,
625,
628,
629,
632,
637,
639,
640,
642,
648,
651,
651,
654,
663,
663,
666,
667,
668,
668,
675,
675,
678,
680,
683,
685,
687,
693,
697,
698,
701,
702,
705,
705,
705,
706,
707,
707,
707,
708,
712,
715,
719,
723,
724,
729,
731,
732,
739,
739,
741,
742,
744,
746,
748,
751,
753,
757,
758,
760,
761,
761,
761,
765,
767,
768,
769,
771,
773,
777,
787,
789,
790,
791,
793,
796,
798,
798,
799,
800,
801,
804,
804,
805,
808,
810,
811,
816,
818,
821,
824,
824,
824,
824,
825,
827,
827,
835,
838,
838,
841,
842,
849,
850,
850,
852,
853,
854,
855,
858,
860,
862,
862,
865,
872,
872,
875,
875,
877,
879,
881,
881,
881,
882,
884,
885,
890,
891,
892,
896,
899,
899,
900,
901,
901,
903,
907,
909,
917,
917,
918,
920,
923,
927,
932,
933,
939,
942,
943,
943,
945,
946,
948,
956,
959,
960,
963,
964,
965,
970,
972,
972,
973,
973,
974,
977,
982,
982,
985,
988,
989,
990,
992,
994,
998,
1000,
1002,
1005,
1006,
1007,
1008,
1011,
1012,
1013,
1014,
1017,
1018,
1024,
1031,
1034,
1035,
1039,
1040,
1040,
1042,
1044,
1051,
1053,
1054,
1060,
1064,
1068,
1070,
1072,
1073,
1073,
1080,
1081,
1081,
1082,
1083,
1085,
1085,
1086,
1089,
1095,
1095,
1097,
1105,
1110,
1114,
1119,
1120,
1122,
1125,
1132,
1134,
1134,
1135,
1136,
1136,
1140,
1142,
1152,
1157,
1160,
1162,
1163,
1164,
1169,
1172,
1175,
1177,
1178,
1184,
1186,
1190,
1190,
1196,
1198,
1199,
1199,
1205,
1208,
1226,
1226,
1227,
1229,
1229,
1244,
1248,
1249,
1249,
1250,
1252,
1261,
1264,
1266,
1272,
1273,
1274,
1286,
1296,
1298,
1302,
1304,
1315,
1316,
1332,
1332,
1337,
1340,
1343,
1345,
1345,
1353,
1355,
1356,
1357,
1364,
1365,
1366,
1369,
1375,
1380,
1380,
1388,
1391,
1395,
1396,
1397,
1400,
1400,
1415,
1422,
1427,
1428,
1430,
1431,
1443,
1445,
1446,
1448,
1455,
1461,
1462,
1470,
1474,
1478,
1483,
1484,
1486,
1486,
1495,
1501,
1501,
1510,
1513,
1517,
1519,
1525,
1530,
1532,
1533,
1537,
1538,
1538,
1539,
1539,
1543,
1543,
1544,
1547,
1549,
1550,
1551,
1553,
1555,
1570,
1576,
1583,
1588,
1589,
1593,
1594,
1601,
1607,
1611,
1618,
1626,
1626,
1629,
1633,
1638,
1639,
1645,
1648,
1657,
1668,
1678,
1681,
1686,
1687,
1687,
1694,
1698,
1708,
1708,
1711,
1711,
1713,
1720,
1724,
1725,
1730,
1731,
1731,
1736,
1741,
1753,
1754,
1756,
1756,
1763,
1779,
1780,
1782,
1803,
1807,
1810,
1813,
1815,
1824,
1834,
1837,
1838,
1844,
1852,
1856,
1857,
1859,
1861,
1861,
1866,
1875,
1879,
1882,
1884,
1886,
1887,
1898,
1907,
1908,
1914,
1920,
1923,
1925,
1926,
1926,
1927,
1931,
1933,
1947,
1950,
1952,
1955,
1963,
1964,
1969,
1975,
1982,
1989,
2005,
2014,
2031,
2044,
2049,
2049,
2055,
2057,
2073,
2089,
2099,
2099,
2100,
2103,
2106,
2121,
2130,
2135,
2136,
2138,
2150,
2181,
2191,
2198,
2214,
2219,
2222,
2229,
2241,
2244,
2246,
2251,
2260,
2264,
2272,
2278,
2284,
2297,
2312,
2312,
2316,
2319,
2340,
2344,
2357,
2365,
2378,
2392,
2399,
2418,
2420,
2428,
2453,
2454,
2454,
2455,
2462,
2472,
2496,
2499,
2510,
2511,
2520,
2520,
2524,
2536,
2539,
2559,
2560,
2562,
2566,
2568,
2572,
2573,
2584,
2587,
2590,
2595,
2606,
2608,
2615,
2621,
2630,
2631,
2636,
2639,
2646,
2657,
2660,
2661,
2662,
2663,
2667,
2669,
2694,
2699,
2711,
2729,
2747,
2776,
2784,
2804,
2804,
2810,
2812,
2816,
2819,
2824,
2852,
2860,
2865,
2890,
2902,
2907,
2909,
2923,
2936,
2940,
2961,
2965,
2967,
2967,
2969,
2977,
2992,
2997,
3000,
3023,
3028,
3031,
3042,
3054,
3069,
3071,
3091,
3097,
3100,
3110,
3119,
3156,
3162,
3163,
3174,
3205,
3212,
3213,
3219,
3221,
3225,
3231,
3238,
3253,
3256,
3256,
3257,
3275,
3275,
3278,
3279,
3280,
3285,
3316,
3325,
3330,
3336,
3339,
3343,
3343,
3350,
3353,
3366,
3376,
3377,
3395,
3398,
3421,
3446,
3461,
3471,
3472,
3473,
3480,
3490,
3503,
3503,
3508,
3510,
3511,
3512,
3515,
3525,
3526,
3549,
3551,
3564,
3565,
3575,
3578,
3580,
3581,
3588,
3603,
3604,
3618,
3627,
3629,
3631,
3631,
3632,
3636,
3642,
3649,
3649,
3653,
3660,
3662,
3667,
3682,
3687,
3689,
3693,
3716,
3723,
3725,
3738,
3749,
3749,
3751,
3753,
3785,
3788,
3820,
3830,
3832,
3836,
3879,
3900,
3917,
3929,
3932,
3966,
3976,
3983,
3991,
4007,
4019,
4036,
4037,
4039,
4046,
4056,
4057,
4071,
4094,
4119,
4139,
4141,
4146,
4151,
4160,
4161,
4167,
4188,
4188,
4202,
4205,
4206,
4212,
4228,
4234,
4247,
4249,
4257,
4302,
4303,
4327,
4343,
4347,
4366,
4371,
4383,
4392,
4398,
4405,
4410,
4452,
4477,
4478,
4485,
4486,
4494,
4496,
4524,
4525,
4532,
4532,
4536,
4555,
4557,
4564,
4570,
4617,
4655,
4674,
4695,
4703,
4710,
4724,
4725,
4727,
4736,
4737,
4740,
4741,
4743,
4758,
4775,
4779,
4782,
4813,
4817,
4864,
4870,
4892,
4894,
4901,
4920,
4925,
4939,
4942,
4945,
4956,
4960,
4967,
4985,
5005,
5029,
5035,
5060,
5061,
5070,
5143,
5145,
5161,
5163,
5165,
5166,
5176,
5178,
5213,
5221,
5231,
5265,
5275,
5277,
5279,
5299,
5328,
5332,
5334,
5339,
5360,
5390,
5401,
5407,
5424,
5429,
5439,
5443,
5451,
5452,
5458,
5461,
5471,
5504,
5520,
5534,
5568,
5571,
5598,
5631,
5647,
5649,
5652,
5695,
5712,
5753,
5818,
5843,
5887,
5891,
5892,
5892,
5912,
5913,
5924,
5948,
5951,
5971,
5975,
5989,
6001,
6003,
6005,
6008,
6034,
6046,
6062,
6082,
6088,
6104,
6110,
6115,
6115,
6116,
6122,
6194,
6211,
6212,
6256,
6256,
6261,
6304,
6312,
6314,
6333,
6389,
6435,
6437,
6444,
6459,
6467,
6495,
6499,
6513,
6525,
6534,
6539,
6544,
6560,
6576,
6624,
6632,
6643,
6647,
6653,
6655,
6665,
6674,
6683,
6689,
6694,
6719,
6759,
6761,
6814,
6851,
6911,
6919,
6927,
6941,
6956,
6968,
6997,
7009,
7014,
7056,
7073,
7080,
7104,
7129,
7142,
7168,
7186,
7195,
7204,
7214,
7229,
7231,
7247,
7306,
7340,
7340,
7343,
7400,
7408,
7448,
7451,
7459,
7466,
7481,
7563,
7592,
7599,
7601,
7604,
7634,
7704,
7705,
7753,
7756,
7771,
7781,
7795,
7811,
7816,
7821,
7829,
7878,
7915,
7921,
7932,
7935,
7941,
7956,
7957,
7960,
7971,
7985,
8000,
8003,
8015,
8036,
8040,
8102,
8118,
8123,
8126,
8142,
8168,
8169,
8175,
8181,
8199,
8212,
8219,
8220,
8221,
8253,
8275,
8295,
8301,
8310,
8312,
8320,
8371,
8399,
8411,
8414,
8445,
8462,
8464,
8490,
8533,
8560,
8582,
8605,
8638,
8640,
8661,
8708,
8717,
8726,
8749,
8790,
8841,
8892,
8947,
8961,
8975,
8996,
8997,
8999,
9117,
9127,
9130,
9145,
9173,
9210,
9212,
9218,
9224,
9259,
9269,
9287,
9290,
9302,
9327,
9344,
9353,
9410,
9433,
9455,
9455,
9481,
9514,
9523,
9560,
9572,
9577,
9638,
9696,
9709,
9796,
9839,
9868,
9869,
9871,
9886,
9910,
9910,
9926,
9965,
9975,
9978,
10025,
10028,
10041,
10044,
10049,
10089,
10133,
10174,
10177,
10233,
10236,
10273,
10317,
10330,
10378,
10389,
10400,
10401,
10448,
10512,
10538,
10538,
10542,
10561,
10630,
10647,
10697,
10726,
10738,
10803,
10840,
10846,
10851,
10887,
10899,
10965,
11012,
11033,
11038,
11054,
11061,
11068,
11088,
11094,
11143,
11145,
11157,
11210,
11213,
11221,
11225,
11261,
11294,
11301,
11336,
11348,
11402,
11418,
11516,
11561,
11576,
11597,
11600,
11653,
11658,
11685,
11691,
11722,
11747,
11866,
11875,
11929,
11946,
11948,
12035,
12055,
12058,
12084,
12164,
12181,
12182,
12258,
12266,
12271,
12297,
12324,
12363,
12433,
12483,
12520,
12521,
12522,
12548,
12577,
12618,
12626,
12629,
12682,
12720,
12745,
12800,
12807,
12833,
12849,
12891,
13054,
13062,
13070,
13088,
13098,
13136,
13140,
13197,
13236,
13360,
13367,
13374,
13460,
13497,
13585,
13614,
13643,
13651,
13667,
13691,
13706,
13729,
13742,
13755,
13827,
13861,
13903,
13921,
13955,
13991,
14002,
14049,
14099,
14121,
14138,
14157,
14201,
14213,
14327,
14343,
14350,
14353,
14368,
14385,
14407,
14408,
14430,
14436,
14487,
14488,
14562,
14575,
14633,
14653,
14762,
14834,
14859,
14865,
14883,
15150,
15187,
15194,
15236,
15247,
15389,
15449,
15456,
15483,
15522,
15592,
15594,
15637,
15728,
15768,
15772,
15806,
15819,
15974,
15985,
15998,
16074,
16164,
16180,
16243,
16310,
16326,
16595,
16771,
16840,
16875,
16881,
16890,
16893,
16950,
16964,
17033,
17046,
17055,
17071,
17083,
17099,
17139,
17234,
17305,
17311,
17363,
17432,
17455,
17479,
17506,
17534,
17662,
17777,
17794,
17796,
17816,
17850,
18034,
18071,
18086,
18194,
18204,
18243,
18308,
18322,
18384,
18430,
18441,
18472,
18610,
18623,
18791,
18829,
18852,
18863,
18918,
18921,
18954,
18974,
18994,
18999,
19027,
19027,
19031,
19033,
19109,
19124,
19324,
19574,
19582,
19619,
19635,
19728,
19731,
19792,
19799,
19833,
19844,
19877,
19927,
19945,
19947,
19956,
20034,
20128,
20296,
20381,
20418,
20456,
20478,
20491,
20528,
20553,
20580,
20593,
20607,
20608,
20621,
20629,
20684,
20701,
20864,
20884,
20892,
21023,
21042,
21059,
21079,
21272,
21430,
21452,
21499,
21518,
21592,
21646,
21666,
21696,
21761,
21799,
22005,
22021,
22083,
22091,
22149,
22245,
22253,
22332,
22399,
22414,
22426,
22460,
22467,
22487,
22489,
22496,
22516,
22763,
22807,
22865,
22905,
22953,
22980,
22982,
23011,
23039,
23043,
23089,
23099,
23132,
23174,
23206,
23252,
23327,
23387,
23562,
23680,
23733,
23779,
23797,
23861,
23865,
23948,
23976,
23989,
24019,
24089,
24100,
24282,
24292,
24362,
24417,
24539,
24558,
24777,
24926,
24940,
24949,
24970,
25007,
25225,
25240,
25400,
25508,
25535,
25629,
25665,
25670,
25682,
25711,
25758,
25873,
25897,
25927,
26050,
26167,
26204,
26270,
26295,
26312,
26329,
26640,
26797,
26834,
26862,
26989,
