1,
2,
3,
4,
10,
22,
22,
44,
53,
61,
61,
68,
70,
85,
90,
124,
126,
127,
135,
140,
147,
162,
170,
193,
223,
224,
226,
235,
239,
240,
263,
271,
273,
288,
302,
303,
319,
322,
328,
340,
341,
345,
352,
356,
364,
365,
378,
380,
381,
388,
390,
395,
410,
413,
424,
432,
435,
447,
458,
458,
465,
471,
473,
474,
478,
487,
493,
496,
500,
510,
519,
527,
558,
562,
576,
584,
587,
590,
595,
609,
614,
616,
624,
624,
628,
641,
641,
670,
672,
676,
686,
689,
691,
703,
705,
707,
727,
744,
744,
748,
751,
766,
771,
778,
786,
794,
795,
799,
805,
809,
810,
823,
828,
833,
835,
851,
858,
860,
878,
894,
895,
919,
928,
929,
930,
934,
936,
938,
942,
951,
969,
981,
984,
985,
987,
992,
992,
998,
998,
1006,
1006,
1011,
1012,
1014,
1019,
1036,
1048,
1051,
1053,
1055,
1056,
1070,
1078,
1079,
1083,
1085,
1092,
1094,
1096,
1102,
1108,
1113,
1120,
1124,
1128,
1128,
1134,
1159,
1170,
1173,
1174,
1174,
1182,
1206,
1207,
1217,
1221,
1234,
1236,
1238,
1238,
1241,
1243,
1262,
1264,
1280,
1280,
1283,
1285,
1289,
1300,
1302,
1325,
1334,
1337,
1345,
1348,
1349,
1361,
1372,
1381,
1386,
1408,
1408,
1411,
1411,
1412,
1415,
1415,
1426,
1429,
1436,
1438,
1446,
1449,
1456,
1468,
1474,
1495,
1509,
1510,
1511,
1525,
1533,
1536,
1549,
1567,
1577,
1578,
1592,
1597,
1602,
1605,
1612,
1614,
1618,
1618,
1623,
1624,
1635,
1640,
1645,
1647,
1648,
1654,
1654,
1661,
1678,
1686,
1688,
1699,
1711,
1717,
1723,
1738,
1741,
1741,
1745,
1746,
1752,
1764,
1766,
1784,
1784,
1792,
1793,
1794,
1795,
1800,
1803,
1803,
1807,
1812,
1819,
1820,
1824,
1830,
1837,
1842,
1859,
1864,
1877,
1879,
1891,
1894,
1920,
1920,
1921,
1923,
1930,
1948,
1951,
1968,
1969,
1975,
1993,
1995,
1996,
1996,
2021,
2023,
2024,
2030,
2051,
2055,
2066,
2066,
2071,
2078,
2096,
2103,
2108,
2112,
2119,
2123,
2125,
2126,
2137,
2152,
2167,
2171,
2187,
2196,
2204,
2212,
2216,
2216,
2220,
2224,
2231,
2235,
2247,
2247,
2252,
2259,
2259,
2264,
2266,
2274,
2298,
2299,
2307,
2309,
2319,
2325,
2331,
2335,
2355,
2395,
2399,
2406,
2410,
2415,
2435,
2439,
2440,
2443,
2450,
2455,
2456,
2464,
2469,
2482,
2490,
2496,
2497,
2498,
2505,
2509,
2518,
2521,
2556,
2572,
2586,
2591,
2591,
2618,
2623,
2625,
2647,
2667,
2667,
2676,
2702,
2704,
2710,
2717,
2730,
2735,
2740,
2745,
2750,
2764,
2782,
2800,
2801,
2803,
2806,
2809,
2818,
2831,
2832,
2849,
2850,
2854,
2856,
2868,
2869,
2869,
2873,
2874,
2885,
2886,
2899,
2909,
2912,
2919,
2932,
2935,
2935,
2942,
2945,
2951,
2951,
2957,
2960,
2964,
2970,
2981,
2981,
2984,
2987,
2995,
2998,
2999,
3010,
3016,
3017,
3019,
3024,
3026,
3030,
3034,
3045,
3057,
3058,
3059,
3061,
3072,
3074,
3087,
3088,
3090,
3091,
3099,
3114,
3122,
3137,
3145,
3149,
3150,
3150,
3152,
3164,
3165,
3169,
3178,
3188,
3192,
3197,
3205,
3224,
3235,
3236,
3238,
3240,
3242,
3251,
3267,
3270,
3276,
3283,
3284,
3293,
3295,
3303,
3310,
3312,
3312,
3313,
3314,
3315,
3319,
3329,
3331,
3333,
3333,
3339,
3341,
3348,
3351,
3354,
3374,
3376,
3382,
3385,
3395,
3397,
3403,
3414,
3438,
3449,
3458,
3478,
3479,
3479,
3488,
3493,
3500,
3502,
3503,
3507,
3520,
3521,
3525,
3525,
3534,
3537,
3543,
3548,
3561,
3565,
3572,
3574,
3585,
3586,
3589,
3619,
3623,
3624,
3627,
3636,
3640,
3644,
3645,
3646,
3656,
3676,
3676,
3678,
3682,
3685,
3693,
3703,
3711,
3715,
3728,
3728,
3731,
3731,
3737,
3742,
3748,
3750,
3771,
3772,
3773,
3779,
3784,
3787,
3790,
3793,
3795,
3799,
3800,
3801,
3808,
3813,
3815,
3817,
3830,
3832,
3855,
3857,
3862,
3867,
3883,
3888,
3904,
3915,
3922,
3943,
3944,
3946,
3949,
3969,
3972,
3978,
3996,
4000,
4003,
4006,
4008,
4010,
4018,
4021,
4027,
4027,
4031,
4038,
4043,
4043,
4047,
4049,
4063,
4079,
4109,
4121,
4122,
4124,
4137,
4142,
4143,
4145,
4147,
4154,
4154,
4155,
4157,
4174,
4185,
4187,
4202,
4212,
4229,
4233,
4250,
4256,
4257,
4268,
4275,
4297,
4297,
4300,
4301,
4312,
4317,
4339,
4342,
4354,
4358,
4367,
4368,
4380,
4385,
4390,
4411,
4415,
4417,
4430,
4435,
4439,
4454,
4456,
4472,
4477,
4479,
4493,
4505,
4505,
4507,
4512,
4516,
4518,
4522,
4522,
4536,
4545,
4549,
4557,
4562,
4562,
4563,
4576,
4606,
4617,
4627,
4649,
4650,
4661,
4673,
4678,
4679,
4693,
4701,
4703,
4709,
4710,
4734,
4734,
4749,
4754,
4754,
4769,
4771,
4784,
4786,
4788,
4795,
4796,
4796,
4818,
4830,
4853,
4858,
4871,
4881,
4895,
4896,
4907,
4907,
4918,
4930,
4931,
4935,
4936,
4938,
4939,
4940,
4942,
4945,
4953,
4967,
4986,
4989,
4995,
5004,
5005,
5013,
5024,
5025,
5027,
5030,
5036,
5038,
5049,
5070,
5078,
5090,
5099,
5103,
5120,
5121,
5126,
5126,
5130,
5137,
5144,
5144,
5156,
5169,
5195,
5199,
5214,
5232,
5236,
5240,
5261,
5269,
5277,
5287,
5297,
5297,
5312,
5319,
5336,
5343,
5343,
5348,
5350,
5357,
5359,
5364,
5379,
5383,
5394,
5409,
5417,
5418,
5425,
5438,
5444,
5445,
5445,
5455,
5463,
5464,
5472,
5475,
5481,
5487,
5490,
5490,
5495,
5515,
5515,
5518,
5519,
5520,
5522,
5526,
5529,
5532,
5538,
5541,
5542,
5545,
5574,
5603,
5612,
5618,
5618,
5620,
5639,
5644,
5644,
5652,
5652,
5664,
5671,
5703,
5703,
5719,
5726,
5729,
5740,
5758,
5758,
5762,
5765,
5769,
5770,
5775,
5776,
5788,
5791,
5795,
5797,
5799,
5800,
5800,
5804,
5809,
5810,
5836,
5865,
5871,
5877,
5878,
5878,
5879,
5882,
5883,
5885,
5888,
5892,
5892,
5896,
5899,
5900,
5911,
5913,
5917,
5940,
5952,
5953,
5956,
5956,
5972,
5973,
5981,
5982,
5987,
5988,
5992,
5996,
6003,
6012,
6015,
6021,
6022,
6024,
6041,
6050,
6054,
6068,
6069,
6079,
6079,
6083,
6085,
6094,
6098,
6098,
6101,
6111,
6112,
6130,
6139,
6139,
6143,
6145,
6145,
6148,
6164,
6165,
6178,
6179,
6184,
6187,
6205,
6216,
6217,
6226,
6231,
6235,
6240,
6243,
6246,
6247,
6250,
6251,
6255,
6260,
6263,
6263,
6271,
6275,
6292,
6295,
6295,
6299,
6314,
6320,
6322,
6330,
6337,
6342,
6346,
6352,
6353,
6356,
6372,
6374,
6379,
6380,
6393,
6395,
6399,
6401,
6408,
6411,
6412,
6417,
6419,
6425,
6428,
6435,
6446,
6456,
6458,
6463,
6464,
6467,
6478,
6478,
6486,
6489,
6497,
6498,
6508,
6512,
6514,
6521,
6528,
6533,
6551,
6554,
6560,
6565,
6567,
6571,
6571,
6581,
6599,
6617,
6623,
6624,
6635,
6640,
6648,
6667,
6697,
6697,
6701,
6702,
6704,
6708,
6710,
6712,
6713,
6717,
6717,
6733,
6737,
6740,
6741,
6763,
6769,
6771,
6779,
6780,
6793,
6801,
6802,
6802,
6807,
6821,
6832,
6840,
6842,
6853,
6865,
6867,
6871,
6876,
6890,
6895,
6914,
6937,
6937,
6939,
6939,
6949,
6955,
6960,
6962,
6986,
6988,
6989,
7004,
7010,
7017,
7020,
7020,
7025,
7027,
7033,
7040,
7051,
7056,
7060,
7063,
7067,
7084,
7090,
7091,
7097,
7100,
7107,
7124,
7126,
7136,
7137,
7141,
7148,
7158,
7161,
7162,
7172,
7172,
7193,
7203,
7206,
7218,
7222,
7235,
7238,
7239,
7242,
7252,
7267,
7268,
7273,
7277,
7282,
7290,
7299,
7306,
7309,
7327,
7330,
7336,
7346,
7354,
7369,
7374,
7382,
7388,
7397,
7405,
7422,
7424,
7431,
7434,
7440,
7441,
7454,
7457,
7464,
7474,
7476,
7498,
7521,
7527,
7531,
7537,
7540,
7546,
7548,
7575,
7575,
7588,
7590,
7594,
7595,
7596,
7597,
7613,
7617,
7633,
7636,
7640,
7642,
7644,
7650,
7652,
7662,
7670,
7671,
7680,
7681,
7685,
7696,
7701,
7704,
7708,
7709,
7731,
7732,
7751,
7766,
7786,
7786,
7795,
7815,
7815,
7824,
7828,
7829,
7830,
7839,
7839,
7842,
7851,
7851,
7852,
7854,
7855,
7858,
7859,
7861,
7870,
7871,
7903,
7915,
7917,
7919,
7936,
7937,
7937,
7941,
7941,
7944,
7951,
7959,
7969,
7977,
7991,
7994,
7996,
8008,
8012,
8015,
8026,
8047,
8052,
8073,
8074,
8081,
8094,
8098,
8105,
8112,
8114,
8115,
8116,
8117,
8120,
8122,
8123,
8125,
8128,
8151,
8156,
8156,
8170,
8176,
8195,
8199,
8205,
8207,
8208,
8211,
8212,
8213,
8215,
8251,
8258,
8263,
8266,
8273,
8274,
8292,
8299,
8335,
8342,
8347,
8350,
8378,
8380,
8380,
8403,
8406,
8409,
8410,
8423,
8426,
8435,
8435,
8447,
8452,
8465,
8473,
8481,
8483,
8490,
8498,
8512,
8520,
8525,
8527,
8529,
8529,
8530,
8551,
8553,
8563,
8565,
8575,
8587,
8590,
8592,
8593,
8594,
8606,
8612,
8623,
8625,
8629,
8648,
8656,
8658,
8658,
8660,
8665,
8666,
8677,
8677,
8677,
8678,
8680,
8690,
8690,
8715,
8720,
8722,
8731,
8733,
8735,
8739,
8749,
8758,
8775,
8779,
8779,
8781,
8785,
8787,
8795,
8800,
8811,
8812,
8813,
8817,
8822,
8846,
8852,
8853,
8863,
8876,
8883,
8884,
8888,
8889,
8890,
8891,
8891,
8903,
8904,
8906,
8918,
8918,
8927,
8933,
8934,
8949,
8955,
8963,
8964,
8972,
8976,
8977,
8983,
8986,
9006,
9009,
9013,
9014,
9016,
9020,
9028,
9029,
9030,
9034,
9047,
9053,
9053,
9054,
9055,
9058,
9059,
9070,
9074,
9080,
9081,
9089,
9090,
9091,
9096,
9097,
9099,
9113,
9124,
9170,
9176,
9179,
9179,
9180,
9192,
9194,
9205,
9207,
9211,
9213,
9218,
9225,
9227,
9237,
9241,
9244,
9249,
9250,
9253,
9262,
9264,
9268,
9268,
9271,
9275,
9294,
9296,
9300,
9302,
9303,
9304,
9310,
9311,
9314,
9314,
9324,
9327,
9338,
9342,
9346,
9347,
9348,
9354,
9356,
9359,
9359,
9365,
9370,
9377,
9384,
9385,
9389,
9398,
9399,
9435,
9437,
9448,
9450,
9453,
9455,
9467,
9475,
9479,
9487,
9490,
9497,
9503,
9508,
9512,
9532,
9539,
9545,
9547,
9552,
9562,
9591,
9606,
9614,
9630,
9633,
9639,
9640,
9643,
9649,
9662,
9666,
9667,
9668,
9672,
9694,
9696,
9696,
9706,
9711,
9724,
9726,
9730,
9734,
9737,
9739,
9739,
9746,
9758,
9759,
9762,
9775,
9780,
9791,
9797,
9802,
9806,
9814,
9828,
9829,
9835,
9846,
9847,
9859,
9903,
9909,
9909,
9912,
9913,
9916,
9933,
9947,
9954,
9964,
9974,
9984,
9987,
9987,
9994,
10006,
10006,
10012,
10012,
10015,
10015,
10021,
10032,
10037,
10056,
10061,
10074,
10076,
10081,
10087,
10090,
10093,
10107,
10109,
10115,
10135,
10136,
10139,
10139,
10154,
10155,
10156,
10163,
10164,
10169,
10172,
10184,
10189,
10194,
10204,
10205,
10207,
10210,
10216,
10229,
10245,
10246,
10248,
10255,
10257,
10268,
10281,
10285,
10288,
10291,
10294,
10300,
10303,
10318,
10330,
10334,
10339,
10344,
10344,
10348,
10349,
10356,
10360,
10366,
10379,
10383,
10388,
10392,
10393,
10425,
10429,
10437,
10438,
10444,
10448,
10450,
10453,
10460,
10465,
10466,
10470,
10472,
10475,
10482,
10492,
10495,
10507,
10515,
10520,
10526,
10532,
10547,
10550,
10555,
10586,
10587,
10590,
10595,
10598,
10606,
10624,
10647,
10656,
10666,
10678,
10679,
10680,
10698,
10700,
10716,
10722,
10724,
10727,
10728,
10746,
10747,
10770,
10775,
10776,
10797,
10802,
10812,
10816,
10823,
10827,
10836,
10844,
10846,
10849,
10850,
10854,
10855,
10856,
10858,
10863,
10863,
10865,
10872,
10881,
10883,
10885,
10898,
10902,
10902,
10903,
10905,
10907,
10912,
10931,
10934,
10940,
10952,
10952,
10956,
10958,
10961,
10965,
10968,
10971,
11015,
11024,
11035,
11037,
11038,
11039,
11045,
11053,
11061,
11065,
11065,
11066,
11068,
11070,
11074,
11094,
11102,
11109,
11119,
11120,
11152,
11156,
11161,
11173,
11177,
11178,
11184,
11199,
11206,
11207,
11209,
11223,
11228,
11228,
11228,
11233,
11236,
11242,
11243,
11247,
11255,
11255,
11265,
11265,
11278,
11289,
11291,
11304,
11319,
11329,
11333,
11335,
11340,
11347,
11349,
11356,
11357,
11365,
11368,
11372,
11375,
11375,
11376,
11400,
11410,
11411,
11419,
11423,
11427,
11427,
11432,
11443,
11444,
11448,
11449,
11457,
11473,
11488,
11496,
11498,
11498,
11505,
11505,
11506,
11531,
11532,
11543,
11543,
11553,
11555,
11561,
11563,
11571,
11582,
11587,
11595,
11598,
11600,
11605,
11611,
11611,
11614,
11626,
11629,
11646,
11665,
11669,
11675,
11675,
11681,
11686,
11703,
11725,
11730,
11734,
11739,
11753,
11762,
11767,
11776,
11793,
11796,
11796,
11797,
11800,
11806,
11810,
11811,
11831,
11835,
11839,
11847,
11853,
11856,
11861,
11866,
11870,
11874,
11884,
11891,
11925,
11929,
11934,
11946,
11964,
11976,
11976,
11985,
11988,
11996,
12013,
12015,
12016,
12038,
12056,
12070,
12086,
12101,
12111,
12112,
12114,
12117,
12126,
12128,
12130,
12134,
12135,
12140,
12154,
12161,
12164,
12168,
12170,
12176,
12178,
12179,
12196,
12216,
12230,
12230,
12236,
12245,
12252,
12252,
12260,
12264,
12271,
12276,
12283,
12293,
12297,
12306,
12326,
12326,
12335,
12348,
12356,
12366,
12368,
12369,
12369,
12370,
12371,
12376,
12379,
12380,
12387,
12409,
12414,
12420,
12426,
12432,
12442,
12449,
12450,
12465,
12469,
12470,
12485,
12490,
12494,
12497,
12502,
12523,
12532,
12538,
12540,
12541,
12543,
12544,
12547,
12555,
12557,
12584,
12594,
12634,
12652,
12664,
12669,
12673,
12679,
12683,
12709,
12714,
12717,
12731,
12735,
12755,
12758,
12759,
12763,
12797,
12817,
12821,
12823,
12826,
12830,
12833,
12844,
12855,
12867,
12881,
12882,
12899,
12900,
12906,
12907,
12914,
12915,
12921,
12922,
12928,
12941,
12947,
12955,
12956,
12956,
12958,
12958,
12961,
12971,
12974,
12977,
12982,
12985,
12988,
12989,
12993,
12998,
13020,
13021,
13033,
13035,
13040,
13061,
13063,
13072,
13102,
13107,
13114,
13148,
13149,
13164,
13170,
13170,
13172,
13173,
13174,
13175,
13179,
13181,
13184,
13193,
13194,
13212,
13213,
13214,
13216,
13218,
13228,
13237,
13269,
13274,
13285,
13288,
13289,
13300,
13308,
13308,
13313,
13313,
13319,
13349,
13350,
13352,
13352,
13381,
13383,
13394,
13401,
13402,
13415,
13418,
13419,
13430,
13444,
13468,
13474,
13475,
13486,
13489,
13489,
13491,
13494,
13501,
13505,
13507,
13511,
13516,
13517,
13522,
13530,
13538,
13542,
13546,
13553,
13558,
13576,
13584,
13597,
13599,
13625,
13633,
13638,
13654,
13657,
13674,
13686,
13686,
13687,
13689,
13691,
13698,
13702,
13706,
13707,
13723,
13730,
13739,
13764,
13766,
13769,
13777,
13801,
13814,
13817,
13827,
13827,
13830,
13833,
13838,
13866,
13875,
13881,
13883,
13883,
13884,
13892,
13910,
13916,
13916,
13926,
13928,
13933,
13947,
13948,
13950,
13961,
13973,
13975,
14000,
14006,
14007,
14009,
14013,
14016,
14019,
14040,
14049,
14051,
14058,
14082,
14094,
14095,
14106,
14110,
14114,
14118,
14120,
14133,
14145,
14151,
14161,
14164,
14172,
14177,
14182,
14183,
14186,
14198,
14210,
14218,
14228,
14229,
14243,
14250,
14257,
14259,
14263,
14288,
14295,
14297,
14302,
14326,
14331,
14335,
14339,
14340,
14341,
14352,
14353,
14357,
14358,
14362,
14367,
14372,
14382,
14401,
14402,
14402,
14402,
14404,
14404,
14406,
14421,
14422,
14433,
14434,
14440,
14442,
14449,
14451,
14462,
14480,
14486,
14506,
14511,
14522,
14530,
14536,
14545,
14550,
14562,
14564,
14564,
14567,
14570,
14577,
14579,
14579,
14595,
14600,
14620,
14628,
14630,
14652,
14652,
14667,
14670,
14689,
14690,
14698,
14703,
14706,
14720,
14728,
14734,
14740,
14765,
14768,
14769,
14787,
14789,
14803,
14807,
14808,
14821,
14830,
14830,
14850,
14858,
14877,
14904,
14916,
14935,
14939,
14965,
14968,
14971,
14974,
14976,
14981,
14981,
14984,
14992,
14993,
14997,
15004,
15022,
15030,
15036,
15041,
15045,
15056,
15066,
15087,
15087,
15091,
15097,
15105,
15109,
15115,
15127,
15138,
15154,
15160,
15162,
15169,
15170,
15180,
15181,
15182,
15186,
15199,
15220,
15227,
15236,
15240,
15242,
15243,
15247,
15248,
15251,
15261,
15267,
15276,
15284,
15299,
15312,
15331,
15333,
15337,
15338,
15343,
15347,
15349,
15353,
15366,
15367,
15369,
15377,
15381,
15381,
15390,
15392,
15412,
15419,
15420,
15432,
15439,
15448,
15455,
15455,
15456,
15457,
15464,
15466,
15468,
15470,
15477,
15479,
15497,
15506,
15517,
15522,
15547,
15557,
15566,
15571,
15574,
15579,
15580,
15586,
15588,
15593,
15604,
15606,
15623,
15630,
15633,
15633,
15649,
15650,
15665,
15671,
15673,
15674,
15675,
15683,
15686,
15687,
15690,
15716,
15733,
15734,
15747,
15750,
15752,
15756,
15771,
15772,
15800,
15803,
15809,
15809,
15813,
15816,
15819,
15832,
15836,
15842,
15858,
15865,
15867,
15870,
15880,
15883,
15896,
15901,
15905,
15915,
15919,
15921,
15926,
15926,
15939,
15944,
15953,
15959,
15961,
15979,
15987,
15988,
15996,
15997,
16000,
16001,
16012,
16015,
16017,
16017,
16032,
16033,
16042,
16056,
16066,
16072,
16073,
16096,
16104,
16106,
16110,
16139,
16143,
16143,
16144,
16155,
16159,
16173,
16175,
16183,
16183,
16193,
16193,
16202,
16215,
16228,
16238,
16238,
16239,
16252,
16255,
16257,
16261,
16262,
16271,
16272,
16276,
16278,
16278,
16279,
16279,
16292,
16300,
16303,
16307,
16309,
16310,
16315,
16317,
16329,
16330,
16333,
16334,
16343,
16359,
16373,
16380,
16389,
16393,
16400,
16405,
16420,
16421,
16423,
16425,
16435,
16436,
16449,
16454,
16454,
16459,
16479,
16480,
16481,
16485,
16502,
16503,
16504,
16506,
16512,
16516,
16527,
16532,
16542,
16554,
16567,
16568,
16569,
16577,
16578,
16581,
16582,
16596,
16619,
16622,
16632,
16633,
16635,
16648,
16654,
16669,
16677,
16680,
16681,
16686,
16686,
16690,
16704,
16711,
16713,
16717,
16722,
16725,
16746,
16766,
16775,
16776,
16777,
16780,
16784,
16785,
16792,
16799,
16811,
16825,
16834,
16837,
16840,
16843,
16849,
16855,
16857,
16859,
16874,
16884,
16887,
16899,
16904,
16915,
16932,
16932,
16945,
16957,
16960,
16964,
16968,
16981,
16988,
17001,
17007,
17011,
17042,
17045,
17047,
17049,
17050,
17057,
17059,
17066,
17066,
17079,
17081,
17082,
17085,
17087,
17088,
17098,
17105,
17116,
17116,
17120,
17122,
17123,
17124,
17129,
17131,
17145,
17146,
17161,
17168,
17170,
17171,
17176,
17182,
17184,
17204,
17210,
17218,
17237,
17249,
17252,
17256,
17256,
17258,
17263,
17265,
17266,
17279,
17282,
17290,
17296,
17305,
17309,
17328,
17330,
17337,
17342,
17344,
17345,
17348,
17357,
17365,
17367,
17374,
17382,
17384,
17385,
17389,
17390,
17393,
17403,
17407,
17413,
17415,
17421,
17421,
17442,
17444,
17446,
17447,
17451,
17459,
17460,
17472,
17474,
17475,
17479,
17479,
17482,
17486,
17495,
17499,
17501,
17505,
17515,
17515,
17522,
17525,
17541,
17542,
17570,
17573,
17580,
17582,
17598,
17600,
17602,
17605,
17606,
17606,
17623,
17631,
17637,
17645,
17648,
17649,
17649,
17650,
17652,
17653,
17655,
17665,
17681,
17694,
17710,
17722,
17722,
17728,
17730,
17731,
17746,
17748,
17762,
17763,
17763,
17771,
17782,
17792,
17794,
17802,
17818,
17822,
17835,
17842,
17863,
17866,
17872,
17875,
17876,
17890,
17894,
17901,
17902,
17913,
17936,
17952,
17955,
17964,
17981,
17982,
17986,
17991,
18000,
18000,
18008,
18014,
18021,
18023,
18032,
18032,
18061,
18069,
18071,
18071,
18073,
18081,
18106,
18113,
18114,
18149,
18151,
18158,
18163,
18165,
18168,
18177,
18179,
18185,
18191,
18196,
18197,
18198,
18216,
18218,
18221,
18236,
18243,
18246,
18269,
18272,
18278,
18283,
18290,
18293,
18311,
18318,
18318,
18343,
18356,
18357,
18360,
18367,
18390,
18400,
18401,
18413,
18427,
18448,
18464,
18470,
18475,
18478,
18488,
18488,
18498,
18501,
18502,
18504,
18512,
18515,
18519,
18526,
18542,
18544,
18546,
18551,
18556,
18605,
18606,
18615,
18617,
18630,
18631,
18639,
18639,
18656,
18665,
18667,
18670,
18677,
18678,
18686,
18710,
18711,
18711,
18719,
18721,
18723,
18750,
18754,
18763,
18764,
18767,
18776,
18777,
18802,
18804,
18814,
18816,
18819,
18823,
18830,
18836,
18838,
18839,
18839,
18840,
18840,
18842,
18850,
18864,
18870,
18889,
18900,
18907,
18909,
18926,
18929,
18930,
18935,
18941,
18967,
18968,
18970,
18975,
18990,
18990,
18991,
18997,
18999,
18999,
19000,
19003,
19007,
19013,
19014,
19024,
19030,
19032,
19039,
19042,
19047,
19048,
19054,
19058,
19064,
19070,
19072,
19081,
19084,
19087,
19105,
19108,
19116,
19136,
19136,
19142,
19145,
19146,
19163,
19165,
19166,
19168,
19171,
19192,
19199,
19219,
19221,
19230,
19236,
19245,
19246,
19247,
19258,
19274,
19275,
19298,
19324,
19324,
19329,
19330,
19340,
19344,
19345,
19346,
19350,
19356,
19358,
19359,
19361,
19362,
19369,
19376,
19384,
19386,
19396,
19403,
19408,
19410,
19428,
19438,
19442,
19448,
19471,
19472,
19473,
19475,
19482,
19483,
19484,
19490,
19494,
19511,
19513,
19521,
19541,
19564,
19572,
19574,
19576,
19594,
19600,
19603,
19610,
19623,
19625,
19629,
19636,
19636,
19639,
19644,
19657,
19676,
19680,
19685,
19686,
19686,
19694,
19696,
19717,
19717,
19718,
19724,
19727,
19736,
19745,
19745,
19747,
19761,
19767,
19769,
19776,
19790,
19791,
19808,
19813,
19815,
19834,
19846,
19848,
19853,
19858,
19872,
19875,
19879,
19892,
19894,
19897,
19901,
19916,
19917,
19931,
19936,
19949,
19956,
19964,
19965,
19969,
19980,
19984,
19991,
20004,
20009,
20009,
20021,
20026,
20033,
20037,
20046,
20063,
20063,
20067,
20075,
20086,
20108,
20109,
20124,
20129,
20132,
20137,
20143,
20145,
20152,
20160,
20172,
20173,
20191,
20195,
20195,
20203,
20216,
20220,
20221,
20222,
20246,
20258,
20262,
20288,
20292,
20301,
20309,
20311,
20311,
20315,
20318,
20330,
20335,
20336,
20337,
20351,
20367,
20381,
20385,
20401,
20403,
20405,
20415,
20428,
20437,
20437,
20461,
20462,
20479,
20483,
20484,
20500,
20512,
20526,
20531,
20537,
20547,
20550,
20550,
20551,
20552,
20552,
20554,
20556,
20562,
20566,
20572,
20577,
20590,
20591,
20599,
20607,
20613,
20625,
20632,
20654,
20660,
20662,
20667,
20679,
20683,
20684,
20687,
20688,
20694,
20696,
20699,
20701,
20704,
20732,
20744,
20761,
20761,
20793,
20796,
20797,
20802,
20824,
20840,
20842,
20862,
20868,
20870,
20891,
20894,
20902,
20910,
20910,
20912,
20912,
20916,
20919,
20923,
20924,
20931,
20936,
20936,
20937,
20941,
20941,
20946,
20981,
20995,
20998,
20998,
21020,
21027,
21034,
21034,
21043,
21048,
21052,
21064,
21065,
21067,
21085,
21113,
21115,
21118,
21118,
21128,
21129,
21137,
21142,
21151,
21152,
21156,
21160,
21172,
21191,
21203,
21205,
21212,
21222,
21223,
21230,
21233,
21234,
21244,
21244,
21264,
21287,
21306,
21307,
21312,
21312,
21318,
21349,
21358,
21359,
21360,
21379,
21385,
21386,
21394,
21398,
21402,
21404,
21406,
21438,
21462,
21468,
21470,
21474,
21486,
21492,
21506,
21534,
21556,
21557,
21561,
21567,
21569,
21578,
21587,
21602,
21611,
21624,
21630,
21649,
21651,
21653,
21654,
21657,
21668,
21672,
21678,
21720,
21729,
21748,
21759,
21775,
21780,
21789,
21814,
21815,
21822,
21822,
21823,
21826,
21829,
21842,
21843,
21847,
21857,
21863,
21865,
21875,
21879,
21897,
21897,
21918,
21921,
21933,
21950,
21963,
21977,
21979,
21988,
21989,
21991,
22005,
22007,
22010,
22019,
22022,
22036,
22037,
22043,
22046,
22048,
22054,
22063,
22066,
22076,
22094,
22094,
22102,
22109,
22111,
22116,
22124,
22125,
22147,
22151,
22158,
22160,
22171,
22198,
22198,
22206,
22208,
22214,
22217,
22219,
22225,
22226,
22227,
22237,
22264,
22265,
22275,
22278,
22284,
22288,
22296,
22299,
22305,
22315,
22317,
22321,
22331,
22333,
22345,
22352,
22353,
22368,
22376,
22376,
22378,
22385,
22385,
22408,
22413,
22414,
22417,
22430,
22430,
22443,
22445,
22448,
22455,
22461,
22464,
22464,
22470,
22480,
22482,
22486,
22486,
22491,
22492,
22495,
22500,
22529,
22531,
22531,
22533,
22541,
22547,
22548,
22550,
22560,
22565,
22571,
22574,
22584,
22584,
22585,
22593,
22596,
22596,
22597,
22604,
22612,
22615,
22618,
22639,
22666,
22675,
22680,
22681,
22689,
22689,
22691,
22698,
22700,
22705,
22720,
22730,
22739,
22741,
22746,
22749,
22757,
22760,
22762,
22772,
22773,
22788,
22788,
22807,
22813,
22819,
22819,
22826,
22843,
22845,
22858,
22874,
22874,
22881,
22882,
22885,
22885,
22894,
22902,
22902,
22927,
22936,
22941,
22944,
22948,
22959,
22962,
22972,
22972,
22976,
22985,
22987,
22991,
22993,
22995,
22996,
22999,
23001,
23002,
23004,
23014,
23022,
23034,
23038,
23040,
23042,
23043,
23055,
23057,
23058,
23063,
23067,
23067,
23067,
23070,
23074,
23075,
23078,
23096,
23099,
23100,
23102,
23109,
23112,
23115,
23131,
23134,
23155,
23158,
23164,
23167,
23182,
23191,
23197,
23207,
23208,
23229,
23230,
23231,
23236,
23244,
23247,
23249,
23269,
23272,
23274,
23286,
23296,
23315,
23316,
23325,
23327,
23330,
23333,
23336,
23338,
23344,
23352,
23356,
23363,
23363,
23368,
23370,
23376,
23379,
23385,
23395,
23402,
23403,
23420,
23427,
23429,
23434,
23434,
23437,
23441,
23450,
23450,
23458,
23464,
23466,
23471,
23483,
23506,
23509,
23510,
23524,
23527,
23532,
23532,
23533,
23540,
23546,
23554,
23557,
23560,
23563,
23569,
23575,
23588,
23591,
23604,
23609,
23615,
23624,
23626,
23627,
23639,
23641,
23648,
23651,
23662,
23662,
23666,
23666,
23672,
23674,
23683,
23685,
23685,
23689,
23692,
23695,
23698,
23698,
23704,
23705,
23707,
23718,
23721,
23721,
23722,
23739,
23752,
23755,
23765,
23770,
23772,
23774,
23774,
23780,
23789,
23793,
23797,
23799,
23804,
23813,
23815,
23816,
23844,
23846,
23848,
23854,
23866,
23867,
23869,
23876,
23877,
23899,
23906,
23910,
23928,
23940,
23941,
23944,
23963,
23975,
23980,
23986,
23993,
24005,
24010,
24018,
24024,
24030,
24052,
24072,
24087,
24093,
24093,
24094,
24096,
24104,
24112,
24118,
24125,
24139,
24142,
24143,
24146,
24155,
24157,
24157,
24163,
24166,
24170,
24173,
24174,
24180,
24196,
24215,
24215,
24240,
24242,
24247,
24259,
24287,
24294,
24297,
24302,
24314,
24314,
24323,
24324,
24325,
24339,
24343,
24379,
24379,
24385,
24387,
24399,
24404,
24409,
24421,
24423,
24430,
24432,
24437,
24438,
24449,
24462,
24464,
24476,
24482,
24493,
24494,
24495,
24501,
24506,
24517,
24520,
24532,
24541,
24544,
24568,
24569,
24586,
24592,
24606,
24618,
24624,
24639,
24655,
24656,
24661,
24669,
24672,
24677,
24683,
24686,
24693,
24698,
24701,
24702,
24704,
24707,
24708,
24715,
24720,
24720,
24731,
24731,
24731,
24733,
24744,
24750,
24753,
24762,
24765,
24767,
24770,
24780,
24781,
24783,
24798,
24803,
24805,
24820,
24822,
24824,
24826,
24832,
24841,
24847,
24852,
24858,
24863,
24868,
24872,
24874,
24875,
24888,
24895,
24902,
24905,
24906,
24909,
24909,
24911,
24924,
24926,
24935,
24936,
24943,
24944,
24945,
24946,
24953,
24954,
24955,
24965,
24965,
24968,
24975,
24983,
24983,
24989,
24992,
25012,
25013,
25016,
25024,
25026,
25028,
25032,
25038,
25048,
25055,
25056,
25057,
25058,
25059,
25062,
25064,
25070,
25089,
25091,
25102,
25103,
25105,
25105,
25109,
25118,
25120,
25123,
25128,
25133,
25135,
25140,
25162,
25164,
25164,
25168,
25172,
25182,
25186,
25196,
25201,
25202,
25202,
25215,
25218,
25225,
25233,
25235,
25245,
25248,
25255,
25255,
25258,
25260,
25263,
25270,
25272,
25272,
25287,
25291,
25293,
25312,
25349,
25350,
25355,
25368,
25378,
25380,
25396,
25402,
25402,
25405,
25408,
25413,
25418,
25428,
25428,
25437,
25447,
25461,
25486,
25496,
25499,
25512,
25531,
25537,
25554,
25561,
25566,
25568,
25569,
25579,
25587,
25587,
25608,
25637,
25640,
25640,
25641,
25642,
25646,
25650,
25653,
25654,
25655,
25671,
25674,
25684,
25685,
25696,
25706,
25715,
25715,
25716,
25729,
25742,
25745,
25750,
25766,
25778,
25780,
25807,
25822,
25838,
25855,
25857,
25868,
25874,
25884,
25885,
25885,
25903,
25917,
25922,
25928,
25931,
26017,
26035,
26035,
26037,
26039,
26061,
26065,
26069,
26072,
26083,
26085,
26090,
26094,
26098,
26116,
26118,
26122,
26130,
26133,
26150,
26151,
26152,
26159,
26160,
26171,
26175,
26187,
26198,
26201,
26207,
26209,
26231,
26241,
26243,
26247,
26254,
26255,
26261,
26269,
26273,
26275,
26278,
26284,
26291,
26293,
26297,
26297,
26300,
26302,
26306,
26308,
26308,
26312,
26324,
26325,
26330,
26340,
26348,
26357,
26381,
26390,
26410,
26411,
26421,
26425,
26437,
26437,
26444,
26445,
26457,
26464,
26477,
26477,
26478,
26479,
26481,
26495,
26497,
26497,
26509,
26510,
26517,
26528,
26545,
26549,
26550,
26554,
26554,
26596,
26598,
26610,
26617,
26629,
26645,
26645,
26652,
26662,
26684,
26707,
26709,
26724,
26732,
26749,
26769,
26770,
26779,
26817,
26818,
26822,
26833,
26837,
26844,
26853,
26874,
26878,
26905,
26910,
26923,
26929,
26932,
26934,
26966,
26988,
26991,
26999,
26999,
