7,
8,
14,
40,
50,
52,
53,
59,
64,
126,
127,
131,
135,
141,
144,
149,
170,
176,
177,
178,
181,
183,
186,
196,
208,
209,
230,
252,
257,
257,
263,
276,
284,
288,
289,
299,
309,
317,
320,
335,
336,
338,
341,
342,
352,
363,
367,
369,
381,
388,
393,
394,
400,
410,
417,
419,
437,
443,
445,
457,
458,
463,
463,
464,
468,
471,
472,
473,
473,
477,
480,
488,
491,
492,
501,
503,
506,
508,
527,
530,
534,
538,
548,
551,
557,
569,
571,
581,
583,
588,
598,
598,
601,
621,
631,
636,
637,
651,
655,
656,
669,
675,
683,
683,
685,
688,
695,
697,
709,
726,
730,
733,
734,
738,
739,
741,
742,
755,
764,
766,
786,
789,
794,
799,
820,
842,
842,
845,
850,
856,
858,
860,
867,
884,
914,
924,
931,
950,
952,
952,
953,
954,
958,
971,
990,
991,
998,
1000,
1000,
1011,
1012,
1019,
1020,
1021,
1026,
1047,
1058,
1061,
1068,
1081,
1084,
1085,
1088,
1091,
1095,
1095,
1104,
1110,
1124,
1142,
1142,
1159,
1173,
1175,
1176,
1178,
1194,
1200,
1213,
1216,
1222,
1230,
1231,
1240,
1242,
1248,
1255,
1265,
1272,
1278,
1289,
1297,
1298,
1304,
1306,
1311,
1311,
1313,
1335,
1338,
1341,
1348,
1352,
1355,
1364,
1365,
1365,
1365,
1366,
1372,
1373,
1378,
1389,
1400,
1412,
1439,
1451,
1458,
1461,
1463,
1490,
1493,
1495,
1519,
1525,
1543,
1546,
1546,
1580,
1582,
1587,
1591,
1592,
1605,
1605,
1605,
1616,
1620,
1628,
1630,
1630,
1641,
1644,
1644,
1645,
1663,
1666,
1672,
1675,
1686,
1692,
1696,
1696,
1705,
1705,
1708,
1723,
1723,
1727,
1746,
1751,
1759,
1760,
1770,
1773,
1782,
1805,
1810,
1816,
1819,
1819,
1820,
1822,
1826,
1831,
1844,
1848,
1859,
1872,
1872,
1887,
1887,
1889,
1893,
1893,
1900,
1902,
1903,
1909,
1913,
1932,
1951,
1952,
1964,
1966,
1974,
1985,
1985,
1987,
1990,
1990,
1997,
2009,
2015,
2020,
2036,
2051,
2051,
2053,
2060,
2074,
2075,
2078,
2078,
2080,
2113,
2116,
2119,
2120,
2123,
2147,
2148,
2153,
2154,
2170,
2178,
2182,
2182,
2205,
2206,
2217,
2218,
2222,
2230,
2233,
2247,
2269,
2295,
2299,
2315,
2326,
2327,
2327,
2337,
2338,
2344,
2371,
2374,
2383,
2385,
2392,
2397,
2398,
2403,
2411,
2423,
2426,
2430,
2433,
2445,
2449,
2456,
2475,
2484,
2502,
2503,
2508,
2529,
2558,
2560,
2580,
2580,
2593,
2609,
2610,
2611,
2612,
2626,
2645,
2657,
2664,
2677,
2682,
2691,
2691,
2696,
2707,
2712,
2714,
2726,
2734,
2735,
2742,
2744,
2747,
2748,
2763,
2766,
2771,
2780,
2781,
2784,
2798,
2810,
2815,
2815,
2819,
2823,
2826,
2829,
2840,
2842,
2855,
2861,
2877,
2877,
2891,
2898,
2903,
2922,
2923,
2932,
2972,
2973,
2978,
2984,
2989,
3002,
3004,
3006,
3022,
3027,
3029,
3036,
3042,
3042,
3050,
3052,
3052,
3053,
3055,
3057,
3065,
3078,
3081,
3119,
3124,
3134,
3135,
3138,
3149,
3153,
3156,
3157,
3158,
3161,
3161,
3193,
3218,
3218,
3226,
3226,
3240,
3242,
3245,
3251,
3263,
3263,
3263,
3273,
3278,
3279,
3280,
3291,
3292,
3293,
3293,
3301,
3304,
3312,
3322,
3328,
3329,
3340,
3346,
3356,
3365,
3380,
3393,
3399,
3413,
3420,
3423,
3425,
3426,
3453,
3454,
3458,
3463,
3470,
3473,
3483,
3488,
3504,
3509,
3521,
3522,
3524,
3549,
3563,
3569,
3570,
3588,
3588,
3598,
3602,
3607,
3620,
3627,
3632,
3652,
3653,
3654,
3659,
3678,
3691,
3697,
3701,
3716,
3721,
3735,
3738,
3751,
3754,
3757,
3757,
3763,
3763,
3764,
3767,
3769,
3779,
3786,
3789,
3801,
3802,
3816,
3827,
3837,
3841,
3843,
3849,
3861,
3862,
3875,
3877,
3880,
3884,
3888,
3892,
3894,
3894,
3900,
3904,
3904,
3907,
3918,
3924,
3925,
3926,
3929,
3951,
3953,
3964,
3966,
3969,
3974,
3978,
3981,
3985,
3988,
3989,
4009,
4011,
4021,
4025,
4032,
4037,
4051,
4051,
4052,
4052,
4053,
4056,
4056,
4060,
4091,
4093,
4102,
4105,
4125,
4142,
4156,
4184,
4187,
4199,
4201,
4205,
4207,
4208,
4212,
4226,
4258,
4262,
4267,
4268,
4269,
4292,
4296,
4299,
4301,
4303,
4307,
4314,
4314,
4317,
4321,
4321,
4323,
4323,
4331,
4333,
4346,
4354,
4364,
4368,
4371,
4388,
4397,
4400,
4405,
4423,
4424,
4427,
4434,
4439,
4443,
4444,
4448,
4462,
4466,
4471,
4478,
4494,
4498,
4520,
4525,
4533,
4551,
4556,
4556,
4559,
4574,
4575,
4585,
4593,
4594,
4616,
4617,
4623,
4636,
4643,
4644,
4649,
4655,
4660,
4661,
4663,
4667,
4673,
4674,
4679,
4680,
4705,
4713,
4716,
4723,
4725,
4727,
4731,
4752,
4753,
4760,
4761,
4763,
4766,
4782,
4782,
4792,
4800,
4804,
4806,
4808,
4814,
4830,
4831,
4834,
4839,
4846,
4849,
4851,
4853,
4855,
4868,
4886,
4888,
4889,
4891,
4892,
4894,
4904,
4905,
4908,
4910,
4915,
4917,
4917,
4918,
4931,
4932,
4933,
4938,
4950,
4956,
4957,
4969,
4971,
4978,
4989,
4995,
5004,
5094,
5096,
5100,
5102,
5113,
5113,
5124,
5133,
5134,
5134,
5138,
5175,
5217,
5218,
5219,
5221,
5230,
5231,
5239,
5239,
5241,
5244,
5253,
5260,
5275,
5275,
5283,
5310,
5318,
5322,
5325,
5329,
5342,
5347,
5349,
5364,
5371,
5381,
5383,
5395,
5396,
5401,
5413,
5414,
5415,
5424,
5442,
5451,
5487,
5488,
5488,
5503,
5513,
5517,
5530,
5535,
5548,
5557,
5558,
5561,
5566,
5572,
5585,
5589,
5592,
5594,
5601,
5603,
5604,
5607,
5614,
5618,
5632,
5633,
5633,
5638,
5641,
5654,
5660,
5664,
5671,
5672,
5676,
5679,
5680,
5696,
5708,
5714,
5717,
5718,
5720,
5729,
5729,
5732,
5741,
5771,
5774,
5781,
5800,
5806,
5810,
5817,
5867,
5870,
5870,
5875,
5880,
5883,
5894,
5899,
5906,
5909,
5913,
5914,
5915,
5917,
5924,
5927,
5931,
5934,
5938,
5941,
5947,
5953,
5954,
5954,
5958,
5958,
5965,
5984,
5989,
5991,
6000,
6001,
6010,
6018,
6020,
6041,
6054,
6065,
6066,
6071,
6079,
6081,
6089,
6101,
6102,
6108,
6120,
6121,
6123,
6137,
6144,
6147,
6148,
6151,
6155,
6159,
6162,
6164,
6168,
6169,
6185,
6189,
6193,
6194,
6196,
6207,
6218,
6223,
6224,
6232,
6236,
6240,
6254,
6255,
6259,
6263,
6275,
6281,
6293,
6298,
6303,
6310,
6319,
6324,
6325,
6336,
6339,
6343,
6356,
6358,
6363,
6373,
6374,
6374,
6381,
6386,
6393,
6395,
6408,
6420,
6427,
6437,
6437,
6438,
6443,
6444,
6446,
6447,
6450,
6452,
6455,
6455,
6460,
6463,
6463,
6467,
6473,
6475,
6477,
6501,
6507,
6507,
6508,
6519,
6528,
6528,
6530,
6543,
6558,
6562,
6570,
6572,
6584,
6585,
6598,
6601,
6603,
6609,
6616,
6621,
6622,
6629,
6633,
6635,
6641,
6650,
6653,
6654,
6662,
6678,
6717,
6723,
6733,
6737,
6750,
6755,
6761,
6778,
6784,
6791,
6794,
6807,
6833,
6840,
6840,
6849,
6853,
6859,
6859,
6862,
6863,
6867,
6875,
6878,
6882,
6888,
6891,
6892,
6900,
6901,
6908,
6939,
6940,
6943,
6948,
6956,
6959,
6962,
6975,
6982,
7008,
7033,
7059,
7075,
7077,
7084,
7105,
7106,
7107,
7115,
7119,
7129,
7130,
7131,
7132,
7139,
7140,
7140,
7142,
7144,
7161,
7162,
7176,
7179,
7197,
7198,
7205,
7219,
7220,
7234,
7241,
7242,
7245,
7251,
7252,
7253,
7258,
7258,
7267,
7271,
7275,
7282,
7282,
7289,
7291,
7293,
7301,
7306,
7317,
7322,
7327,
7327,
7330,
7331,
7333,
7335,
7339,
7339,
7340,
7343,
7343,
7348,
7356,
7359,
7362,
7368,
7385,
7386,
7392,
7393,
7393,
7396,
7400,
7401,
7405,
7405,
7407,
7416,
7419,
7437,
7446,
7447,
7448,
7448,
7450,
7460,
7476,
7478,
7481,
7486,
7496,
7502,
7510,
7511,
7511,
7522,
7524,
7527,
7528,
7530,
7533,
7533,
7539,
7545,
7550,
7557,
7562,
7562,
7573,
7588,
7589,
7590,
7600,
7604,
7609,
7619,
7628,
7637,
7643,
7643,
7652,
7670,
7670,
7674,
7676,
7677,
7678,
7685,
7686,
7690,
7694,
7694,
7699,
7703,
7707,
7723,
7735,
7745,
7745,
7747,
7754,
7758,
7765,
7769,
7780,
7796,
7813,
7820,
7824,
7852,
7885,
7889,
7891,
7894,
7897,
7901,
7906,
7916,
7932,
7941,
7945,
7945,
7946,
7954,
7962,
7976,
7976,
7985,
7986,
8001,
8007,
8007,
8008,
8027,
8040,
8041,
8043,
8045,
8050,
8050,
8061,
8065,
8067,
8070,
8070,
8070,
8070,
8076,
8078,
8079,
8083,
8083,
8086,
8106,
8108,
8109,
8117,
8118,
8137,
8143,
8143,
8146,
8161,
8165,
8171,
8175,
8179,
8186,
8186,
8199,
8212,
8218,
8223,
8225,
8230,
8236,
8240,
8244,
8244,
8266,
8277,
8284,
8290,
8322,
8339,
8345,
8347,
8349,
8352,
8353,
8357,
8360,
8371,
8374,
8379,
8382,
8382,
8382,
8384,
8388,
8389,
8392,
8393,
8402,
8421,
8423,
8425,
8431,
8435,
8446,
8446,
8449,
8452,
8458,
8471,
8472,
8487,
8496,
8501,
8502,
8509,
8514,
8523,
8545,
8556,
8557,
8573,
8574,
8580,
8587,
8612,
8616,
8620,
8623,
8640,
8649,
8669,
8687,
8695,
8703,
8704,
8705,
8708,
8709,
8709,
8722,
8724,
8737,
8741,
8747,
8752,
8753,
8754,
8762,
8766,
8769,
8777,
8781,
8788,
8822,
8827,
8837,
8843,
8846,
8850,
8855,
8857,
8867,
8883,
8898,
8900,
8904,
8918,
8922,
8923,
8927,
8942,
8945,
8948,
8952,
8957,
8962,
8968,
8971,
8971,
8986,
8987,
8996,
9000,
9003,
9004,
9004,
9024,
9031,
9031,
9046,
9047,
9062,
9068,
9071,
9084,
9089,
9090,
9098,
9098,
9099,
9115,
9116,
9117,
9122,
9127,
9134,
9138,
9139,
9147,
9155,
9159,
9163,
9171,
9171,
9176,
9181,
9186,
9186,
9198,
9210,
9212,
9224,
9229,
9236,
9241,
9250,
9250,
9257,
9257,
9262,
9266,
9276,
9279,
9283,
9289,
9292,
9295,
9308,
9310,
9313,
9320,
9347,
9366,
9377,
9381,
9390,
9392,
9393,
9395,
9395,
9396,
9403,
9410,
9416,
9417,
9422,
9427,
9428,
9431,
9439,
9450,
9450,
9489,
9493,
9493,
9498,
9524,
9530,
9557,
9558,
9563,
9572,
9574,
9577,
9578,
9581,
9582,
9586,
9586,
9587,
9602,
9603,
9606,
9607,
9609,
9613,
9622,
9629,
9631,
9642,
9663,
9671,
9672,
9679,
9685,
9687,
9692,
9696,
9703,
9704,
9708,
9710,
9714,
9725,
9744,
9749,
9753,
9753,
9756,
9763,
9772,
9778,
9785,
9788,
9798,
9800,
9803,
9813,
9820,
9823,
9824,
9825,
9827,
9828,
9831,
9833,
9845,
9849,
9854,
9867,
9878,
9878,
9880,
9883,
9905,
9910,
9930,
9951,
9959,
9964,
9971,
9994,
9999,
10009,
10036,
10064,
10079,
10102,
10104,
10106,
10107,
10111,
10112,
10114,
10122,
10122,
10126,
10127,
10131,
10138,
10180,
10202,
10214,
10223,
10234,
10239,
10246,
10247,
10258,
10260,
10271,
10275,
10275,
10289,
10310,
10316,
10318,
10331,
10341,
10353,
10361,
10367,
10376,
10391,
10393,
10401,
10421,
10424,
10430,
10434,
10447,
10453,
10463,
10469,
10474,
10479,
10485,
10487,
10501,
10504,
10511,
10512,
10513,
10514,
10526,
10534,
10536,
10536,
10537,
10538,
10545,
10560,
10572,
10573,
10583,
10597,
10608,
10612,
10614,
10618,
10632,
10648,
10653,
10663,
10672,
10683,
10684,
10694,
10696,
10703,
10711,
10719,
10738,
10743,
10744,
10748,
10760,
10768,
10772,
10779,
10789,
10789,
10808,
10810,
10851,
10860,
10862,
10869,
10872,
10872,
10874,
10907,
10910,
10922,
10924,
10926,
10935,
10936,
10937,
10939,
10949,
10955,
10955,
10959,
10964,
10964,
10966,
10970,
10979,
10991,
11002,
11003,
11005,
11008,
11009,
11020,
11020,
11025,
11041,
11061,
11066,
11067,
11071,
11081,
11092,
11102,
11105,
11108,
11123,
11127,
11131,
11145,
11149,
11150,
11164,
11166,
11169,
11173,
11175,
11176,
11189,
11189,
11193,
11197,
11200,
11208,
11227,
11232,
11240,
11265,
11269,
11272,
11277,
11277,
11293,
11299,
11303,
11314,
11320,
11326,
11348,
11353,
11363,
11384,
11387,
11392,
11397,
11409,
11413,
11447,
11450,
11457,
11476,
11487,
11505,
11515,
11523,
11524,
11553,
11561,
11564,
11571,
11580,
11594,
11599,
11606,
11616,
11626,
11630,
11631,
11634,
11642,
11663,
11679,
11692,
11712,
11717,
11719,
11725,
11727,
11737,
11737,
11760,
11762,
11764,
11765,
11790,
11799,
11816,
11830,
11830,
11834,
11851,
11858,
11863,
11865,
11866,
11868,
11872,
11889,
11894,
11897,
11902,
11907,
11913,
11913,
11915,
11928,
11935,
11947,
11961,
11967,
11968,
11979,
11984,
12019,
12023,
12027,
12029,
12040,
12043,
12045,
12050,
12070,
12083,
12094,
12102,
12117,
12124,
12130,
12132,
12156,
12156,
12160,
12164,
12176,
12177,
12194,
12201,
12206,
12216,
12219,
12221,
12223,
12228,
12238,
12261,
12268,
12279,
12279,
12285,
12293,
12295,
12299,
12309,
12310,
12318,
12318,
12322,
12327,
12332,
12343,
12361,
12365,
12373,
12377,
12397,
12398,
12410,
12411,
12417,
12430,
12450,
12452,
12453,
12457,
12460,
12463,
12467,
12491,
12491,
12492,
12496,
12504,
12511,
12517,
12523,
12549,
12554,
12571,
12573,
12574,
12574,
12592,
12598,
12606,
12606,
12616,
12640,
12646,
12664,
12669,
12679,
12693,
12701,
12703,
12707,
12709,
12710,
12721,
12733,
12734,
12735,
12739,
12744,
12750,
12753,
12762,
12762,
12763,
12770,
12771,
12774,
12788,
12789,
12795,
12796,
12801,
12804,
12807,
12820,
12837,
12837,
12844,
12859,
12862,
12863,
12869,
12871,
12886,
12888,
12901,
12906,
12907,
12913,
12921,
12922,
12942,
12946,
12955,
12960,
12968,
12973,
12982,
12984,
13005,
13008,
13012,
13012,
13016,
13025,
13027,
13034,
13036,
13037,
13048,
13055,
13057,
13058,
13059,
13059,
13062,
13062,
13079,
13097,
13104,
13104,
13109,
13121,
13134,
13138,
13140,
13147,
13153,
13154,
13157,
13169,
13176,
13183,
13192,
13195,
13202,
13245,
13246,
13249,
13252,
13269,
13288,
13288,
13289,
13302,
13306,
13324,
13324,
13328,
13352,
13369,
13371,
13388,
13414,
13420,
13438,
13439,
13439,
13444,
13449,
13455,
13469,
13469,
13472,
13476,
13483,
13484,
13485,
13486,
13490,
13491,
13491,
13499,
13500,
13503,
13504,
13507,
13508,
13516,
13522,
13529,
13534,
13539,
13542,
13545,
13548,
13554,
13557,
13581,
13582,
13590,
13594,
13610,
13611,
13614,
13642,
13651,
13657,
13668,
13674,
13678,
13688,
13691,
13698,
13701,
13726,
13734,
13736,
13737,
13740,
13741,
13747,
13767,
13774,
13778,
13779,
13782,
13799,
13803,
13807,
13810,
13823,
13827,
13840,
13841,
13851,
13856,
13870,
13876,
13877,
13877,
13880,
13895,
13897,
13904,
13913,
13915,
13916,
13926,
13928,
13935,
13938,
13938,
13941,
13958,
13960,
13960,
13964,
13964,
13967,
13979,
13980,
13983,
13984,
13987,
13993,
13993,
13999,
14002,
14004,
14021,
14031,
14039,
14049,
14060,
14090,
14097,
14102,
14116,
14121,
14123,
14127,
14130,
14131,
14136,
14137,
14143,
14153,
14157,
14174,
14175,
14185,
14187,
14196,
14200,
14214,
14215,
14218,
14242,
14248,
14258,
14273,
14286,
14294,
14295,
14302,
14304,
14304,
14309,
14309,
14310,
14312,
14317,
14333,
14356,
14364,
14375,
14376,
14385,
14399,
14410,
14420,
14420,
14423,
14430,
14438,
14457,
14460,
14462,
14464,
14471,
14472,
14478,
14483,
14485,
14487,
14500,
14504,
14509,
14509,
14515,
14535,
14536,
14552,
14556,
14559,
14568,
14569,
14576,
14583,
14593,
14603,
14605,
14606,
14610,
14611,
14616,
14619,
14630,
14632,
14632,
14645,
14647,
14649,
14653,
14656,
14659,
14664,
14665,
14668,
14672,
14673,
14676,
14687,
14698,
14703,
14706,
14725,
14740,
14744,
14773,
14774,
14795,
14796,
14802,
14804,
14808,
14820,
14824,
14829,
14832,
14834,
14845,
14848,
14856,
14865,
14877,
14881,
14886,
14887,
14893,
14905,
14908,
14919,
14921,
14931,
14943,
14945,
14945,
14947,
14954,
14958,
14969,
14971,
14981,
14982,
14982,
14985,
14986,
14992,
14998,
14999,
15002,
15005,
15067,
15070,
15082,
15086,
15104,
15107,
15110,
15115,
15127,
15131,
15132,
15137,
15140,
15147,
15151,
15153,
15176,
15176,
15202,
15205,
15207,
15209,
15211,
15212,
15214,
15219,
15229,
15249,
15256,
15271,
15271,
15274,
15275,
15287,
15292,
15293,
15306,
15309,
15313,
15324,
15334,
15356,
15360,
15365,
15371,
15378,
15382,
15386,
15388,
15403,
15406,
15406,
15414,
15417,
15425,
15429,
15433,
15437,
15441,
15445,
15481,
15495,
15495,
15510,
15513,
15519,
15528,
15530,
15531,
15536,
15539,
15542,
15546,
15565,
15567,
15585,
15590,
15598,
15599,
15617,
15622,
15631,
15639,
15641,
15642,
15647,
15647,
15660,
15678,
15679,
15681,
15684,
15684,
15687,
15692,
15700,
15700,
15701,
15715,
15721,
15728,
15735,
15738,
15744,
15747,
15749,
15769,
15774,
15777,
15777,
15786,
15787,
15794,
15803,
15807,
15809,
15824,
15840,
15848,
15850,
15851,
15858,
15860,
15863,
15873,
15873,
15888,
15895,
15896,
15907,
15909,
15912,
15920,
15933,
15936,
15952,
15953,
15962,
15978,
15982,
15985,
16000,
16005,
16006,
16010,
16010,
16044,
16045,
16049,
16052,
16057,
16077,
16107,
16111,
16116,
16124,
16136,
16139,
16142,
16148,
16152,
16155,
16174,
16174,
16176,
16187,
16195,
16203,
16204,
16207,
16210,
16215,
16225,
16245,
16245,
16246,
16247,
16249,
16252,
16253,
16255,
16256,
16274,
16285,
16292,
16294,
16298,
16302,
16311,
16313,
16319,
16324,
16329,
16354,
16361,
16363,
16364,
16373,
16381,
16407,
16411,
16421,
16425,
16425,
16431,
16441,
16453,
16455,
16469,
16472,
16490,
16498,
16504,
16508,
16509,
16510,
16529,
16538,
16541,
16557,
16560,
16592,
16592,
16596,
16601,
16605,
16611,
16615,
16618,
16632,
16634,
16634,
16650,
16664,
16666,
16676,
16678,
16693,
16716,
16724,
16727,
16736,
16737,
16739,
16739,
16756,
16760,
16763,
16765,
16773,
16805,
16807,
16810,
16829,
16839,
16855,
16868,
16872,
16878,
16880,
16894,
16896,
16898,
16902,
16909,
16917,
16921,
16927,
16931,
16937,
16938,
16948,
16950,
16959,
16961,
16961,
16971,
16972,
16978,
16984,
16989,
16990,
16997,
16998,
17008,
17019,
17019,
17027,
17030,
17051,
17062,
17071,
17087,
17090,
17115,
17129,
17138,
17139,
17144,
17156,
17172,
17174,
17178,
17189,
17190,
17194,
17198,
17199,
17205,
17210,
17211,
17212,
17215,
17222,
17222,
17229,
17230,
17249,
17250,
17261,
17263,
17277,
17288,
17294,
17296,
17299,
17315,
17316,
17327,
17330,
17332,
17349,
17349,
17380,
17399,
17410,
17416,
17416,
17418,
17422,
17428,
17448,
17450,
17453,
17455,
17464,
17467,
17467,
17469,
17470,
17471,
17474,
17474,
17477,
17490,
17495,
17506,
17507,
17515,
17519,
17523,
17525,
17549,
17554,
17561,
17563,
17577,
17577,
17581,
17583,
17584,
17588,
17600,
17602,
17602,
17604,
17609,
17612,
17620,
17623,
17630,
17635,
17641,
17647,
17651,
17653,
17653,
17654,
17660,
17681,
17683,
17703,
17707,
17708,
17709,
17712,
17742,
17743,
17747,
17754,
17757,
17757,
17763,
17764,
17766,
17767,
17769,
17771,
17773,
17779,
17779,
17788,
17792,
17796,
17797,
17814,
17819,
17824,
17826,
17837,
17851,
17852,
17860,
17861,
17868,
17878,
17882,
17891,
17896,
17906,
17915,
17921,
17921,
17925,
17936,
17943,
17950,
17954,
17969,
17986,
17988,
17995,
17996,
18005,
18011,
18011,
18012,
18031,
18034,
18039,
18045,
18056,
18061,
18065,
18068,
18069,
18080,
18090,
18113,
18116,
18119,
18122,
18123,
18126,
18126,
18158,
18161,
18177,
18178,
18184,
18189,
18198,
18200,
18202,
18222,
18229,
18229,
18231,
18235,
18242,
18253,
18254,
18265,
18267,
18268,
18274,
18277,
18288,
18292,
18294,
18305,
18323,
18324,
18329,
18339,
18356,
18362,
18370,
18396,
18400,
18405,
18427,
18438,
18460,
18460,
18463,
18472,
18474,
18476,
18481,
18485,
18490,
18501,
18507,
18509,
18509,
18514,
18523,
18527,
18531,
18533,
18558,
18562,
18572,
18581,
18589,
18595,
18609,
18615,
18631,
18635,
18636,
18637,
18641,
18644,
18661,
18664,
18666,
18668,
18680,
18695,
18696,
18698,
18702,
18720,
18731,
18739,
18742,
18756,
18758,
18758,
18767,
18781,
18783,
18787,
18789,
18809,
18812,
18821,
18822,
18831,
18839,
18841,
18848,
18853,
18855,
18862,
18868,
18869,
18874,
18888,
18892,
18895,
18904,
18915,
18918,
18919,
18927,
18931,
18951,
18959,
18972,
18972,
19003,
19005,
19009,
19018,
19022,
19026,
19041,
19042,
19043,
19050,
19050,
19052,
19055,
19068,
19074,
19077,
19085,
19088,
19109,
19114,
19118,
19119,
19120,
19123,
19134,
19137,
19151,
19153,
19169,
19170,
19172,
19181,
19188,
19197,
19203,
19203,
19204,
19205,
19208,
19213,
19215,
19245,
19252,
19261,
19264,
19280,
19285,
19288,
19298,
19314,
19330,
19331,
19339,
19349,
19353,
19361,
19362,
19376,
19379,
19380,
19406,
19410,
19417,
19419,
19434,
19441,
19443,
19446,
19446,
19447,
19454,
19459,
19466,
19467,
19485,
19491,
19492,
19495,
19496,
19512,
19512,
19513,
19518,
19522,
19525,
19529,
19533,
19535,
19538,
19543,
19548,
19552,
19576,
19587,
19590,
19601,
19602,
19629,
19629,
19647,
19647,
19652,
19661,
19672,
19672,
19674,
19678,
19679,
19680,
19681,
19685,
19687,
19700,
19701,
19708,
19715,
19722,
19725,
19728,
19744,
19750,
19756,
19757,
19766,
19770,
19776,
19779,
19791,
19791,
19791,
19802,
19805,
19811,
19821,
19837,
19851,
19855,
19873,
19881,
19896,
19898,
19908,
19921,
19923,
19936,
19938,
19945,
19946,
19947,
19957,
19959,
19969,
19972,
19982,
19997,
20001,
20011,
20020,
20021,
20023,
20027,
20031,
20035,
20036,
20041,
20048,
20050,
20062,
20080,
20100,
20102,
20119,
20126,
20127,
20131,
20141,
20185,
20186,
20190,
20196,
20200,
20206,
20208,
20215,
20217,
20219,
20225,
20234,
20246,
20256,
20259,
20276,
20296,
20297,
20308,
20311,
20318,
20322,
20326,
20329,
20330,
20334,
20336,
20336,
20336,
20343,
20364,
20382,
20383,
20384,
20389,
20389,
20404,
20406,
20407,
20414,
20418,
20431,
20440,
20447,
20455,
20466,
20466,
20493,
20504,
20520,
20522,
20538,
20539,
20544,
20546,
20550,
20561,
20564,
20573,
20574,
20582,
20586,
20587,
20591,
20592,
20593,
20594,
20608,
20609,
20609,
20613,
20651,
20655,
20665,
20665,
20668,
20669,
20672,
20675,
20677,
20702,
20714,
20729,
20739,
20757,
20769,
20779,
20780,
20808,
20814,
20814,
20817,
20818,
20820,
20838,
20840,
20842,
20848,
20850,
20861,
20861,
20869,
20879,
20885,
20886,
20888,
20889,
20913,
20923,
20925,
20926,
20927,
20928,
20928,
20928,
20929,
20930,
20936,
20947,
20963,
20965,
20967,
20968,
20998,
21010,
21037,
21039,
21043,
21048,
21050,
21055,
21072,
21079,
21092,
21093,
21102,
21104,
21106,
21116,
21116,
21120,
21122,
21124,
21128,
21131,
21152,
21155,
21163,
21168,
21176,
21192,
21192,
21194,
21203,
21214,
21232,
21234,
21242,
21250,
21255,
21261,
21267,
21268,
21289,
21293,
21294,
21299,
21304,
21309,
21317,
21319,
21335,
21336,
21340,
21359,
21375,
21377,
21378,
21380,
21383,
21389,
21401,
21415,
21434,
21436,
21465,
21468,
21469,
21476,
21479,
21482,
21487,
21495,
21499,
21512,
21523,
21525,
21535,
21537,
21538,
21544,
21547,
21563,
21563,
21569,
21580,
21587,
21590,
21595,
21596,
21597,
21609,
21613,
21616,
21619,
21624,
21628,
21633,
21636,
21638,
21641,
21645,
21646,
21648,
21651,
21670,
21681,
21688,
21693,
21697,
21709,
21710,
21712,
21719,
21721,
21721,
21728,
21734,
21737,
21739,
21739,
21749,
21762,
21769,
21773,
21776,
21777,
21784,
21789,
21812,
21832,
21838,
21841,
21843,
21857,
21859,
21864,
21866,
21873,
21875,
21881,
21882,
21906,
21908,
21909,
21913,
21914,
21918,
21927,
21958,
21968,
21990,
21999,
22009,
22009,
22014,
22018,
22037,
22051,
22079,
22088,
22104,
22137,
22149,
22151,
22166,
22166,
22194,
22195,
22205,
22207,
22210,
22213,
22218,
22220,
22223,
22227,
22228,
22246,
22248,
22255,
22266,
22269,
22270,
22271,
22293,
22301,
22307,
22310,
22325,
22350,
22361,
22363,
22378,
22380,
22428,
22430,
22446,
22451,
22458,
22474,
22495,
22502,
22513,
22517,
22520,
22523,
22527,
22529,
22536,
22543,
22546,
22548,
22556,
22570,
22593,
22594,
22604,
22610,
22613,
22629,
22640,
22646,
22654,
22663,
22673,
22679,
22685,
22693,
22704,
22707,
22712,
22719,
22721,
22724,
22732,
22740,
22740,
22746,
22752,
22794,
22804,
22816,
22830,
22837,
22847,
22850,
22866,
22869,
22871,
22871,
22872,
22877,
22887,
22890,
22900,
22903,
22911,
22918,
22919,
22922,
22925,
22934,
22935,
22935,
22963,
22966,
22971,
22973,
22976,
22980,
22981,
22991,
22998,
23003,
23004,
23020,
23028,
23064,
23073,
23078,
23081,
23101,
23128,
23130,
23140,
23146,
23150,
23166,
23168,
23180,
23180,
23182,
23187,
23190,
23190,
23222,
23229,
23243,
23247,
23252,
23255,
23255,
23263,
23286,
23292,
23303,
23309,
23310,
23319,
23326,
23329,
23332,
23343,
23354,
23356,
23378,
23379,
23394,
23394,
23395,
23405,
23409,
23414,
23448,
23461,
23462,
23467,
23476,
23477,
23481,
23487,
23491,
23496,
23496,
23501,
23520,
23521,
23522,
23533,
23538,
23550,
23553,
23556,
23564,
23570,
23574,
23575,
23581,
23581,
23598,
23599,
23605,
23625,
23633,
23634,
23641,
23645,
23646,
23655,
23660,
23665,
23666,
23687,
23691,
23696,
23702,
23716,
23720,
23722,
23724,
23731,
23744,
23747,
23754,
23757,
23764,
23780,
23786,
23799,
23801,
23808,
23810,
23815,
23815,
23817,
23838,
23852,
23853,
23867,
23868,
23869,
23869,
23872,
23875,
23885,
23897,
23900,
23900,
23900,
23902,
23905,
23906,
23915,
23922,
23932,
23937,
23943,
23945,
23948,
23949,
23957,
23964,
23964,
23966,
23977,
23977,
23986,
23987,
23988,
23994,
23995,
23999,
24001,
24001,
24003,
24003,
24003,
24005,
24010,
24015,
24018,
24025,
24031,
24031,
24033,
24043,
24047,
24052,
24065,
24069,
24070,
24071,
24081,
24089,
24098,
24108,
24109,
24113,
24121,
24130,
24134,
24137,
24148,
24158,
24164,
24177,
24189,
24213,
24216,
24239,
24246,
24249,
24268,
24272,
24281,
24287,
24291,
24300,
24302,
24309,
24310,
24311,
24316,
24316,
24319,
24323,
24327,
24337,
24356,
24365,
24365,
24393,
24399,
24401,
24404,
24407,
24424,
24426,
24432,
24433,
24436,
24440,
24441,
24444,
24445,
24450,
24459,
24465,
24472,
24480,
24480,
24512,
24517,
24529,
24529,
24533,
24539,
24540,
24547,
24553,
24556,
24565,
24572,
24574,
24576,
24578,
24589,
24593,
24601,
24601,
24621,
24621,
24625,
24626,
24635,
24637,
24647,
24670,
24678,
24679,
24679,
24688,
24688,
24697,
24709,
24710,
24711,
24720,
24726,
24732,
24740,
24747,
24755,
24765,
24772,
24773,
24784,
24786,
24792,
24805,
24809,
24811,
24820,
24824,
24827,
24831,
24837,
24838,
24839,
24855,
24862,
24865,
24875,
24896,
24899,
24922,
24923,
24924,
24937,
24941,
24942,
24942,
24950,
24950,
24959,
24961,
24975,
24978,
24981,
24984,
24986,
24990,
25002,
25007,
25009,
25020,
25026,
25027,
25034,
25055,
25075,
25085,
25089,
25110,
25113,
25114,
25115,
25116,
25124,
25128,
25138,
25143,
25146,
25151,
25157,
25173,
25202,
25205,
25226,
25233,
25243,
25253,
25257,
25260,
25261,
25267,
25268,
25281,
25282,
25288,
25290,
25291,
25312,
25320,
25320,
25322,
25325,
25331,
25354,
25356,
25368,
25368,
25397,
25416,
25425,
25430,
25447,
25453,
25457,
25458,
25470,
25474,
25478,
25480,
25489,
25489,
25493,
25494,
25505,
25506,
25508,
25512,
25515,
25521,
25521,
25524,
25528,
25539,
25544,
25554,
25558,
25565,
25566,
25574,
25579,
25584,
25613,
25620,
25633,
25639,
25642,
25647,
25654,
25656,
25660,
25666,
25666,
25672,
25682,
25685,
25688,
25697,
25702,
25704,
25712,
25733,
25733,
25737,
25737,
25745,
25749,
25771,
25775,
25799,
25802,
25819,
25838,
25848,
25853,
25855,
25859,
25859,
25861,
25870,
25874,
25875,
25876,
25883,
25885,
25886,
25889,
25898,
25901,
25905,
25906,
25914,
25920,
25923,
25926,
25928,
25944,
25955,
25960,
25973,
25982,
25995,
26003,
26005,
26009,
26018,
26019,
26023,
26028,
26038,
26055,
26058,
26068,
26072,
26077,
26080,
26098,
26113,
26122,
26129,
26132,
26134,
26137,
26148,
26152,
26158,
26160,
26170,
26170,
26178,
26187,
26189,
26194,
26197,
26200,
26202,
26205,
26208,
26210,
26232,
26234,
26236,
26250,
26254,
26258,
26263,
26272,
26289,
26299,
26300,
26315,
26315,
26325,
26328,
26343,
26344,
26358,
26359,
26361,
26366,
26375,
26376,
26380,
26380,
26384,
26384,
26396,
26421,
26421,
26440,
26442,
26448,
26451,
26453,
26471,
26472,
26473,
26476,
26479,
26480,
26483,
26483,
26489,
26490,
26500,
26507,
26516,
26525,
26537,
26547,
26551,
26558,
26583,
26589,
26589,
26596,
26601,
26603,
26605,
26606,
26608,
26609,
26611,
26617,
26622,
26627,
26634,
26644,
26645,
26647,
26649,
26652,
26653,
26665,
26676,
26678,
26685,
26692,
26699,
26711,
26719,
26725,
26726,
26738,
26742,
26749,
26757,
26773,
26780,
26781,
26790,
26799,
26807,
26807,
26807,
26841,
26842,
26843,
26845,
26851,
26856,
26857,
26859,
26860,
26877,
26891,
26900,
26902,
26907,
26912,
26912,
26920,
26921,
26922,
26927,
26928,
26932,
26949,
26953,
26957,
26960,
26966,
26981,
26981,
26984,
26986,
26998,
