0,2,44,
0,10,46,
0,10,96,
0,11,111,
0,18,121,
0,21,97,
0,24,102,
0,44,113,
0,51,81,
0,56,83,
0,74,77,
0,97,89,
0,110,135,
0,128,45,
0,128,81,
0,132,123,
0,132,128,
1,5,69,
1,15,106,
1,28,96,
1,47,58,
1,55,84,
1,65,99,
1,71,127,
1,77,117,
1,81,131,
1,83,81,
1,104,126,
1,115,90,
1,116,67,
1,134,49,
2,18,38,
2,23,26,
2,23,111,
2,24,126,
2,43,87,
2,45,65,
2,51,80,
2,56,110,
2,64,67,
2,64,81,
2,71,113,
2,78,2,
2,84,87,
2,89,126,
2,96,133,
2,99,136,
2,100,51,
2,113,82,
2,117,58,
2,118,118,
2,125,125,
2,136,45,
3,31,79,
3,34,128,
3,44,38,
3,50,19,
3,58,4,
3,76,85,
3,80,124,
3,81,8,
3,82,106,
3,85,6,
3,90,82,
3,99,24,
3,118,49,
3,119,129,
3,124,80,
3,125,98,
3,126,71,
3,131,22,
3,131,107,
3,133,42,
3,137,103,
4,4,51,
4,5,62,
4,11,37,
4,13,19,
4,18,15,
4,20,42,
4,21,11,
4,21,65,
4,36,132,
4,45,61,
4,57,49,
4,61,113,
4,62,24,
4,81,58,
4,96,98,
4,98,134,
4,111,47,
4,113,18,
4,113,126,
4,134,71,
4,135,19,
4,135,21,
4,135,122,
5,13,108,
5,18,114,
5,27,52,
5,32,114,
5,39,40,
5,49,98,
5,76,71,
5,84,38,
5,92,124,
5,102,38,
5,102,80,
5,103,23,
5,104,108,
5,116,95,
5,119,31,
6,3,69,
6,8,12,
6,9,18,
6,15,93,
6,27,27,
6,40,62,
6,45,126,
6,72,11,
6,73,42,
6,75,99,
6,99,63,
6,109,30,
6,109,130,
6,113,6,
6,121,13,
6,122,97,
6,131,82,
6,134,110,
6,136,109,
7,5,50,
7,14,122,
7,15,86,
7,25,31,
7,26,125,
7,27,38,
7,32,78,
7,52,51,
7,53,110,
7,62,61,
7,70,110,
7,72,4,
7,75,44,
7,88,73,
7,91,112,
7,92,3,
7,92,126,
7,99,31,
7,108,76,
7,110,127,
7,116,15,
7,127,97,
7,128,30,
7,131,18,
7,134,6,
7,134,11,
7,137,137,
8,1,112,
8,31,16,
8,31,21,
8,31,79,
8,33,12,
8,40,55,
8,47,7,
8,70,131,
8,81,114,
8,85,127,
8,98,131,
8,104,4,
8,106,29,
8,112,77,
8,115,85,
8,115,135,
8,132,9,
9,16,139,
9,24,36,
9,31,95,
9,32,0,
9,35,107,
9,36,105,
9,37,89,
9,38,15,
9,42,64,
9,43,58,
9,64,51,
9,73,103,
9,74,35,
9,80,82,
9,92,107,
9,93,39,
9,97,33,
9,99,28,
9,105,69,
9,110,107,
9,114,59,
9,115,55,
9,134,12,
10,0,79,
10,3,25,
10,6,39,
10,13,76,
10,14,133,
10,18,9,
10,19,120,
10,33,74,
10,38,9,
10,68,125,
10,82,11,
10,100,0,
10,103,124,
10,128,84,
11,9,57,
11,18,132,
11,24,85,
11,24,123,
11,30,52,
11,33,66,
11,50,44,
11,51,124,
11,54,128,
11,56,131,
11,73,35,
11,73,77,
11,87,81,
11,88,138,
11,104,80,
11,112,44,
11,113,16,
11,123,97,
11,129,139,
11,135,23,
12,8,83,
12,15,53,
12,19,139,
12,24,48,
12,39,103,
12,46,72,
12,47,119,
12,51,32,
12,54,133,
12,63,74,
12,64,71,
12,69,30,
12,70,31,
12,84,60,
12,87,119,
12,90,10,
12,124,120,
12,136,9,
12,136,29,
13,7,24,
13,11,136,
13,13,62,
13,18,126,
13,23,68,
13,24,120,
13,35,2,
13,57,34,
13,73,27,
13,85,10,
13,87,121,
13,96,65,
13,105,131,
13,120,56,
13,135,38,
13,137,64,
14,0,6,
14,13,101,
14,14,53,
14,14,134,
14,15,135,
14,49,104,
14,53,64,
14,57,76,
14,57,95,
14,67,67,
14,70,14,
14,71,21,
14,81,87,
14,90,75,
14,98,47,
14,100,48,
14,106,58,
14,110,40,
14,118,60,
14,119,27,
14,120,47,
14,124,65,
14,135,12,
14,138,38,
15,7,113,
15,14,83,
15,26,111,
15,32,57,
15,33,138,
15,37,33,
15,41,98,
15,42,74,
15,43,38,
15,56,92,
15,62,64,
15,65,89,
15,71,88,
15,120,19,
15,123,12,
15,123,86,
15,129,24,
16,3,114,
16,21,107,
16,24,68,
16,25,13,
16,30,40,
16,32,85,
16,39,31,
16,45,26,
16,55,17,
16,69,63,
16,72,105,
16,83,107,
16,89,59,
16,92,120,
16,95,113,
16,98,36,
17,5,40,
17,7,46,
17,39,79,
17,48,118,
17,49,106,
17,52,106,
17,59,3,
17,65,49,
17,67,138,
17,68,118,
17,73,97,
17,83,93,
17,83,124,
17,88,17,
17,89,107,
17,94,43,
17,95,10,
17,97,126,
17,103,43,
17,120,119,
17,123,45,
17,135,64,
18,1,65,
18,2,35,
18,10,120,
18,11,13,
18,17,38,
18,19,72,
18,20,33,
18,48,63,
18,54,2,
18,59,8,
18,59,94,
18,67,100,
18,70,116,
18,72,98,
18,83,30,
18,88,58,
18,90,58,
18,97,42,
18,119,47,
18,120,30,
19,17,40,
19,29,36,
19,32,91,
19,34,69,
19,36,136,
19,37,98,
19,39,80,
19,44,50,
19,78,82,
19,101,40,
19,116,115,
19,117,58,
19,128,126,
19,135,112,
19,138,6,
20,2,43,
20,14,56,
20,22,22,
20,24,41,
20,40,121,
20,70,91,
20,73,64,
20,74,23,
20,97,22,
20,105,65,
20,125,6,
20,129,89,
21,14,62,
21,24,11,
21,24,53,
21,33,67,
21,37,70,
21,38,88,
21,40,114,
21,43,119,
21,52,101,
21,66,108,
21,74,66,
21,91,116,
21,94,17,
21,96,11,
21,100,12,
21,100,15,
21,106,48,
21,114,62,
21,120,77,
21,121,102,
21,123,107,
21,124,132,
21,128,14,
21,134,93,
21,139,83,
22,26,91,
22,27,95,
22,30,90,
22,36,5,
22,36,106,
22,41,94,
22,48,49,
22,53,73,
22,54,98,
22,67,95,
22,70,22,
22,73,121,
22,83,86,
22,88,90,
22,96,64,
22,98,81,
22,99,24,
22,104,70,
22,108,109,
22,113,6,
22,118,43,
22,127,97,
22,137,92,
23,2,24,
23,4,26,
23,6,114,
23,7,108,
23,16,135,
23,20,16,
23,22,60,
23,29,90,
23,32,88,
23,39,91,
23,43,14,
23,44,65,
23,50,2,
23,57,98,
23,66,80,
23,72,129,
23,76,93,
23,80,41,
23,86,134,
23,89,32,
23,92,45,
23,92,54,
23,94,52,
23,98,119,
23,107,83,
23,108,91,
23,117,11,
23,119,89,
23,126,121,
23,129,126,
23,134,63,
23,139,92,
24,0,48,
24,0,55,
24,2,103,
24,13,19,
24,26,55,
24,35,41,
24,36,102,
24,39,69,
24,75,112,
24,76,111,
24,79,132,
24,81,117,
24,82,119,
24,86,115,
24,98,33,
24,101,38,
24,106,2,
24,111,16,
24,111,127,
24,121,13,
24,125,132,
24,134,100,
25,7,46,
25,22,94,
25,33,67,
25,39,77,
25,40,137,
25,42,123,
25,75,80,
25,79,41,
25,81,30,
25,81,81,
25,88,34,
25,95,23,
25,124,139,
25,134,54,
25,135,129,
25,139,48,
26,2,40,
26,10,22,
26,11,47,
26,23,92,
26,31,89,
26,32,88,
26,35,64,
26,38,45,
26,51,96,
26,54,63,
26,55,30,
26,55,38,
26,66,51,
26,69,119,
26,83,54,
26,83,85,
26,86,59,
26,92,44,
26,98,27,
26,98,119,
26,99,27,
26,102,43,
26,105,19,
26,106,48,
26,132,91,
26,132,121,
26,134,58,
26,136,133,
27,13,98,
27,13,126,
27,16,65,
27,20,127,
27,25,98,
27,42,79,
27,52,32,
27,59,3,
27,59,36,
27,61,100,
27,70,87,
27,83,40,
27,93,38,
27,95,129,
27,106,104,
27,108,97,
27,116,52,
27,129,90,
27,136,71,
28,0,8,
28,2,29,
28,17,41,
28,35,10,
28,39,2,
28,47,117,
28,50,47,
28,52,51,
28,52,82,
28,57,126,
28,79,13,
28,79,117,
28,86,99,
28,87,110,
28,88,49,
28,97,93,
28,99,4,
28,102,34,
28,121,72,
28,124,119,
28,126,87,
29,2,43,
29,5,124,
29,24,15,
29,34,0,
29,38,102,
29,39,124,
29,46,96,
29,70,15,
29,77,57,
29,78,27,
29,97,6,
29,102,119,
29,111,134,
29,114,102,
29,120,72,
29,123,123,
30,1,23,
30,1,111,
30,8,96,
30,15,17,
30,23,104,
30,39,94,
30,64,56,
30,65,90,
30,80,39,
30,80,39,
30,85,139,
30,89,120,
30,93,86,
30,103,65,
30,106,32,
30,124,135,
30,136,6,
31,10,136,
31,12,89,
31,16,17,
31,19,112,
31,20,22,
31,35,132,
31,40,133,
31,52,130,
31,62,126,
31,78,94,
31,81,127,
31,82,68,
31,88,65,
31,89,131,
31,90,79,
31,104,133,
31,111,20,
31,136,91,
32,2,122,
32,12,25,
32,21,1,
32,22,32,
32,33,32,
32,47,49,
32,49,73,
32,59,2,
32,59,137,
32,62,116,
32,63,24,
32,63,95,
32,66,13,
32,66,41,
32,74,41,
32,90,122,
32,92,6,
32,115,64,
32,116,69,
32,122,133,
32,127,75,
32,129,122,
32,134,57,
33,1,85,
33,6,127,
33,21,132,
33,28,26,
33,35,81,
33,45,65,
33,56,65,
33,61,11,
33,67,99,
33,67,120,
33,71,133,
33,76,55,
33,95,103,
33,104,47,
33,104,117,
33,113,128,
33,129,93,
34,0,23,
34,2,130,
34,19,88,
34,22,96,
34,38,35,
34,39,31,
34,39,84,
34,42,59,
34,45,86,
34,48,117,
34,49,50,
34,50,119,
34,62,35,
34,65,64,
34,68,98,
34,79,135,
34,87,19,
34,89,86,
34,90,39,
34,92,65,
34,99,77,
34,109,41,
34,110,1,
34,120,28,
34,122,132,
34,123,92,
34,127,40,
34,130,31,
34,131,26,
34,132,6,
34,137,38,
34,139,24,
35,5,39,
35,7,55,
35,23,48,
35,39,78,
35,40,13,
35,49,84,
35,53,50,
35,56,0,
35,67,100,
35,85,62,
35,88,22,
35,92,66,
35,98,23,
35,98,76,
35,99,43,
35,102,115,
35,106,95,
35,110,71,
35,115,4,
35,126,125,
36,4,125,
36,9,87,
36,43,5,
36,44,21,
36,47,133,
36,49,58,
36,62,82,
36,63,18,
36,66,105,
36,105,93,
36,108,102,
36,121,109,
36,123,125,
36,124,106,
36,126,112,
36,136,109,
36,137,83,
36,138,107,
37,3,108,
37,11,108,
37,13,29,
37,14,52,
37,19,23,
37,39,133,
37,48,23,
37,57,60,
37,57,126,
37,67,45,
37,74,124,
37,97,136,
37,98,70,
37,106,69,
37,117,107,
37,121,37,
38,11,111,
38,49,73,
38,50,60,
38,55,26,
38,62,128,
38,71,17,
38,74,36,
38,78,45,
38,80,130,
38,95,64,
38,105,108,
38,108,34,
38,118,72,
38,119,6,
38,133,62,
38,135,1,
39,1,92,
39,2,95,
39,2,136,
39,7,55,
39,29,43,
39,34,38,
39,36,17,
39,39,109,
39,52,125,
39,53,98,
39,54,50,
39,55,19,
39,73,132,
39,86,130,
39,88,62,
39,98,3,
39,99,20,
39,110,118,
39,116,44,
39,124,71,
39,133,95,
40,2,100,
40,5,126,
40,11,123,
40,17,61,
40,37,65,
40,39,90,
40,50,134,
40,56,53,
40,62,32,
40,64,54,
40,65,50,
40,66,57,
40,70,25,
40,83,81,
40,95,88,
40,103,110,
40,106,98,
40,124,83,
40,127,70,
40,131,60,
40,132,92,
40,138,126,
41,13,79,
41,16,112,
41,16,121,
41,18,105,
41,21,119,
41,24,118,
41,33,129,
41,34,100,
41,40,14,
41,45,26,
41,49,92,
41,49,130,
41,82,29,
41,82,63,
41,83,73,
41,88,14,
41,91,52,
41,109,24,
41,132,119,
41,134,53,
41,136,8,
41,137,108,
41,139,0,
42,0,107,
42,1,76,
42,3,9,
42,7,137,
42,18,125,
42,29,59,
42,56,92,
42,66,57,
42,75,5,
42,79,86,
42,82,31,
42,84,16,
42,98,48,
42,110,5,
42,112,74,
42,120,12,
42,121,35,
42,122,73,
42,123,73,
42,134,74,
43,1,67,
43,5,19,
43,6,133,
43,12,98,
43,18,30,
43,37,114,
43,42,127,
43,50,44,
43,58,130,
43,65,92,
43,74,52,
43,76,16,
43,78,25,
43,86,124,
43,96,57,
43,96,132,
43,135,14,
43,138,43,
43,139,65,
43,139,130,
44,2,33,
44,9,88,
44,18,41,
44,23,121,
44,25,99,
44,45,119,
44,50,80,
44,53,109,
44,76,58,
44,78,118,
44,87,20,
44,91,38,
44,97,91,
44,99,26,
44,106,12,
44,117,139,
44,118,81,
44,122,137,
44,127,50,
45,6,32,
45,18,56,
45,22,125,
45,25,13,
45,33,10,
45,36,138,
45,58,63,
45,58,138,
45,60,98,
45,70,117,
45,75,50,
45,78,63,
45,82,67,
45,91,90,
45,93,132,
45,100,79,
45,109,44,
45,116,13,
45,121,95,
45,124,58,
45,134,85,
45,139,83,
46,10,7,
46,14,117,
46,25,76,
46,25,122,
46,39,122,
46,84,41,
46,85,123,
46,91,129,
46,93,119,
46,100,88,
46,105,137,
46,109,84,
46,122,121,
46,125,70,
47,7,124,
47,8,64,
47,18,105,
47,31,80,
47,31,95,
47,33,112,
47,34,53,
47,36,129,
47,43,125,
47,46,6,
47,48,127,
47,70,37,
47,76,134,
47,79,128,
47,112,26,
47,115,83,
47,128,3,
48,3,2,
48,4,41,
48,14,35,
48,19,120,
48,24,93,
48,30,30,
48,33,7,
48,39,50,
48,54,49,
48,64,36,
48,76,37,
48,84,93,
48,86,24,
48,92,82,
48,95,109,
48,95,123,
48,96,89,
48,105,135,
48,106,11,
48,122,131,
48,123,96,
48,126,83,
48,127,56,
48,127,87,
48,132,51,
48,137,80,
49,1,70,
49,3,68,
49,10,99,
49,12,78,
49,16,57,
49,17,23,
49,30,124,
49,31,139,
49,33,16,
49,37,94,
49,38,62,
49,39,104,
49,44,48,
49,48,37,
49,54,18,
49,56,63,
49,74,30,
49,87,72,
49,104,42,
49,105,36,
49,117,91,
49,118,131,
49,134,19,
49,135,130,
50,1,26,
50,1,122,
50,2,74,
50,6,116,
50,7,122,
50,9,93,
50,10,120,
50,32,66,
50,33,114,
50,44,41,
50,50,108,
50,54,54,
50,64,107,
50,64,129,
50,65,115,
50,76,58,
50,85,100,
50,87,14,
50,92,102,
50,93,139,
50,102,15,
50,117,35,
50,117,40,
50,121,98,
50,130,124,
50,139,127,
51,1,37,
51,1,38,
51,21,82,
51,22,36,
51,32,73,
51,34,100,
51,51,90,
51,55,30,
51,69,75,
51,71,29,
51,72,47,
51,74,19,
51,81,95,
51,101,101,
51,106,68,
51,109,77,
51,110,4,
51,116,43,
51,130,19,
51,136,32,
51,137,44,
52,7,101,
52,11,8,
52,28,4,
52,37,132,
52,59,99,
52,62,125,
52,70,4,
52,72,107,
52,74,48,
52,74,105,
52,78,125,
52,93,30,
52,95,106,
52,111,138,
52,112,60,
52,121,12,
53,2,11,
53,12,58,
53,21,79,
53,22,67,
53,28,112,
53,36,104,
53,40,32,
53,42,5,
53,47,47,
53,58,53,
53,75,100,
53,88,129,
53,97,33,
53,102,70,
53,102,91,
53,104,69,
53,105,36,
53,115,120,
53,124,32,
53,124,85,
53,126,110,
53,128,20,
53,133,82,
53,134,93,
53,137,46,
54,3,81,
54,10,128,
54,32,117,
54,34,105,
54,34,128,
54,35,21,
54,54,7,
54,57,20,
54,66,26,
54,71,37,
54,88,33,
54,91,85,
54,91,135,
54,92,28,
54,103,133,
54,112,132,
55,0,83,
55,14,55,
55,14,117,
55,26,86,
55,35,104,
55,44,5,
55,56,83,
55,89,5,
55,90,13,
55,94,110,
55,103,25,
55,106,66,
55,109,68,
55,122,35,
55,123,137,
55,126,57,
55,128,137,
55,129,70,
55,139,55,
56,2,90,
56,10,26,
56,44,13,
56,45,88,
56,49,14,
56,60,61,
56,60,101,
56,63,136,
56,73,49,
56,83,64,
56,88,89,
56,89,122,
56,92,123,
56,98,62,
56,109,83,
56,119,102,
56,131,102,
56,139,102,
57,1,53,
57,13,63,
57,41,0,
57,52,33,
57,54,23,
57,60,66,
57,68,77,
57,83,15,
57,87,96,
57,108,23,
57,110,72,
57,117,24,
57,119,7,
57,129,95,
57,130,25,
57,132,61,
57,135,125,
57,136,28,
58,1,3,
58,28,36,
58,37,62,
58,48,135,
58,50,139,
58,56,100,
58,67,137,
58,82,93,
58,85,28,
58,95,106,
58,103,83,
58,107,126,
58,110,80,
58,113,17,
58,115,116,
58,118,97,
58,124,66,
58,130,106,
59,2,34,
59,7,68,
59,11,131,
59,33,61,
59,37,12,
59,41,10,
59,44,70,
59,55,138,
59,64,31,
59,71,66,
59,76,53,
59,76,113,
59,81,67,
59,91,74,
59,93,42,
59,96,124,
59,105,57,
59,110,90,
59,129,13,
60,16,58,
60,16,69,
60,28,32,
60,43,36,
60,55,53,
60,66,43,
60,71,133,
60,73,63,
60,73,127,
60,83,10,
60,91,35,
60,109,88,
60,119,65,
60,129,68,
60,135,33,
61,7,7,
61,13,53,
61,33,11,
61,34,37,
61,34,111,
61,59,73,
61,62,31,
61,63,76,
61,67,128,
61,77,68,
61,84,77,
61,101,92,
61,107,24,
61,114,17,
61,115,98,
62,2,14,
62,16,120,
62,19,21,
62,25,106,
62,26,38,
62,30,93,
62,36,55,
62,49,72,
62,58,100,
62,64,54,
62,66,68,
62,73,106,
62,73,128,
62,86,89,
62,88,13,
62,90,134,
62,95,11,
62,95,30,
62,107,51,
62,109,98,
62,110,80,
63,6,27,
63,11,37,
63,14,34,
63,14,88,
63,18,25,
63,19,13,
63,21,30,
63,21,64,
63,32,98,
63,34,119,
63,44,2,
63,59,1,
63,65,101,
63,69,54,
63,79,138,
63,94,90,
63,113,39,
63,120,23,
63,121,112,
63,135,17,
64,21,76,
64,26,89,
64,37,103,
64,44,19,
64,50,0,
64,66,68,
64,67,16,
64,73,40,
64,83,133,
64,89,11,
64,90,42,
64,92,32,
64,96,33,
64,107,112,
64,108,135,
64,122,67,
64,132,89,
64,135,19,
64,138,57,
65,10,74,
65,15,51,
65,20,106,
65,21,13,
65,23,94,
65,30,14,
65,30,88,
65,41,93,
65,51,71,
65,61,1,
65,62,94,
65,66,64,
65,70,60,
65,70,111,
65,75,76,
65,76,88,
65,77,110,
65,80,18,
65,81,117,
65,84,53,
65,91,21,
65,101,53,
65,113,10,
65,118,28,
65,125,72,
65,126,97,
65,127,27,
65,128,50,
65,134,101,
65,136,25,
66,6,5,
66,7,60,
66,25,8,
66,32,37,
66,42,30,
66,65,15,
66,68,99,
66,69,82,
66,74,102,
66,78,30,
66,84,0,
66,85,22,
66,86,63,
66,87,11,
66,90,101,
66,102,57,
66,102,64,
66,108,84,
66,113,40,
66,119,56,
66,128,11,
66,133,4,
66,136,128,
67,8,19,
67,9,67,
67,14,17,
67,26,34,
67,28,9,
67,45,47,
67,61,51,
67,63,48,
67,77,0,
67,79,94,
67,80,52,
67,82,0,
67,98,26,
67,107,53,
67,114,95,
67,123,73,
67,125,111,
67,133,15,
68,28,17,
68,28,139,
68,36,50,
68,39,49,
68,61,35,
68,70,63,
68,73,133,
68,75,79,
68,126,127,
68,132,85,
68,134,102,
69,7,89,
69,8,111,
69,13,39,
69,17,121,
69,18,63,
69,30,138,
69,48,32,
69,55,60,
69,60,23,
69,63,5,
69,64,8,
69,83,102,
69,89,119,
69,91,46,
69,103,49,
69,106,61,
69,122,49,
69,137,60,
70,6,118,
70,22,8,
70,25,89,
70,34,99,
70,67,116,
70,75,101,
70,85,122,
70,93,5,
70,93,84,
70,97,11,
70,105,36,
70,107,117,
70,112,11,
70,120,48,
71,9,21,
71,12,65,
71,20,107,
71,33,38,
71,40,123,
71,61,132,
71,65,10,
71,69,126,
71,92,87,
71,98,26,
71,104,98,
71,110,73,
71,115,45,
71,115,56,
71,118,121,
71,118,131,
71,129,27,
71,139,136,
72,11,92,
72,16,26,
72,24,77,
72,45,71,
72,48,61,
72,48,63,
72,50,125,
72,54,3,
72,54,69,
72,54,95,
72,57,86,
72,60,5,
72,80,110,
72,88,2,
72,91,23,
72,97,83,
72,102,83,
72,126,113,
72,127,2,
72,136,48,
73,11,52,
73,11,60,
73,25,37,
73,30,17,
73,34,57,
73,36,80,
73,37,117,
73,38,18,
73,61,47,
73,63,71,
73,75,68,
73,90,28,
73,105,14,
73,106,39,
73,117,39,
73,125,77,
73,129,17,
73,138,25,
74,1,124,
74,23,70,
74,42,108,
74,43,136,
74,47,24,
74,49,122,
74,50,2,
74,59,113,
74,78,35,
74,82,67,
74,82,78,
74,99,111,
74,101,121,
74,113,69,
74,119,75,
74,134,55,
74,136,94,
74,137,0,
74,137,92,
75,32,24,
75,37,26,
75,56,63,
75,58,61,
75,73,37,
75,97,70,
75,105,47,
75,117,15,
75,118,85,
75,119,49,
76,5,84,
76,9,92,
76,15,78,
76,21,74,
76,38,78,
76,40,68,
76,41,136,
76,68,85,
76,77,106,
76,84,94,
76,87,108,
76,96,70,
76,110,47,
76,120,79,
76,122,102,
76,138,83,
76,139,31,
77,11,117,
77,15,80,
77,16,29,
77,24,56,
77,39,91,
77,40,37,
77,42,129,
77,53,139,
77,54,22,
77,63,29,
77,67,107,
77,75,55,
77,81,132,
77,84,110,
77,86,86,
77,95,86,
77,107,68,
77,110,38,
77,117,97,
77,121,13,
77,137,79,
78,16,126,
78,26,105,
78,28,72,
78,38,73,
78,52,76,
78,54,69,
78,75,62,
78,83,98,
78,88,127,
78,90,45,
78,94,99,
78,95,116,
78,97,58,
78,101,19,
78,105,137,
78,112,25,
78,129,137,
78,132,30,
78,133,1,
78,134,8,
79,2,65,
79,14,133,
79,18,64,
79,33,84,
79,34,34,
79,39,53,
79,50,104,
79,53,73,
79,62,0,
79,63,13,
79,73,65,
79,76,130,
79,77,22,
79,80,97,
79,85,72,
79,89,52,
79,96,22,
79,99,112,
79,100,42,
79,105,44,
79,111,99,
79,122,113,
80,30,18,
80,43,15,
80,55,91,
80,62,99,
80,63,5,
80,66,20,
80,75,127,
80,89,37,
80,96,96,
80,100,73,
80,113,42,
80,113,86,
80,114,138,
80,130,0,
80,130,66,
80,138,15,
81,1,72,
81,4,46,
81,8,33,
81,18,45,
81,24,133,
81,26,31,
81,34,8,
81,34,106,
81,43,53,
81,44,6,
81,55,90,
81,57,35,
81,66,119,
81,69,105,
81,74,27,
81,84,76,
81,85,0,
81,87,126,
81,92,102,
81,93,19,
81,111,44,
81,115,38,
81,127,116,
81,134,90,
81,139,103,
82,3,33,
82,3,53,
82,5,134,
82,23,130,
82,26,81,
82,29,128,
82,33,6,
82,36,25,
82,41,21,
82,41,82,
82,70,46,
82,80,77,
82,80,112,
82,102,96,
82,105,128,
82,121,120,
82,125,62,
82,125,75,
82,136,25,
83,4,76,
83,6,85,
83,8,10,
83,16,12,
83,41,54,
83,44,121,
83,45,15,
83,46,26,
83,48,123,
83,54,56,
83,72,63,
83,85,95,
83,87,108,
83,104,133,
83,112,97,
83,113,109,
83,120,28,
83,127,38,
84,7,70,
84,7,75,
84,12,113,
84,20,24,
84,58,62,
84,63,136,
84,67,87,
84,76,68,
84,78,85,
84,84,79,
84,88,62,
84,89,71,
84,101,0,
84,108,86,
84,114,139,
84,116,113,
84,118,63,
84,128,120,
84,134,6,
84,139,44,
85,10,57,
85,11,24,
85,19,0,
85,28,55,
85,38,61,
85,41,50,
85,45,48,
85,48,5,
85,55,55,
85,56,2,
85,58,134,
85,67,116,
85,76,102,
85,77,92,
85,96,61,
85,98,120,
85,108,30,
85,119,57,
86,3,2,
86,22,24,
86,39,135,
86,44,94,
86,57,58,
86,57,83,
86,57,138,
86,69,24,
86,84,113,
86,91,46,
86,92,85,
86,93,48,
86,93,123,
86,98,68,
86,105,93,
86,108,41,
86,112,58,
86,112,62,
86,112,129,
86,120,108,
86,129,50,
87,3,10,
87,9,78,
87,15,73,
87,23,83,
87,27,38,
87,41,14,
87,42,84,
87,58,4,
87,61,92,
87,63,34,
87,78,47,
87,79,84,
87,84,3,
87,89,110,
87,91,66,
87,96,90,
87,102,41,
87,108,117,
87,117,104,
87,120,90,
87,125,52,
87,125,84,
87,137,52,
87,139,29,
88,6,135,
88,14,23,
88,28,47,
88,29,97,
88,43,92,
88,44,22,
88,58,126,
88,67,7,
88,78,4,
88,78,85,
88,78,115,
88,83,13,
88,86,40,
88,102,50,
88,106,41,
88,108,53,
88,111,64,
88,116,106,
88,128,57,
89,2,107,
89,8,54,
89,14,2,
89,26,133,
89,29,88,
89,35,41,
89,37,109,
89,37,121,
89,42,79,
89,63,133,
89,64,16,
89,65,28,
89,75,139,
89,86,81,
89,89,101,
89,105,8,
89,118,138,
89,125,91,
89,127,28,
89,132,104,
89,138,9,
90,2,86,
90,15,47,
90,17,119,
90,27,139,
90,28,113,
90,32,125,
90,33,119,
90,59,28,
90,67,72,
90,68,10,
90,73,67,
90,82,34,
90,96,71,
90,105,72,
90,106,53,
90,110,82,
90,118,23,
90,122,11,
90,124,102,
90,134,7,
90,138,12,
90,138,49,
91,7,127,
91,12,113,
91,18,139,
91,19,110,
91,21,16,
91,21,87,
91,27,89,
91,36,28,
91,43,80,
91,43,93,
91,44,104,
91,51,112,
91,59,117,
91,62,73,
91,62,125,
91,71,19,
91,100,39,
91,101,78,
91,110,65,
91,116,10,
91,127,44,
92,7,57,
92,12,118,
92,13,80,
92,14,32,
92,21,95,
92,23,76,
92,26,66,
92,30,132,
92,41,47,
92,48,28,
92,54,113,
92,71,11,
92,89,119,
92,89,125,
92,95,106,
92,121,124,
92,124,90,
92,127,123,
92,129,138,
93,4,63,
93,5,87,
93,16,133,
93,19,132,
93,30,17,
93,36,112,
93,40,105,
93,45,55,
93,47,27,
93,50,13,
93,64,13,
93,66,88,
93,88,57,
93,91,1,
93,93,127,
93,94,101,
93,102,116,
93,110,43,
93,118,71,
93,122,111,
93,124,43,
94,3,114,
94,20,79,
94,20,99,
94,26,1,
94,33,100,
94,47,48,
94,56,98,
94,70,44,
94,70,57,
94,72,74,
94,91,134,
94,103,15,
94,108,50,
94,110,127,
94,112,24,
94,112,103,
94,124,37,
94,124,124,
94,125,75,
95,26,31,
95,27,97,
95,29,107,
95,39,109,
95,46,0,
95,47,125,
95,48,24,
95,48,42,
95,50,39,
95,57,36,
95,57,66,
95,61,10,
95,64,74,
95,81,2,
95,87,67,
95,91,23,
95,111,6,
95,120,72,
95,131,114,
96,16,101,
96,18,69,
96,36,106,
96,49,22,
96,50,1,
96,57,39,
96,59,101,
96,60,98,
96,61,71,
96,71,74,
96,79,5,
96,86,83,
96,88,52,
96,102,98,
96,106,17,
96,107,19,
96,115,116,
96,122,63,
96,124,85,
96,131,74,
96,132,57,
96,137,125,
97,3,32,
97,4,85,
97,13,46,
97,28,101,
97,34,72,
97,50,8,
97,53,95,
97,67,67,
97,80,51,
97,87,104,
97,89,98,
97,112,115,
97,114,65,
97,120,45,
97,121,45,
97,122,39,
97,127,136,
97,130,11,
97,130,72,
98,8,48,
98,18,40,
98,21,84,
98,35,12,
98,35,21,
98,38,62,
98,40,95,
98,45,53,
98,51,54,
98,57,100,
98,58,72,
98,64,43,
98,72,68,
98,87,17,
98,87,89,
98,91,48,
98,126,46,
98,134,118,
98,138,46,
99,3,92,
99,7,131,
99,9,91,
99,10,87,
99,12,24,
99,28,135,
99,31,86,
99,36,12,
99,37,96,
99,40,38,
99,41,54,
99,43,130,
99,46,95,
99,46,132,
99,52,42,
99,56,109,
99,61,17,
99,63,108,
99,66,99,
99,66,105,
99,67,120,
99,67,121,
99,68,15,
99,74,23,
99,76,26,
99,79,26,
99,104,44,
99,130,26,
100,10,75,
100,12,24,
100,23,109,
100,35,38,
100,49,108,
100,52,25,
100,52,125,
100,54,33,
100,56,99,
100,69,9,
100,74,80,
100,79,39,
100,84,33,
100,86,27,
100,106,122,
100,110,21,
100,110,130,
100,115,2,
100,119,49,
100,121,106,
100,124,88,
100,125,122,
100,136,116,
100,138,130,
101,6,40,
101,8,2,
101,19,98,
101,24,50,
101,26,98,
101,52,127,
101,58,110,
101,68,73,
101,71,65,
101,73,12,
101,90,97,
101,92,39,
101,99,107,
101,101,128,
101,110,31,
101,117,36,
101,127,31,
101,132,93,
101,133,56,
102,8,123,
102,32,59,
102,40,126,
102,44,54,
102,49,124,
102,50,15,
102,52,91,
102,53,73,
102,55,10,
102,68,50,
102,74,110,
102,95,86,
102,112,16,
102,114,119,
102,114,127,
102,119,138,
102,120,17,
103,9,41,
103,9,65,
103,10,35,
103,10,36,
103,10,136,
103,29,24,
103,38,97,
103,49,138,
103,62,91,
103,73,115,
103,76,65,
103,77,131,
103,92,0,
103,92,117,
103,92,127,
103,94,47,
103,99,113,
103,104,28,
103,113,68,
103,115,16,
103,129,85,
103,134,9,
104,12,103,
104,16,23,
104,23,16,
104,25,53,
104,41,127,
104,48,39,
104,53,121,
104,78,104,
104,96,24,
104,110,81,
105,19,19,
105,28,0,
105,31,116,
105,44,12,
105,51,117,
105,66,68,
105,70,37,
105,70,134,
105,74,67,
105,81,63,
105,85,121,
105,99,9,
105,103,65,
105,106,1,
105,108,66,
105,126,0,
105,139,138,
106,3,37,
106,3,44,
106,18,134,
106,24,56,
106,25,74,
106,40,43,
106,63,19,
106,84,45,
106,87,84,
106,88,68,
106,102,21,
106,102,95,
106,105,111,
106,111,15,
106,125,88,
106,130,89,
106,131,12,
106,136,125,
106,138,4,
107,0,95,
107,6,107,
107,24,60,
107,50,35,
107,51,47,
107,56,68,
107,57,102,
107,62,114,
107,72,80,
107,73,19,
107,104,87,
107,106,90,
107,108,16,
107,112,134,
107,136,139,
107,138,6,
107,139,79,
108,19,1,
108,25,84,
108,32,128,
108,34,88,
108,35,77,
108,35,125,
108,36,74,
108,47,24,
108,49,37,
108,56,33,
108,64,133,
108,68,13,
108,74,65,
108,83,115,
108,86,39,
108,121,108,
108,126,18,
108,131,0,
109,1,45,
109,9,83,
109,15,56,
109,16,106,
109,23,111,
109,29,61,
109,30,122,
109,42,115,
109,46,118,
109,56,42,
109,62,60,
109,76,101,
109,78,51,
109,95,37,
109,98,126,
109,99,48,
109,104,31,
109,115,123,
109,126,55,
109,127,114,
109,132,111,
109,135,32,
110,0,130,
110,9,113,
110,10,41,
110,23,136,
110,46,16,
110,53,132,
110,64,0,
110,66,7,
110,84,135,
110,92,81,
110,93,118,
110,96,65,
110,107,104,
110,109,64,
110,124,29,
110,129,6,
110,137,135,
111,15,74,
111,23,10,
111,41,12,
111,54,33,
111,65,92,
111,74,38,
111,76,91,
111,89,39,
111,111,122,
111,112,116,
111,123,15,
111,130,41,
112,9,10,
112,40,46,
112,57,20,
112,57,40,
112,65,57,
112,77,85,
112,78,127,
112,82,91,
112,115,20,
112,127,131,
112,131,16,
112,133,51,
113,4,41,
113,7,87,
113,13,14,
113,21,1,
113,30,116,
113,38,54,
113,46,84,
113,46,120,
113,47,136,
113,63,83,
113,66,85,
113,82,63,
113,83,0,
113,97,102,
113,98,116,
113,100,95,
113,101,124,
113,104,28,
113,112,42,
113,115,47,
113,115,130,
113,126,26,
113,134,87,
114,0,47,
114,13,51,
114,14,18,
114,17,95,
114,25,99,
114,27,19,
114,28,107,
114,29,26,
114,30,72,
114,31,100,
114,35,35,
114,37,110,
114,40,88,
114,46,17,
114,63,91,
114,64,8,
114,79,128,
114,81,5,
114,83,57,
114,84,69,
114,84,104,
114,86,25,
114,93,54,
114,98,33,
114,138,1,
115,0,118,
115,14,11,
115,18,75,
115,23,40,
115,27,65,
115,37,20,
115,37,90,
115,38,122,
115,54,40,
115,92,104,
115,102,123,
115,131,96,
115,133,32,
115,134,138,
115,136,93,
116,4,127,
116,7,110,
116,21,117,
116,27,72,
116,37,129,
116,43,41,
116,43,68,
116,46,74,
116,52,54,
116,53,92,
116,81,72,
116,87,35,
116,92,119,
116,97,71,
116,97,121,
116,101,69,
116,102,42,
116,103,35,
116,103,60,
116,114,118,
116,115,119,
117,10,33,
117,11,136,
117,18,23,
117,42,135,
117,53,132,
117,57,83,
117,65,95,
117,77,56,
117,96,34,
117,97,94,
117,98,79,
117,103,36,
117,109,56,
117,119,123,
117,135,94,
117,138,35,
117,138,72,
118,15,17,
118,16,62,
118,17,60,
118,20,119,
118,62,129,
118,68,15,
118,68,79,
118,94,52,
118,102,14,
118,125,20,
118,131,60,
118,137,12,
119,12,29,
119,14,40,
119,33,126,
119,37,126,
119,46,85,
119,49,2,
119,50,63,
119,63,46,
119,64,90,
119,68,71,
119,68,96,
119,77,52,
119,81,77,
119,91,64,
119,102,114,
119,118,125,
120,11,35,
120,23,83,
120,25,131,
120,26,34,
120,36,76,
120,42,38,
120,47,35,
120,62,44,
120,62,138,
120,74,51,
120,77,118,
120,89,32,
120,97,42,
120,134,21,
121,1,29,
121,1,114,
121,7,6,
121,19,18,
121,23,27,
121,24,93,
121,30,65,
121,58,45,
121,64,78,
121,74,35,
121,75,9,
121,75,54,
121,82,110,
121,102,104,
121,103,0,
121,113,119,
121,114,21,
122,1,74,
122,6,13,
122,6,85,
122,10,122,
122,12,112,
122,14,101,
122,16,49,
122,38,127,
122,44,32,
122,44,106,
122,50,43,
122,63,57,
122,75,80,
122,78,81,
122,78,120,
122,82,131,
122,93,21,
122,93,41,
122,97,61,
122,97,76,
122,99,57,
122,106,29,
122,107,93,
122,109,118,
122,118,111,
122,121,14,
122,131,137,
122,132,73,
123,0,70,
123,3,47,
123,24,51,
123,24,92,
123,30,114,
123,32,28,
123,32,94,
123,32,132,
123,35,24,
123,35,75,
123,39,72,
123,49,139,
123,76,106,
123,91,139,
123,94,106,
123,96,129,
123,101,24,
123,104,131,
123,114,66,
123,114,118,
123,117,114,
123,123,5,
124,11,132,
124,39,138,
124,47,0,
124,49,128,
124,52,48,
124,77,104,
124,82,37,
124,87,103,
124,92,28,
124,93,100,
124,98,131,
124,99,40,
124,101,45,
124,110,86,
124,111,130,
124,116,5,
124,117,90,
124,124,135,
124,134,99,
124,136,10,
125,6,47,
125,8,23,
125,10,103,
125,26,107,
125,30,122,
125,70,23,
125,72,129,
125,83,78,
125,95,90,
125,111,114,
125,114,118,
125,119,121,
125,123,47,
125,128,118,
125,132,24,
125,136,5,
125,136,17,
126,0,76,
126,2,54,
126,9,132,
126,16,117,
126,18,30,
126,21,93,
126,30,122,
126,31,31,
126,31,123,
126,32,60,
126,35,87,
126,41,85,
126,47,110,
126,48,109,
126,49,139,
126,50,70,
126,52,33,
126,59,117,
126,71,117,
126,82,11,
126,100,72,
126,101,48,
126,112,28,
126,114,55,
126,115,73,
126,133,28,
126,136,2,
127,2,62,
127,3,12,
127,23,11,
127,26,75,
127,26,103,
127,29,24,
127,50,118,
127,58,43,
127,58,105,
127,59,33,
127,61,21,
127,63,59,
127,80,16,
127,85,70,
127,90,61,
127,99,39,
127,110,8,
127,114,86,
127,119,87,
127,138,138,
128,11,95,
128,14,121,
128,16,110,
128,24,13,
128,32,52,
128,32,62,
128,36,83,
128,51,27,
128,73,55,
128,79,134,
128,103,29,
128,107,67,
128,114,64,
128,117,78,
128,134,82,
128,137,58,
129,11,123,
129,13,28,
129,26,13,
129,26,22,
129,43,97,
129,55,24,
129,60,6,
129,60,44,
129,64,97,
129,64,136,
129,67,73,
129,75,138,
129,80,139,
129,90,124,
129,99,100,
129,101,119,
129,105,78,
129,116,35,
129,119,53,
130,6,35,
130,14,17,
130,17,120,
130,19,78,
130,40,6,
130,43,130,
130,48,55,
130,54,81,
130,56,11,
130,59,32,
130,62,30,
130,72,21,
130,73,22,
130,85,78,
130,90,72,
130,99,107,
130,102,8,
130,103,95,
130,107,79,
130,107,99,
130,109,11,
130,110,127,
130,112,122,
130,122,138,
130,135,74,
130,136,108,
130,138,8,
130,139,37,
131,7,137,
131,24,109,
131,26,68,
131,30,37,
131,39,72,
131,41,121,
131,42,20,
131,56,87,
131,62,56,
131,68,111,
131,77,119,
131,79,25,
131,81,28,
131,104,76,
131,116,128,
131,128,94,
131,139,88,
132,1,16,
132,6,99,
132,22,38,
132,23,69,
132,25,64,
132,42,10,
132,52,112,
132,52,133,
132,76,98,
132,78,22,
132,82,44,
132,84,47,
132,90,53,
132,96,85,
132,98,128,
132,117,13,
132,117,82,
132,119,23,
132,123,18,
132,124,63,
133,15,69,
133,24,69,
133,27,50,
133,28,132,
133,38,33,
133,56,118,
133,59,16,
133,68,67,
133,72,2,
133,89,21,
133,89,99,
133,101,125,
133,108,135,
133,114,2,
133,115,138,
133,120,118,
133,123,24,
133,138,51,
133,139,74,
134,0,70,
134,8,29,
134,33,108,
134,40,70,
134,46,69,
134,58,67,
134,64,75,
134,71,64,
134,82,125,
134,87,55,
134,88,98,
134,89,92,
134,90,136,
134,96,49,
134,98,30,
134,99,66,
134,102,45,
134,108,2,
134,115,96,
134,119,112,
134,121,111,
134,122,8,
134,122,80,
134,123,87,
134,131,139,
134,132,119,
134,134,84,
135,0,125,
135,2,58,
135,4,107,
135,7,130,
135,15,25,
135,15,139,
135,33,28,
135,40,7,
135,43,47,
135,61,40,
135,66,133,
135,67,17,
135,84,32,
135,87,90,
135,90,72,
135,93,57,
135,93,74,
135,93,107,
135,94,17,
135,111,8,
135,112,68,
135,118,83,
135,138,46,
136,9,96,
136,27,133,
136,33,27,
136,39,46,
136,40,21,
136,47,36,
136,53,34,
136,67,32,
136,72,43,
136,76,76,
136,88,73,
136,90,112,
136,93,60,
136,113,43,
136,116,42,
136,122,76,
136,123,35,
136,124,45,
137,18,138,
137,27,117,
137,27,138,
137,35,90,
137,54,28,
137,61,102,
137,64,119,
137,76,121,
137,85,122,
137,96,12,
137,98,9,
137,104,15,
137,104,55,
137,113,67,
137,123,107,
137,126,139,
137,130,134,
137,136,86,
138,25,0,
138,29,94,
138,32,12,
138,42,58,
138,47,63,
138,48,134,
138,51,43,
138,52,26,
138,69,63,
138,74,134,
138,80,24,
138,85,15,
138,86,123,
138,109,19,
138,111,107,
138,112,109,
138,133,126,
138,134,33,
138,134,37,
138,137,63,
139,3,62,
139,9,31,
139,18,77,
139,18,82,
139,25,4,
139,25,82,
139,34,9,
139,38,94,
139,40,38,
139,51,44,
139,61,67,
139,62,62,
139,65,71,
139,68,100,
139,71,66,
139,74,91,
139,81,93,
139,87,83,
139,98,38,
139,104,19,
139,105,30,
139,114,4,
139,117,9,
139,131,10,
