0,22,4,
0,22,26,
0,36,25,
0,50,106,
0,53,72,
0,55,5,
0,57,86,
0,71,78,
0,80,34,
0,87,101,
0,101,54,
0,127,19,
0,128,123,
1,2,106,
1,6,71,
1,12,89,
1,15,13,
1,15,52,
1,24,15,
1,26,90,
1,28,21,
1,31,35,
1,37,120,
1,38,131,
1,49,14,
1,55,137,
1,59,85,
1,67,111,
1,68,33,
1,68,127,
1,91,3,
1,97,37,
1,104,49,
1,110,61,
1,111,26,
1,115,21,
1,128,15,
1,129,27,
1,138,116,
2,2,111,
2,8,132,
2,14,96,
2,19,15,
2,30,113,
2,35,71,
2,45,9,
2,45,129,
2,48,15,
2,55,106,
2,72,90,
2,78,89,
2,80,64,
2,83,34,
2,94,23,
2,102,46,
3,3,19,
3,9,65,
3,13,47,
3,13,70,
3,14,137,
3,17,80,
3,22,67,
3,24,96,
3,29,20,
3,56,85,
3,65,111,
3,73,66,
3,76,54,
3,82,68,
3,83,79,
3,93,5,
3,97,18,
3,98,134,
3,100,120,
3,109,92,
3,110,87,
3,120,18,
3,120,44,
3,127,69,
3,127,79,
4,8,55,
4,15,99,
4,19,134,
4,23,31,
4,31,77,
4,40,129,
4,59,3,
4,69,116,
4,71,109,
4,77,0,
4,79,59,
4,102,60,
4,107,51,
4,107,103,
4,109,2,
4,120,136,
4,122,64,
4,122,95,
4,123,119,
4,131,48,
4,134,118,
5,0,131,
5,26,89,
5,31,118,
5,36,21,
5,48,57,
5,53,95,
5,61,19,
5,65,84,
5,66,34,
5,67,53,
5,71,72,
5,77,69,
5,80,7,
5,92,68,
5,103,72,
5,106,28,
5,121,137,
5,130,66,
5,136,58,
6,6,44,
6,20,31,
6,40,3,
6,42,63,
6,46,87,
6,49,26,
6,62,103,
6,63,39,
6,64,18,
6,66,57,
6,74,48,
6,76,59,
6,76,67,
6,80,6,
6,81,49,
6,82,20,
6,84,93,
6,86,137,
6,88,70,
6,93,25,
6,97,73,
6,103,74,
6,105,136,
6,106,57,
6,109,61,
6,117,108,
6,126,114,
6,132,102,
7,5,117,
7,11,19,
7,47,118,
7,48,28,
7,49,71,
7,53,117,
7,56,30,
7,56,34,
7,59,112,
7,80,73,
7,87,1,
7,97,53,
7,97,54,
7,100,24,
7,109,87,
7,116,65,
7,117,8,
7,118,47,
7,125,115,
7,126,117,
8,10,138,
8,24,78,
8,35,14,
8,39,6,
8,39,111,
8,44,99,
8,46,52,
8,48,52,
8,50,124,
8,53,26,
8,60,83,
8,63,77,
8,64,57,
8,67,81,
8,77,12,
8,84,128,
8,95,97,
8,97,67,
8,121,74,
8,130,44,
8,133,10,
9,0,35,
9,4,77,
9,18,66,
9,19,30,
9,25,114,
9,29,44,
9,39,61,
9,41,138,
9,48,120,
9,53,55,
9,64,90,
9,78,38,
9,97,38,
9,101,105,
9,108,67,
9,115,14,
9,119,23,
9,133,125,
9,137,108,
10,2,108,
10,13,30,
10,19,125,
10,25,21,
10,26,31,
10,30,116,
10,33,59,
10,34,43,
10,35,8,
10,40,137,
10,41,32,
10,42,78,
10,44,17,
10,45,103,
10,56,63,
10,65,109,
10,69,20,
10,77,37,
10,78,75,
10,83,72,
10,83,115,
10,90,135,
10,97,14,
10,97,75,
10,115,14,
10,125,25,
10,127,121,
10,130,21,
11,9,65,
11,11,19,
11,26,117,
11,34,8,
11,36,64,
11,46,116,
11,47,41,
11,62,44,
11,65,26,
11,65,54,
11,70,53,
11,71,44,
11,94,117,
11,106,33,
11,111,67,
11,122,105,
12,6,39,
12,16,21,
12,33,104,
12,43,81,
12,46,130,
12,57,50,
12,61,105,
12,62,112,
12,79,65,
12,81,103,
12,82,41,
12,86,12,
12,90,79,
12,93,84,
12,105,84,
12,110,97,
12,122,117,
12,129,138,
12,137,110,
13,1,77,
13,5,93,
13,7,86,
13,36,60,
13,48,136,
13,51,50,
13,55,75,
13,63,134,
13,79,76,
13,94,96,
13,96,64,
13,105,3,
13,118,106,
13,121,24,
13,123,73,
13,126,107,
13,139,15,
14,15,72,
14,22,43,
14,35,99,
14,39,53,
14,41,83,
14,55,96,
14,61,52,
14,78,27,
14,79,103,
14,83,32,
14,98,35,
14,108,2,
14,109,45,
14,109,128,
14,116,109,
14,117,52,
14,120,69,
14,127,10,
14,128,97,
14,138,84,
15,3,102,
15,12,56,
15,12,64,
15,14,78,
15,30,7,
15,30,73,
15,38,77,
15,42,1,
15,47,100,
15,50,9,
15,57,6,
15,59,25,
15,66,56,
15,67,23,
15,67,47,
15,83,136,
15,86,105,
15,92,35,
15,92,61,
15,121,103,
15,123,13,
15,125,26,
15,125,94,
15,133,16,
15,136,8,
16,16,78,
16,22,69,
16,36,71,
16,38,21,
16,55,68,
16,55,72,
16,60,15,
16,72,17,
16,78,134,
16,81,14,
16,84,39,
16,97,29,
16,118,69,
16,121,9,
16,122,88,
16,124,20,
16,133,31,
16,135,106,
17,3,109,
17,5,114,
17,7,79,
17,24,57,
17,24,124,
17,28,125,
17,33,37,
17,41,60,
17,62,25,
17,68,37,
17,88,105,
17,99,136,
17,101,30,
17,103,74,
17,106,18,
17,121,92,
17,121,116,
17,128,85,
18,0,105,
18,5,60,
18,6,22,
18,8,19,
18,11,12,
18,13,95,
18,17,28,
18,26,28,
18,28,120,
18,37,104,
18,46,67,
18,53,63,
18,63,78,
18,69,56,
18,70,44,
18,92,17,
18,96,23,
18,101,129,
18,103,32,
18,103,77,
18,125,100,
18,127,115,
18,132,46,
19,1,45,
19,4,103,
19,5,38,
19,8,85,
19,25,11,
19,28,4,
19,32,68,
19,41,130,
19,58,139,
19,71,81,
19,84,81,
19,84,98,
19,112,96,
19,115,62,
19,122,118,
19,129,97,
20,1,6,
20,6,111,
20,10,131,
20,15,3,
20,24,104,
20,24,120,
20,29,78,
20,40,19,
20,42,91,
20,46,34,
20,78,11,
20,81,82,
20,81,123,
20,84,48,
20,87,136,
20,103,16,
20,103,55,
20,110,86,
20,116,13,
20,121,114,
20,122,92,
20,129,59,
20,130,41,
20,131,115,
21,3,39,
21,7,84,
21,12,2,
21,32,20,
21,42,7,
21,43,119,
21,45,30,
21,47,24,
21,47,59,
21,56,17,
21,61,134,
21,62,20,
21,78,66,
21,83,23,
21,84,53,
21,94,58,
21,94,135,
21,108,38,
21,108,112,
21,111,23,
21,119,52,
21,125,93,
21,134,61,
21,135,99,
22,0,100,
22,0,103,
22,12,132,
22,14,100,
22,20,113,
22,33,131,
22,39,115,
22,43,120,
22,48,95,
22,49,105,
22,53,8,
22,62,76,
22,70,13,
22,73,20,
22,73,62,
22,87,89,
22,102,84,
22,102,114,
22,119,75,
22,123,99,
22,131,51,
22,134,113,
23,4,111,
23,8,112,
23,17,53,
23,51,96,
23,58,133,
23,68,43,
23,72,125,
23,82,136,
23,85,131,
23,94,112,
23,96,106,
23,109,70,
23,114,122,
23,116,137,
23,120,133,
23,127,66,
23,139,1,
24,2,39,
24,6,25,
24,9,106,
24,10,18,
24,10,132,
24,20,79,
24,23,57,
24,35,36,
24,39,89,
24,39,122,
24,41,92,
24,44,58,
24,46,42,
24,59,24,
24,62,80,
24,65,88,
24,72,12,
24,81,38,
24,85,53,
24,102,108,
24,119,99,
24,123,52,
24,129,25,
24,129,84,
24,132,58,
24,137,77,
25,0,19,
25,15,37,
25,28,106,
25,30,71,
25,51,58,
25,51,63,
25,56,136,
25,81,102,
25,82,25,
25,84,139,
25,93,27,
25,117,105,
25,123,120,
25,124,138,
25,134,43,
25,135,32,
25,139,103,
26,0,111,
26,1,106,
26,14,11,
26,14,107,
26,21,54,
26,23,53,
26,33,26,
26,34,19,
26,38,58,
26,38,115,
26,42,40,
26,43,67,
26,44,80,
26,47,44,
26,57,69,
26,57,112,
26,80,26,
26,84,102,
26,89,54,
26,100,83,
26,105,135,
26,107,122,
26,130,58,
26,137,46,
27,5,99,
27,19,77,
27,21,88,
27,23,138,
27,25,28,
27,27,26,
27,28,65,
27,39,30,
27,59,19,
27,65,68,
27,67,13,
27,73,17,
27,74,112,
27,80,92,
27,92,108,
27,95,106,
27,100,47,
27,103,41,
27,103,95,
27,123,16,
27,127,107,
27,129,34,
28,6,16,
28,27,79,
28,31,94,
28,32,128,
28,46,52,
28,49,93,
28,64,42,
28,69,2,
28,69,131,
28,75,62,
28,81,105,
28,82,108,
28,83,26,
28,90,90,
28,100,72,
28,123,22,
28,125,73,
28,134,67,
29,21,71,
29,23,122,
29,56,117,
29,92,129,
29,129,11,
30,1,80,
30,7,8,
30,15,50,
30,21,20,
30,24,42,
30,29,130,
30,31,35,
30,42,70,
30,60,27,
30,65,43,
30,75,27,
30,77,77,
30,84,95,
30,85,112,
30,86,54,
30,96,45,
30,101,99,
30,105,33,
30,108,98,
30,108,115,
30,112,128,
30,125,107,
30,128,85,
30,131,37,
31,7,45,
31,19,58,
31,60,36,
31,78,6,
31,78,62,
31,81,14,
31,81,23,
31,82,48,
31,84,50,
31,103,117,
31,106,9,
31,115,123,
31,130,39,
31,135,124,
32,7,20,
32,15,138,
32,18,26,
32,21,80,
32,23,32,
32,26,101,
32,42,75,
32,44,139,
32,59,7,
32,59,54,
32,63,91,
32,66,82,
32,68,110,
32,73,66,
32,82,129,
32,97,115,
32,106,81,
32,110,54,
32,111,35,
32,124,110,
32,129,20,
32,137,54,
33,4,16,
33,5,119,
33,6,56,
33,7,99,
33,12,12,
33,15,4,
33,18,48,
33,21,0,
33,30,19,
33,32,139,
33,37,30,
33,39,50,
33,39,66,
33,54,69,
33,73,121,
33,83,43,
33,97,130,
33,104,138,
33,109,100,
33,115,70,
33,116,43,
33,120,15,
33,135,132,
33,136,122,
34,35,75,
34,36,109,
34,40,12,
34,53,25,
34,79,106,
34,80,80,
34,97,83,
34,99,72,
34,104,128,
35,1,15,
35,18,18,
35,20,97,
35,26,130,
35,50,30,
35,61,132,
35,67,27,
35,68,77,
35,82,53,
35,84,55,
35,95,110,
35,96,89,
35,101,81,
35,105,93,
35,106,133,
35,109,18,
35,109,38,
35,110,107,
35,114,96,
35,115,79,
35,119,0,
35,133,127,
36,35,100,
36,37,17,
36,44,31,
36,48,12,
36,64,58,
36,69,133,
36,70,18,
36,71,41,
36,87,118,
36,97,136,
36,103,26,
36,104,66,
36,110,116,
36,111,122,
36,113,111,
36,114,38,
36,120,63,
36,126,40,
37,10,1,
37,12,70,
37,28,138,
37,33,84,
37,45,16,
37,49,55,
37,50,61,
37,70,6,
37,72,127,
37,74,66,
37,90,87,
37,107,30,
37,107,81,
37,119,36,
37,137,34,
38,14,103,
38,15,53,
38,17,11,
38,19,81,
38,27,56,
38,34,87,
38,36,137,
38,43,134,
38,53,121,
38,55,131,
38,74,110,
38,94,61,
38,99,101,
38,100,103,
38,110,116,
38,114,43,
38,115,45,
38,128,68,
38,130,97,
39,1,75,
39,5,0,
39,16,31,
39,17,83,
39,41,42,
39,64,18,
39,67,52,
39,71,110,
39,73,21,
39,80,48,
39,82,61,
39,97,2,
39,103,26,
39,110,121,
39,122,38,
40,2,82,
40,4,93,
40,17,6,
40,20,75,
40,36,56,
40,41,12,
40,42,95,
40,43,10,
40,44,28,
40,46,100,
40,51,99,
40,57,29,
40,61,4,
40,62,45,
40,77,24,
40,92,131,
40,94,20,
40,124,49,
40,127,111,
41,9,4,
41,35,83,
41,35,91,
41,35,97,
41,69,81,
41,73,55,
41,74,9,
41,85,98,
41,103,82,
41,104,46,
41,104,72,
41,104,115,
41,117,1,
41,120,66,
41,132,137,
41,134,132,
41,135,41,
41,136,1,
41,139,37,
41,139,76,
42,12,95,
42,21,79,
42,31,74,
42,32,9,
42,32,12,
42,51,44,
42,66,55,
42,68,128,
42,74,117,
42,82,101,
42,85,94,
42,101,9,
42,104,36,
42,109,88,
42,115,94,
42,119,89,
42,127,6,
42,134,42,
42,137,78,
43,6,60,
43,26,67,
43,27,103,
43,37,0,
43,40,79,
43,63,30,
43,70,100,
43,85,36,
43,91,49,
43,102,73,
43,102,97,
43,114,56,
43,117,113,
43,121,58,
43,128,38,
43,129,135,
43,132,101,
44,1,36,
44,1,134,
44,7,56,
44,20,91,
44,35,65,
44,43,118,
44,61,23,
44,69,127,
44,74,34,
44,77,2,
44,80,100,
44,101,123,
44,102,89,
44,124,11,
44,126,101,
44,128,19,
44,132,1,
44,133,53,
44,133,62,
45,2,51,
45,10,9,
45,23,123,
45,30,79,
45,48,5,
45,52,121,
45,61,105,
45,73,106,
45,75,14,
45,88,75,
45,94,79,
45,101,123,
45,106,76,
45,111,25,
45,113,59,
45,120,60,
45,127,23,
45,134,28,
46,2,9,
46,10,106,
46,16,65,
46,26,98,
46,26,130,
46,32,42,
46,34,133,
46,38,95,
46,44,46,
46,52,116,
46,59,68,
46,61,68,
46,63,48,
46,73,25,
46,76,86,
46,84,33,
46,100,120,
46,104,112,
46,108,50,
46,116,139,
46,120,118,
47,3,85,
47,6,85,
47,21,41,
47,39,21,
47,40,30,
47,45,125,
47,51,54,
47,53,56,
47,65,21,
47,75,72,
47,93,102,
47,96,32,
47,103,42,
47,118,65,
47,125,125,
48,7,66,
48,11,108,
48,12,30,
48,30,63,
48,31,62,
48,51,39,
48,53,4,
48,57,69,
48,75,136,
48,89,39,
48,90,11,
48,91,24,
48,93,50,
48,96,7,
48,114,24,
48,114,38,
48,115,113,
48,117,25,
48,137,68,
49,5,43,
49,10,22,
49,30,38,
49,37,72,
49,41,19,
49,58,66,
49,82,51,
49,83,75,
49,91,0,
49,92,115,
49,99,5,
49,111,4,
49,124,71,
49,137,18,
50,3,43,
50,5,34,
50,12,122,
50,29,137,
50,31,59,
50,44,32,
50,83,27,
50,84,129,
50,98,103,
50,103,88,
50,104,86,
50,120,49,
50,128,75,
50,129,123,
50,138,63,
51,29,121,
51,41,12,
51,95,9,
51,96,63,
51,102,19,
51,104,55,
51,106,24,
51,108,48,
51,121,139,
52,5,85,
52,9,104,
52,18,107,
52,24,55,
52,38,45,
52,48,108,
52,54,44,
52,64,38,
52,67,130,
52,70,83,
52,80,68,
52,85,62,
52,86,95,
52,91,76,
52,105,50,
52,114,51,
52,136,134,
53,2,137,
53,7,112,
53,22,54,
53,25,38,
53,26,53,
53,30,80,
53,31,75,
53,36,36,
53,38,57,
53,42,72,
53,42,100,
53,46,69,
53,49,128,
53,70,4,
53,71,91,
53,71,102,
53,80,89,
53,81,134,
53,94,67,
53,98,91,
53,99,41,
53,103,26,
53,106,32,
53,106,110,
53,107,58,
53,112,67,
53,127,52,
53,129,70,
54,14,116,
54,18,47,
54,20,2,
54,24,54,
54,32,55,
54,33,103,
54,48,8,
54,56,83,
54,61,120,
54,64,19,
54,66,111,
54,71,100,
54,99,71,
54,114,138,
54,126,82,
55,5,120,
55,25,7,
55,29,55,
55,41,47,
55,58,80,
55,72,110,
55,75,38,
55,77,39,
55,89,32,
55,114,136,
55,127,117,
55,128,101,
55,138,32,
56,5,104,
56,8,27,
56,11,98,
56,13,13,
56,17,137,
56,21,116,
56,29,29,
56,36,62,
56,39,38,
56,69,45,
56,71,89,
56,73,55,
56,77,12,
56,81,126,
56,84,54,
56,87,109,
56,99,74,
56,117,20,
56,117,104,
56,133,102,
57,2,6,
57,26,136,
57,34,65,
57,44,34,
57,57,67,
57,61,19,
57,70,34,
57,85,16,
57,100,87,
57,101,47,
57,104,75,
57,109,115,
57,113,72,
57,116,105,
57,129,16,
57,134,101,
57,136,102,
58,4,110,
58,15,89,
58,20,65,
58,22,8,
58,26,21,
58,29,130,
58,40,118,
58,54,110,
58,61,4,
58,70,79,
58,82,109,
58,83,103,
58,86,121,
58,87,123,
58,90,88,
58,94,78,
58,112,26,
58,122,71,
58,129,131,
58,134,3,
59,2,95,
59,23,126,
59,27,139,
59,35,131,
59,41,127,
59,46,61,
59,47,8,
59,50,120,
59,52,76,
59,54,102,
59,57,98,
59,59,80,
59,59,98,
59,61,115,
59,62,42,
59,88,121,
59,95,57,
59,100,41,
59,103,132,
59,109,16,
59,113,78,
59,119,53,
60,16,23,
60,27,117,
60,31,55,
60,33,8,
60,49,25,
60,59,107,
60,64,132,
60,75,86,
60,81,64,
60,85,33,
60,91,76,
60,106,37,
60,108,52,
60,121,95,
60,124,77,
60,124,94,
60,135,17,
61,1,7,
61,3,15,
61,15,28,
61,18,52,
61,22,60,
61,28,120,
61,33,95,
61,53,22,
61,81,64,
61,82,53,
61,83,64,
61,88,14,
61,90,46,
61,97,85,
61,97,120,
61,101,135,
61,102,26,
61,102,98,
61,104,39,
61,121,8,
61,123,52,
61,124,4,
61,134,105,
61,136,113,
61,139,56,
62,10,133,
62,11,21,
62,17,20,
62,18,3,
62,22,65,
62,26,95,
62,49,7,
62,59,35,
62,68,34,
62,71,74,
62,90,2,
62,106,17,
62,108,97,
62,111,96,
62,118,18,
62,128,60,
62,129,112,
62,131,0,
62,139,134,
63,7,95,
63,10,29,
63,21,129,
63,39,22,
63,41,134,
63,45,54,
63,62,94,
63,69,76,
63,71,136,
63,72,76,
63,76,33,
63,87,136,
63,94,82,
63,98,117,
63,108,49,
63,112,85,
63,112,132,
63,121,11,
63,130,40,
63,135,53,
64,4,51,
64,22,96,
64,26,138,
64,33,116,
64,37,82,
64,41,131,
64,42,135,
64,47,39,
64,50,120,
64,50,129,
64,53,57,
64,61,76,
64,61,79,
64,72,52,
64,80,9,
64,82,85,
64,88,14,
64,106,66,
64,111,103,
64,113,15,
64,132,16,
64,137,33,
64,139,32,
65,8,35,
65,10,61,
65,22,13,
65,35,13,
65,35,18,
65,62,105,
65,71,84,
65,73,129,
65,75,66,
65,78,85,
65,81,35,
65,89,13,
65,100,108,
65,107,42,
65,130,22,
66,6,41,
66,9,74,
66,10,68,
66,13,22,
66,16,28,
66,23,61,
66,31,38,
66,32,132,
66,41,52,
66,69,69,
66,76,77,
66,77,45,
66,80,69,
66,89,49,
66,92,95,
66,96,25,
66,96,134,
66,104,2,
66,106,101,
66,107,46,
66,108,67,
66,115,13,
66,117,73,
66,124,52,
66,124,81,
66,129,11,
66,131,129,
66,132,3,
67,1,81,
67,3,96,
67,5,123,
67,9,63,
67,32,21,
67,35,128,
67,52,13,
67,60,26,
67,64,34,
67,65,68,
67,92,3,
67,93,38,
67,97,123,
67,109,127,
67,116,108,
67,120,94,
67,129,110,
67,131,76,
67,135,88,
68,6,7,
68,19,12,
68,24,2,
68,45,117,
68,46,67,
68,48,66,
68,55,13,
68,55,28,
68,55,41,
68,87,61,
68,113,125,
68,115,45,
68,116,105,
68,129,117,
69,5,137,
69,12,14,
69,15,134,
69,20,77,
69,22,20,
69,26,59,
69,32,53,
69,32,63,
69,39,73,
69,42,134,
69,57,42,
69,62,10,
69,62,116,
69,63,31,
69,66,0,
69,67,138,
69,68,49,
69,70,55,
69,79,120,
69,83,34,
69,85,102,
69,86,71,
69,86,82,
69,89,7,
69,92,48,
69,105,117,
69,105,122,
69,114,4,
69,117,48,
69,139,33,
70,0,57,
70,24,41,
70,25,48,
70,34,5,
70,51,62,
70,54,101,
70,56,45,
70,61,55,
70,62,67,
70,86,92,
70,96,81,
70,98,76,
70,109,130,
70,110,23,
70,111,11,
70,120,130,
70,131,53,
70,134,42,
70,138,32,
71,6,34,
71,11,35,
71,14,9,
71,17,7,
71,23,22,
71,32,9,
71,32,74,
71,34,15,
71,49,128,
71,67,123,
71,72,56,
71,75,0,
71,81,111,
71,84,105,
71,86,50,
71,99,68,
71,101,26,
71,110,51,
71,124,52,
72,0,126,
72,3,33,
72,14,48,
72,15,28,
72,27,110,
72,41,102,
72,47,76,
72,50,45,
72,53,32,
72,60,53,
72,63,31,
72,68,16,
72,69,128,
72,79,30,
72,80,111,
72,83,97,
72,93,117,
72,103,95,
72,117,121,
72,135,122,
73,8,94,
73,33,36,
73,43,55,
73,44,42,
73,72,36,
73,74,136,
73,77,53,
73,86,16,
73,92,95,
73,102,33,
73,104,85,
73,104,90,
73,109,61,
73,113,6,
73,124,118,
73,128,135,
73,130,86,
73,136,30,
74,11,20,
74,16,40,
74,51,79,
74,54,84,
74,67,30,
74,69,106,
74,71,114,
74,77,17,
74,89,56,
74,90,80,
74,103,125,
74,104,113,
74,115,95,
74,118,33,
74,120,21,
74,124,131,
74,125,62,
74,129,89,
74,134,11,
75,1,66,
75,4,109,
75,17,28,
75,28,4,
75,31,107,
75,49,54,
75,51,5,
75,55,93,
75,68,52,
75,73,70,
75,83,41,
75,87,137,
75,103,85,
75,107,117,
75,112,115,
75,118,18,
76,5,84,
76,12,113,
76,16,43,
76,22,71,
76,26,97,
76,38,89,
76,47,131,
76,59,69,
76,76,94,
76,80,26,
76,107,16,
76,122,6,
76,127,110,
77,0,84,
77,2,57,
77,4,111,
77,6,88,
77,20,94,
77,29,95,
77,39,73,
77,55,54,
77,56,63,
77,57,23,
77,64,139,
77,74,68,
77,80,35,
77,107,19,
77,111,80,
77,113,99,
77,115,137,
77,124,87,
77,129,37,
77,129,90,
78,3,51,
78,3,81,
78,10,21,
78,16,77,
78,33,77,
78,44,110,
78,58,20,
78,76,31,
78,89,50,
78,96,29,
78,98,55,
78,122,107,
78,137,25,
79,2,89,
79,10,76,
79,11,112,
79,12,129,
79,29,93,
79,31,16,
79,51,43,
79,62,137,
79,68,50,
79,71,27,
79,74,92,
79,83,7,
79,86,84,
79,88,56,
79,91,14,
79,93,111,
79,106,97,
79,107,46,
79,134,100,
79,135,93,
80,2,117,
80,11,128,
80,22,105,
80,27,139,
80,33,98,
80,41,38,
80,42,63,
80,43,51,
80,43,109,
80,45,0,
80,75,75,
80,77,86,
80,99,48,
80,109,111,
80,119,120,
80,130,1,
81,2,74,
81,14,108,
81,20,33,
81,21,87,
81,21,112,
81,43,79,
81,43,110,
81,44,1,
81,67,98,
81,69,115,
81,90,26,
81,90,37,
81,98,43,
81,103,39,
81,114,117,
81,117,66,
81,123,87,
81,139,102,
82,8,85,
82,9,115,
82,12,98,
82,15,13,
82,18,44,
82,24,58,
82,25,77,
82,28,38,
82,33,89,
82,47,93,
82,52,34,
82,66,45,
82,73,117,
82,83,56,
82,83,102,
82,95,24,
82,100,53,
82,102,113,
82,103,126,
82,104,26,
82,126,11,
83,13,49,
83,16,94,
83,16,116,
83,23,108,
83,27,59,
83,34,24,
83,43,63,
83,46,105,
83,74,138,
83,76,4,
83,82,69,
83,86,55,
83,92,136,
83,98,53,
83,107,114,
83,111,76,
83,115,74,
83,118,16,
83,135,44,
83,135,67,
84,3,11,
84,3,119,
84,4,131,
84,42,68,
84,51,81,
84,58,122,
84,64,128,
84,74,132,
84,76,31,
84,82,38,
84,82,116,
84,84,121,
84,84,132,
84,91,12,
84,91,56,
84,97,45,
84,118,57,
84,119,133,
84,122,102,
84,123,86,
84,132,131,
84,134,53,
84,139,23,
85,36,70,
85,53,85,
85,56,4,
85,62,74,
85,74,73,
85,81,100,
85,84,23,
85,85,62,
85,90,34,
85,98,12,
85,104,80,
85,110,69,
85,121,114,
85,128,44,
86,2,89,
86,7,49,
86,14,110,
86,39,15,
86,40,81,
86,45,63,
86,59,139,
86,80,8,
86,80,134,
86,83,41,
86,86,112,
86,90,139,
86,122,71,
86,128,35,
86,134,85,
86,136,86,
87,5,33,
87,6,105,
87,17,46,
87,17,88,
87,34,19,
87,37,3,
87,38,132,
87,62,1,
87,64,87,
87,65,139,
87,72,98,
87,74,57,
87,77,111,
87,85,58,
87,87,65,
87,90,80,
87,94,128,
87,98,67,
87,99,29,
87,100,123,
87,104,37,
87,104,116,
87,105,83,
87,114,110,
87,120,38,
87,121,103,
87,127,84,
87,130,71,
88,6,2,
88,7,30,
88,7,99,
88,20,96,
88,25,128,
88,34,76,
88,44,104,
88,49,14,
88,63,1,
88,67,113,
88,87,15,
88,89,29,
88,90,11,
88,98,137,
88,99,90,
88,101,65,
88,102,39,
88,110,113,
88,115,2,
88,115,82,
88,124,86,
88,126,58,
88,133,49,
88,138,58,
89,1,25,
89,2,37,
89,29,71,
89,30,23,
89,36,134,
89,40,6,
89,60,131,
89,64,90,
89,73,77,
89,85,53,
89,85,110,
89,91,41,
89,111,70,
89,124,138,
89,135,131,
90,5,10,
90,7,59,
90,31,50,
90,40,27,
90,41,39,
90,45,127,
90,69,50,
90,89,20,
90,90,130,
90,98,114,
90,109,139,
90,117,34,
90,129,75,
90,138,60,
91,15,4,
91,23,87,
91,24,134,
91,62,71,
91,64,85,
91,65,134,
91,74,21,
91,76,122,
91,86,39,
91,88,60,
91,93,90,
91,96,100,
91,99,121,
91,103,2,
91,117,12,
91,119,87,
91,121,131,
91,132,83,
92,10,122,
92,14,130,
92,17,120,
92,22,109,
92,25,7,
92,27,47,
92,27,61,
92,29,20,
92,47,52,
92,48,0,
92,50,92,
92,70,100,
92,73,125,
92,75,77,
92,77,78,
92,96,51,
92,98,103,
92,102,136,
92,105,29,
92,107,99,
92,110,24,
92,118,26,
92,124,9,
92,124,119,
92,129,91,
92,136,91,
93,23,15,
93,38,22,
93,48,117,
93,53,50,
93,65,12,
93,66,30,
93,76,75,
93,78,122,
93,83,90,
93,86,76,
93,88,6,
93,97,75,
93,99,102,
93,104,30,
93,108,137,
93,114,17,
93,114,45,
93,117,62,
93,125,103,
94,6,37,
94,16,126,
94,17,137,
94,26,115,
94,31,30,
94,35,25,
94,43,108,
94,47,80,
94,48,48,
94,49,22,
94,49,125,
94,57,56,
94,58,112,
94,65,5,
94,65,20,
94,76,113,
94,84,45,
94,84,63,
94,87,33,
94,91,28,
94,101,14,
94,121,93,
94,132,4,
95,7,119,
95,10,33,
95,29,116,
95,33,42,
95,33,82,
95,56,51,
95,67,51,
95,72,55,
95,74,129,
95,78,122,
95,90,106,
95,95,59,
95,99,46,
95,99,131,
95,100,59,
95,100,132,
95,115,87,
95,116,139,
95,118,12,
95,132,84,
95,137,15,
96,1,74,
96,6,3,
96,9,119,
96,13,17,
96,15,37,
96,16,93,
96,31,21,
96,33,84,
96,77,125,
96,93,19,
96,93,134,
96,103,18,
96,105,61,
96,106,12,
96,106,29,
96,110,65,
96,119,43,
96,120,47,
96,122,15,
96,124,30,
97,7,116,
97,9,52,
97,27,104,
97,28,135,
97,32,125,
97,44,79,
97,54,101,
97,65,135,
97,72,84,
97,77,93,
97,86,133,
97,87,118,
97,89,31,
97,89,37,
97,91,54,
97,102,130,
97,107,117,
97,108,131,
97,110,11,
97,121,94,
97,132,42,
97,132,104,
97,133,58,
97,138,79,
98,16,123,
98,23,2,
98,35,37,
98,55,120,
98,57,47,
98,66,28,
98,66,127,
98,76,33,
98,78,56,
98,99,66,
98,105,78,
98,114,123,
98,115,102,
98,119,60,
98,127,92,
99,3,127,
99,12,50,
99,28,0,
99,34,120,
99,41,121,
99,49,130,
99,51,26,
99,54,8,
99,55,112,
99,56,139,
99,68,62,
99,70,25,
99,70,38,
99,73,106,
99,75,112,
99,83,137,
99,84,131,
99,85,112,
99,86,2,
99,90,12,
99,91,103,
99,100,87,
99,108,93,
99,114,12,
99,114,20,
99,123,24,
99,135,126,
99,139,74,
100,10,131,
100,12,82,
100,16,59,
100,26,84,
100,32,138,
100,36,18,
100,52,67,
100,57,6,
100,61,62,
100,67,121,
100,70,117,
100,73,30,
100,74,108,
100,76,19,
100,76,30,
100,84,128,
100,90,21,
100,92,100,
100,98,72,
100,98,104,
100,103,23,
100,105,91,
100,105,124,
100,108,8,
100,115,33,
100,117,33,
100,117,42,
100,122,67,
100,125,94,
100,133,8,
101,2,59,
101,13,79,
101,19,131,
101,22,27,
101,22,35,
101,24,7,
101,34,93,
101,35,14,
101,46,52,
101,51,24,
101,51,37,
101,57,48,
101,74,109,
101,86,13,
101,92,84,
101,96,102,
101,99,18,
101,107,115,
101,111,90,
101,115,94,
101,116,64,
101,120,71,
101,126,104,
101,129,29,
101,130,137,
101,132,91,
101,138,58,
102,41,10,
102,43,56,
102,53,65,
102,55,3,
102,63,22,
102,65,17,
102,67,21,
102,67,40,
102,69,68,
102,77,73,
102,87,137,
102,93,70,
102,97,127,
102,106,119,
102,114,78,
102,122,27,
102,123,95,
102,125,56,
102,127,103,
102,128,126,
103,4,43,
103,15,70,
103,18,61,
103,25,90,
103,31,90,
103,35,6,
103,38,67,
103,41,35,
103,41,46,
103,46,24,
103,48,128,
103,49,63,
103,54,52,
103,63,78,
103,84,127,
103,86,84,
103,89,23,
103,91,1,
103,91,12,
103,92,15,
103,104,97,
103,110,26,
103,128,131,
104,7,37,
104,7,125,
104,9,32,
104,34,86,
104,37,85,
104,41,117,
104,41,135,
104,46,26,
104,63,134,
104,71,138,
104,80,22,
104,92,45,
104,113,124,
104,114,131,
104,124,124,
104,128,7,
104,134,72,
104,139,134,
105,2,127,
105,7,104,
105,17,70,
105,19,66,
105,19,99,
105,22,9,
105,35,64,
105,44,82,
105,45,41,
105,50,68,
105,52,11,
105,57,28,
105,80,139,
105,82,78,
105,89,115,
105,90,101,
105,96,86,
105,98,71,
105,102,36,
105,119,36,
105,120,127,
105,131,9,
105,137,90,
106,2,139,
106,3,5,
106,26,34,
106,28,46,
106,39,109,
106,40,19,
106,42,91,
106,52,50,
106,54,69,
106,79,114,
106,81,138,
106,101,4,
106,102,28,
106,124,12,
106,134,55,
106,135,51,
107,16,93,
107,18,91,
107,27,30,
107,60,109,
107,62,68,
107,68,77,
107,77,129,
107,86,134,
107,91,74,
107,99,120,
107,110,81,
107,119,34,
107,123,78,
107,124,35,
107,135,29,
107,138,25,
108,1,11,
108,9,22,
108,11,134,
108,33,52,
108,42,81,
108,56,129,
108,72,119,
108,78,135,
108,82,46,
108,94,113,
108,96,58,
108,109,23,
108,112,73,
108,121,70,
108,127,126,
108,128,30,
109,5,41,
109,16,80,
109,20,40,
109,30,92,
109,43,136,
109,46,38,
109,57,50,
109,59,85,
109,76,51,
109,83,104,
109,83,116,
109,88,16,
109,89,67,
109,110,1,
109,111,33,
109,123,117,
109,128,66,
109,131,7,
110,14,70,
110,22,57,
110,23,112,
110,24,57,
110,26,61,
110,29,38,
110,30,49,
110,30,130,
110,33,13,
110,33,89,
110,51,40,
110,62,22,
110,67,131,
110,70,47,
110,73,78,
110,84,73,
110,86,77,
110,105,79,
110,112,10,
110,114,113,
110,130,38,
110,136,106,
111,7,134,
111,9,63,
111,11,44,
111,17,10,
111,26,3,
111,32,108,
111,34,114,
111,36,111,
111,40,106,
111,53,48,
111,58,128,
111,73,56,
111,78,90,
111,79,103,
111,89,30,
111,109,19,
111,113,95,
111,115,37,
111,120,105,
111,121,109,
111,124,37,
111,130,126,
111,137,126,
112,0,15,
112,1,98,
112,5,137,
112,13,116,
112,19,116,
112,20,4,
112,61,122,
112,72,66,
112,73,113,
112,78,9,
112,83,62,
112,92,57,
112,94,28,
112,100,5,
112,102,135,
112,115,70,
112,116,123,
112,134,41,
112,134,93,
112,136,109,
113,1,71,
113,8,139,
113,23,109,
113,27,35,
113,31,7,
113,52,15,
113,71,127,
113,75,109,
113,77,13,
113,83,25,
113,113,119,
113,126,27,
113,135,130,
114,4,62,
114,9,47,
114,22,114,
114,24,137,
114,36,35,
114,38,136,
114,67,51,
114,70,116,
114,78,120,
114,88,52,
114,90,81,
114,90,116,
114,93,46,
114,122,68,
115,9,2,
115,9,51,
115,9,94,
115,20,5,
115,25,48,
115,30,21,
115,32,86,
115,33,111,
115,34,3,
115,37,87,
115,40,3,
115,41,13,
115,71,47,
115,83,10,
115,84,96,
115,87,131,
115,102,127,
115,109,63,
115,110,42,
115,114,87,
115,115,121,
115,129,63,
115,132,116,
115,135,31,
116,21,41,
116,44,17,
116,45,47,
116,47,77,
116,52,63,
116,58,129,
116,65,20,
116,69,41,
116,69,61,
116,79,58,
116,85,98,
116,89,91,
116,95,96,
116,97,112,
116,104,16,
116,105,3,
116,126,4,
116,133,121,
116,136,131,
117,8,8,
117,16,56,
117,19,24,
117,25,39,
117,33,1,
117,49,30,
117,56,92,
117,61,6,
117,65,96,
117,66,17,
117,74,138,
117,76,12,
117,83,38,
117,87,117,
117,104,30,
117,105,76,
117,134,4,
118,13,41,
118,21,15,
118,26,88,
118,27,32,
118,63,6,
118,66,104,
118,73,111,
118,74,19,
118,95,48,
118,98,106,
118,109,42,
118,123,59,
118,123,67,
118,124,78,
118,125,113,
118,131,78,
118,138,63,
119,14,77,
119,16,52,
119,16,72,
119,17,47,
119,22,106,
119,23,1,
119,27,27,
119,35,11,
119,36,25,
119,38,72,
119,43,133,
119,48,7,
119,54,51,
119,60,65,
119,61,131,
119,66,7,
119,67,93,
119,86,7,
119,86,18,
119,89,38,
119,92,105,
119,105,26,
119,106,53,
119,113,70,
119,126,56,
120,6,128,
120,12,23,
120,26,75,
120,33,94,
120,34,70,
120,41,105,
120,65,19,
120,67,61,
120,77,97,
120,81,22,
120,101,75,
120,101,99,
120,101,132,
120,112,89,
120,113,113,
120,122,27,
120,126,40,
120,126,50,
120,130,89,
120,136,128,
121,21,1,
121,22,79,
121,32,58,
121,34,130,
121,37,78,
121,38,132,
121,56,30,
121,73,36,
121,78,126,
121,82,35,
121,85,35,
121,87,101,
121,93,136,
121,102,93,
121,110,75,
121,129,24,
121,129,55,
121,131,80,
122,2,110,
122,18,32,
122,22,14,
122,33,86,
122,38,19,
122,49,1,
122,67,108,
122,79,34,
122,83,68,
122,90,76,
122,96,136,
122,101,101,
122,123,20,
122,131,43,
122,133,4,
123,3,106,
123,31,79,
123,38,60,
123,43,63,
123,43,96,
123,50,97,
123,53,33,
123,75,86,
123,79,100,
123,80,101,
123,93,105,
123,96,48,
123,101,39,
123,105,119,
123,113,55,
123,117,36,
123,131,29,
123,138,6,
124,1,84,
124,2,23,
124,34,10,
124,47,34,
124,50,73,
124,52,15,
124,60,51,
124,81,75,
124,100,77,
124,134,22,
124,138,59,
124,138,61,
125,0,48,
125,8,135,
125,10,81,
125,10,100,
125,15,40,
125,15,90,
125,30,110,
125,37,64,
125,38,105,
125,45,7,
125,46,13,
125,47,123,
125,49,0,
125,56,46,
125,64,76,
125,68,21,
125,73,75,
125,90,73,
125,90,121,
125,94,16,
125,101,83,
125,106,47,
125,108,9,
125,115,89,
125,128,103,
125,131,36,
125,138,62,
125,139,102,
126,4,103,
126,22,13,
126,22,65,
126,24,35,
126,25,117,
126,27,48,
126,30,130,
126,31,27,
126,37,28,
126,39,94,
126,42,90,
126,52,107,
126,54,104,
126,62,34,
126,65,80,
126,77,92,
126,79,50,
126,79,110,
126,80,24,
126,82,100,
126,103,82,
126,106,25,
126,113,52,
126,113,125,
127,1,3,
127,46,116,
127,54,122,
127,59,89,
127,60,79,
127,66,54,
127,70,81,
127,86,21,
127,90,72,
127,93,52,
127,108,25,
127,134,93,
127,136,55,
127,138,104,
127,139,64,
128,0,0,
128,4,57,
128,13,33,
128,17,115,
128,24,89,
128,34,34,
128,42,7,
128,57,12,
128,65,92,
128,72,34,
128,74,51,
128,74,125,
128,75,21,
128,79,37,
128,87,79,
128,105,126,
128,115,18,
128,119,21,
128,119,22,
128,121,16,
128,126,22,
128,130,7,
128,131,46,
129,6,92,
129,10,120,
129,15,106,
129,18,71,
129,20,79,
129,29,0,
129,36,20,
129,60,108,
129,61,36,
129,64,63,
129,66,118,
129,75,68,
129,77,22,
129,93,123,
129,94,92,
129,95,70,
129,97,54,
129,100,1,
129,107,41,
129,122,20,
129,125,138,
129,127,90,
130,9,81,
130,14,116,
130,24,91,
130,33,2,
130,33,100,
130,37,34,
130,37,44,
130,40,119,
130,51,83,
130,57,54,
130,62,49,
130,78,82,
130,87,130,
130,95,101,
130,112,91,
130,121,69,
130,121,122,
130,131,12,
130,136,37,
131,1,49,
131,6,96,
131,17,1,
131,24,84,
131,29,38,
131,34,7,
131,36,98,
131,38,0,
131,41,68,
131,43,57,
131,48,85,
131,50,48,
131,71,88,
131,75,110,
131,84,119,
131,85,105,
131,88,17,
131,100,77,
131,101,25,
131,111,3,
131,118,13,
131,129,98,
132,3,101,
132,4,30,
132,4,63,
132,6,129,
132,16,129,
132,18,16,
132,38,32,
132,38,53,
132,38,92,
132,40,72,
132,44,24,
132,46,0,
132,50,0,
132,55,90,
132,66,129,
132,76,132,
132,84,89,
132,102,102,
132,102,136,
132,113,100,
132,113,139,
132,116,62,
132,117,133,
132,124,60,
132,128,110,
132,132,14,
132,136,121,
132,139,32,
133,1,59,
133,1,63,
133,2,51,
133,9,12,
133,12,137,
133,13,97,
133,21,20,
133,26,25,
133,26,62,
133,26,78,
133,26,131,
133,43,5,
133,45,83,
133,49,134,
133,53,73,
133,55,123,
133,69,133,
133,71,116,
133,82,126,
133,95,95,
133,101,36,
133,103,0,
133,108,26,
133,110,106,
133,116,42,
133,116,126,
133,124,64,
133,127,31,
133,133,43,
134,12,82,
134,17,96,
134,29,72,
134,32,6,
134,42,65,
134,45,22,
134,51,124,
134,56,14,
134,56,62,
134,59,60,
134,65,134,
134,70,87,
134,70,129,
134,74,103,
134,85,54,
134,89,33,
134,117,90,
134,123,45,
134,124,110,
135,0,50,
135,2,9,
135,5,103,
135,10,65,
135,19,62,
135,25,80,
135,32,86,
135,35,7,
135,44,49,
135,46,111,
135,62,103,
135,64,118,
135,66,97,
135,66,120,
135,74,88,
135,79,37,
135,79,47,
135,98,136,
135,118,74,
135,131,103,
135,137,59,
136,0,139,
136,11,83,
136,12,1,
136,14,83,
136,17,51,
136,17,57,
136,24,121,
136,31,25,
136,33,30,
136,37,96,
136,40,31,
136,44,58,
136,56,122,
136,76,105,
136,82,13,
136,83,31,
136,85,56,
136,86,117,
136,95,80,
136,96,12,
136,103,72,
136,104,50,
136,104,63,
136,108,14,
136,110,69,
136,115,128,
136,117,46,
137,5,32,
137,16,45,
137,70,41,
137,92,92,
137,96,1,
137,101,61,
137,109,120,
138,4,133,
138,5,34,
138,8,105,
138,15,75,
138,18,30,
138,28,63,
138,29,28,
138,41,38,
138,49,7,
138,52,15,
138,54,26,
138,57,41,
138,74,27,
138,99,79,
138,101,70,
138,104,32,
138,109,45,
138,110,89,
138,113,3,
138,113,11,
138,120,81,
138,132,130,
138,138,129,
139,0,27,
139,19,86,
139,21,35,
139,22,21,
139,22,68,
139,33,138,
139,36,23,
139,37,131,
139,44,122,
139,50,122,
139,55,73,
139,58,55,
139,61,18,
139,91,117,
139,98,49,
139,98,88,
139,100,77,
