0,0,0,
0,0,0,
0,0,0,
0,0,0,
0,0,0,
0,0,0,
0,0,0,
0,0,0,
0,0,0,
0,0,0,
0,0,0,
0,0,0,
0,0,1,
0,0,1,
0,0,1,
0,0,1,
0,0,1,
0,0,1,
0,0,2,
0,0,2,
0,0,2,
0,0,2,
0,0,3,
0,0,3,
0,0,3,
0,0,4,
0,0,4,
0,0,5,
0,0,5,
0,0,5,
0,0,6,
0,0,7,
0,0,7,
0,0,7,
0,0,8,
0,0,8,
0,0,9,
0,0,10,
0,0,10,
0,0,10,
0,0,10,
0,0,10,
0,0,12,
0,0,12,
0,0,12,
0,0,15,
0,0,15,
0,0,15,
0,0,17,
0,0,17,
0,0,19,
0,0,19,
0,0,20,
0,0,20,
0,0,20,
0,0,21,
0,0,22,
0,0,22,
0,0,23,
0,0,24,
0,0,27,
0,0,27,
0,0,29,
0,0,33,
0,0,34,
0,0,38,
0,0,39,
0,0,51,
0,0,52,
0,0,54,
0,0,58,
0,0,61,
0,0,62,
0,0,64,
0,0,66,
0,0,66,
0,0,68,
0,0,73,
0,0,77,
0,0,88,
0,0,91,
0,0,91,
0,0,96,
0,0,101,
0,0,125,
0,0,127,
0,0,129,
0,0,132,
0,0,140,
0,0,173,
0,1,0,
0,1,0,
0,1,0,
0,1,0,
0,1,0,
0,1,0,
0,1,0,
0,1,1,
0,1,1,
0,1,1,
0,1,1,
0,1,1,
0,1,1,
0,1,1,
0,1,2,
0,1,2,
0,1,2,
0,1,2,
0,1,3,
0,1,3,
0,1,3,
0,1,5,
0,1,5,
0,1,5,
0,1,5,
0,1,8,
0,1,9,
0,1,9,
0,1,10,
0,1,10,
0,1,12,
0,1,12,
0,1,12,
0,1,13,
0,1,15,
0,1,17,
0,1,18,
0,1,20,
0,1,20,
0,1,20,
0,1,22,
0,1,24,
0,1,24,
0,1,27,
0,1,29,
0,1,29,
0,1,32,
0,1,33,
0,1,38,
0,1,44,
0,1,55,
0,1,63,
0,1,63,
0,1,66,
0,1,68,
0,1,70,
0,1,77,
0,1,89,
0,1,92,
0,1,105,
0,1,105,
0,1,115,
0,1,118,
0,1,158,
0,1,174,
0,2,0,
0,2,0,
0,2,0,
0,2,0,
0,2,1,
0,2,1,
0,2,1,
0,2,2,
0,2,2,
0,2,2,
0,2,2,
0,2,4,
0,2,5,
0,2,6,
0,2,6,
0,2,7,
0,2,7,
0,2,7,
0,2,7,
0,2,8,
0,2,9,
0,2,11,
0,2,11,
0,2,12,
0,2,12,
0,2,12,
0,2,12,
0,2,13,
0,2,14,
0,2,14,
0,2,16,
0,2,16,
0,2,17,
0,2,18,
0,2,18,
0,2,24,
0,2,24,
0,2,25,
0,2,32,
0,2,35,
0,2,47,
0,2,57,
0,2,65,
0,2,72,
0,2,76,
0,2,82,
0,2,86,
0,2,115,
0,2,121,
0,2,146,
0,2,155,
0,3,0,
0,3,0,
0,3,0,
0,3,0,
0,3,1,
0,3,1,
0,3,1,
0,3,1,
0,3,1,
0,3,2,
0,3,3,
0,3,4,
0,3,4,
0,3,5,
0,3,5,
0,3,6,
0,3,6,
0,3,7,
0,3,9,
0,3,13,
0,3,20,
0,3,21,
0,3,23,
0,3,23,
0,3,31,
0,3,34,
0,3,37,
0,3,58,
0,3,92,
0,3,131,
0,3,136,
0,3,169,
0,4,0,
0,4,0,
0,4,1,
0,4,1,
0,4,4,
0,4,5,
0,4,5,
0,4,5,
0,4,6,
0,4,9,
0,4,9,
0,4,10,
0,4,12,
0,4,12,
0,4,15,
0,4,18,
0,4,21,
0,4,33,
0,4,34,
0,4,36,
0,4,40,
0,4,58,
0,4,105,
0,4,111,
0,4,123,
0,5,0,
0,5,0,
0,5,0,
0,5,0,
0,5,1,
0,5,1,
0,5,2,
0,5,2,
0,5,2,
0,5,4,
0,5,6,
0,5,6,
0,5,8,
0,5,12,
0,5,13,
0,5,14,
0,5,17,
0,5,21,
0,5,28,
0,5,37,
0,5,39,
0,5,44,
0,5,77,
0,5,89,
0,5,98,
0,5,103,
0,5,126,
0,5,136,
0,5,150,
0,6,0,
0,6,0,
0,6,0,
0,6,0,
0,6,1,
0,6,1,
0,6,2,
0,6,2,
0,6,3,
0,6,4,
0,6,7,
0,6,8,
0,6,18,
0,6,28,
0,6,35,
0,6,46,
0,6,55,
0,6,67,
0,6,84,
0,6,98,
0,6,110,
0,6,112,
0,6,147,
0,6,152,
0,7,0,
0,7,0,
0,7,1,
0,7,8,
0,7,13,
0,7,15,
0,7,29,
0,7,31,
0,7,31,
0,7,43,
0,7,67,
0,7,103,
0,7,103,
0,8,0,
0,8,0,
0,8,1,
0,8,2,
0,8,9,
0,8,9,
0,8,13,
0,8,25,
0,8,29,
0,8,34,
0,8,40,
0,8,69,
0,8,97,
0,8,103,
0,8,125,
0,9,0,
0,9,1,
0,9,1,
0,9,1,
0,9,2,
0,9,2,
0,9,2,
0,9,26,
0,9,32,
0,9,34,
0,9,52,
0,9,74,
0,9,140,
0,10,1,
0,10,5,
0,10,12,
0,10,18,
0,10,40,
0,10,49,
0,10,61,
0,10,171,
0,11,0,
0,11,0,
0,11,0,
0,11,1,
0,11,2,
0,11,3,
0,11,3,
0,11,6,
0,11,7,
0,11,7,
0,11,20,
0,11,32,
0,11,53,
0,11,67,
0,11,100,
0,12,0,
0,12,0,
0,12,0,
0,12,2,
0,12,5,
0,12,8,
0,12,10,
0,12,38,
0,12,95,
0,12,112,
0,12,136,
0,12,141,
0,13,0,
0,13,2,
0,13,3,
0,13,6,
0,13,6,
0,13,8,
0,13,9,
0,13,23,
0,13,24,
0,13,28,
0,14,0,
0,14,0,
0,14,1,
0,14,3,
0,14,4,
0,14,13,
0,14,14,
0,14,28,
0,14,70,
0,14,110,
0,14,135,
0,14,160,
0,15,2,
0,15,8,
0,15,21,
0,15,25,
0,16,0,
0,16,0,
0,16,1,
0,16,3,
0,16,13,
0,16,19,
0,16,28,
0,16,86,
0,16,102,
0,16,157,
0,17,0,
0,17,0,
0,17,16,
0,17,17,
0,17,54,
0,17,82,
0,18,0,
0,18,0,
0,18,1,
0,18,4,
0,18,29,
0,18,111,
0,19,0,
0,19,0,
0,19,3,
0,19,8,
0,19,11,
0,19,64,
0,20,0,
0,20,2,
0,20,15,
0,20,27,
0,20,77,
0,20,78,
0,20,98,
0,21,1,
0,21,5,
0,21,12,
0,21,13,
0,21,43,
0,22,0,
0,22,1,
0,22,89,
0,23,1,
0,23,2,
0,23,3,
0,23,106,
0,24,89,
0,24,135,
0,25,4,
0,25,10,
0,25,16,
0,25,17,
0,25,26,
0,25,42,
0,25,94,
0,26,0,
0,26,0,
0,26,0,
0,26,1,
0,26,5,
0,26,7,
0,26,58,
0,26,65,
0,26,152,
0,27,3,
0,27,4,
0,27,12,
0,27,95,
0,27,132,
0,28,20,
0,28,25,
0,28,174,
0,29,3,
0,29,12,
0,29,13,
0,29,28,
0,29,94,
0,29,116,
0,29,123,
0,29,166,
0,30,2,
0,30,10,
0,30,12,
0,30,13,
0,30,25,
0,31,0,
0,31,8,
0,31,146,
0,32,3,
0,33,23,
0,33,113,
0,34,1,
0,34,2,
0,34,8,
0,34,22,
0,34,46,
0,34,48,
0,35,0,
0,35,2,
0,35,59,
0,36,2,
0,36,17,
0,37,0,
0,37,0,
0,37,2,
0,37,51,
0,38,3,
0,38,5,
0,38,8,
0,38,12,
0,38,116,
0,38,156,
0,39,0,
0,39,6,
0,39,36,
0,40,3,
0,41,3,
0,41,8,
0,42,0,
0,42,5,
0,42,14,
0,42,61,
0,42,67,
0,43,0,
0,43,3,
0,43,5,
0,44,9,
0,45,1,
0,45,10,
0,45,149,
0,46,6,
0,47,49,
0,48,0,
0,48,0,
0,48,4,
0,48,19,
0,48,24,
0,48,75,
0,49,2,
0,49,106,
0,49,176,
0,50,14,
0,50,83,
0,51,2,
0,51,99,
0,52,0,
0,52,24,
0,53,0,
0,53,13,
0,53,36,
0,53,70,
0,53,80,
0,54,0,
0,54,6,
0,54,12,
0,54,58,
0,54,170,
0,55,79,
0,56,17,
0,56,97,
0,57,0,
0,57,1,
0,57,2,
0,57,3,
0,57,7,
0,57,19,
0,57,141,
0,58,3,
0,58,3,
0,58,9,
0,58,13,
0,58,77,
0,58,141,
0,59,1,
0,59,5,
0,60,34,
0,61,2,
0,61,2,
0,61,28,
0,61,91,
0,62,5,
0,62,14,
0,62,27,
0,62,28,
0,62,102,
0,62,178,
0,63,3,
0,63,17,
0,64,1,
0,64,2,
0,64,6,
0,65,18,
0,65,65,
0,65,162,
0,67,2,
0,67,6,
0,67,158,
0,68,0,
0,68,26,
0,68,166,
0,69,1,
0,69,2,
0,69,2,
0,69,11,
0,69,24,
0,70,1,
0,70,30,
0,70,43,
0,71,0,
0,71,54,
0,71,55,
0,71,97,
0,72,0,
0,72,1,
0,72,1,
0,73,1,
0,73,6,
0,74,18,
0,74,19,
0,74,80,
0,75,0,
0,76,4,
0,77,0,
0,77,17,
0,77,85,
0,78,12,
0,78,14,
0,79,0,
0,79,38,
0,81,86,
0,82,3,
0,82,5,
0,82,11,
0,82,40,
0,82,167,
0,84,28,
0,84,44,
0,85,11,
0,86,0,
0,86,0,
0,86,13,
0,86,74,
0,87,5,
0,88,87,
0,90,12,
0,90,69,
0,91,1,
0,91,2,
0,91,41,
0,92,0,
0,93,68,
0,94,1,
0,94,150,
0,95,9,
0,96,52,
0,96,97,
0,99,90,
0,100,0,
0,100,55,
0,102,5,
0,103,1,
0,104,0,
0,104,15,
0,104,27,
0,106,1,
0,106,2,
0,106,42,
0,107,25,
0,108,57,
0,109,54,
0,110,16,
0,111,84,
0,111,98,
0,112,0,
0,112,7,
0,112,62,
0,114,96,
0,115,8,
0,117,2,
0,119,1,
0,120,11,
0,120,38,
0,122,50,
0,123,1,
0,123,39,
0,123,107,
0,124,4,
0,124,135,
0,125,2,
0,128,93,
0,129,3,
0,132,0,
0,132,0,
0,132,2,
0,133,43,
0,133,84,
0,134,7,
0,134,8,
0,134,14,
0,134,111,
0,135,1,
0,138,40,
0,139,25,
0,144,8,
0,145,9,
0,146,102,
0,148,28,
0,149,18,
0,149,100,
0,150,144,
0,151,1,
0,151,2,
0,152,0,
0,152,3,
0,154,11,
0,155,23,
0,155,34,
0,156,0,
0,159,10,
0,161,0,
0,161,1,
0,161,6,
0,163,0,
0,163,0,
0,163,4,
0,163,79,
0,164,1,
0,164,64,
0,165,2,
0,167,7,
0,167,13,
0,171,111,
0,172,114,
0,174,1,
0,176,4,
0,176,6,
0,177,16,
0,177,20,
0,179,106,
1,0,0,
1,0,0,
1,0,0,
1,0,0,
1,0,0,
1,0,1,
1,0,1,
1,0,1,
1,0,2,
1,0,3,
1,0,3,
1,0,3,
1,0,4,
1,0,4,
1,0,4,
1,0,5,
1,0,5,
1,0,5,
1,0,5,
1,0,7,
1,0,8,
1,0,8,
1,0,9,
1,0,10,
1,0,12,
1,0,13,
1,0,14,
1,0,16,
1,0,20,
1,0,21,
1,0,22,
1,0,22,
1,0,23,
1,0,28,
1,0,32,
1,0,33,
1,0,36,
1,0,38,
1,0,41,
1,0,44,
1,0,58,
1,0,75,
1,0,78,
1,0,86,
1,0,100,
1,0,104,
1,0,108,
1,0,113,
1,0,122,
1,0,124,
1,0,129,
1,0,129,
1,0,134,
1,0,164,
1,0,167,
1,0,169,
1,0,179,
1,1,0,
1,1,0,
1,1,0,
1,1,1,
1,1,2,
1,1,3,
1,1,3,
1,1,3,
1,1,4,
1,1,4,
1,1,4,
1,1,4,
1,1,5,
1,1,6,
1,1,7,
1,1,8,
1,1,8,
1,1,10,
1,1,12,
1,1,15,
1,1,15,
1,1,16,
1,1,18,
1,1,21,
1,1,21,
1,1,21,
1,1,25,
1,1,27,
1,1,34,
1,1,45,
1,1,58,
1,1,58,
1,1,77,
1,1,82,
1,1,83,
1,1,88,
1,1,106,
1,1,120,
1,1,146,
1,1,165,
1,2,0,
1,2,0,
1,2,0,
1,2,0,
1,2,0,
1,2,0,
1,2,1,
1,2,2,
1,2,3,
1,2,10,
1,2,15,
1,2,17,
1,2,20,
1,2,24,
1,2,25,
1,2,26,
1,2,29,
1,2,43,
1,2,43,
1,2,51,
1,2,61,
1,2,80,
1,2,106,
1,2,127,
1,3,0,
1,3,0,
1,3,0,
1,3,0,
1,3,0,
1,3,0,
1,3,1,
1,3,4,
1,3,6,
1,3,10,
1,3,17,
1,3,23,
1,3,25,
1,3,31,
1,3,31,
1,3,33,
1,3,53,
1,3,65,
1,3,65,
1,3,74,
1,3,86,
1,4,0,
1,4,0,
1,4,0,
1,4,0,
1,4,1,
1,4,1,
1,4,2,
1,4,4,
1,4,6,
1,4,8,
1,4,11,
1,4,12,
1,4,14,
1,4,26,
1,4,31,
1,4,44,
1,4,50,
1,4,55,
1,4,85,
1,4,105,
1,4,129,
1,5,0,
1,5,0,
1,5,0,
1,5,2,
1,5,4,
1,5,6,
1,5,15,
1,5,21,
1,5,23,
1,5,73,
1,5,88,
1,5,95,
1,6,0,
1,6,1,
1,6,3,
1,6,8,
1,6,11,
1,6,12,
1,6,12,
1,6,17,
1,6,18,
1,6,31,
1,6,31,
1,6,73,
1,7,0,
1,7,1,
1,7,3,
1,7,6,
1,7,42,
1,7,83,
1,8,1,
1,8,5,
1,8,7,
1,8,14,
1,8,18,
1,8,39,
1,8,53,
1,8,105,
1,8,107,
1,8,124,
1,9,0,
1,9,0,
1,9,1,
1,9,1,
1,9,2,
1,9,2,
1,9,8,
1,9,10,
1,9,12,
1,9,15,
1,9,18,
1,9,106,
1,9,119,
1,9,152,
1,10,0,
1,10,1,
1,10,5,
1,10,10,
1,10,11,
1,10,32,
1,10,72,
1,10,91,
1,10,151,
1,11,0,
1,11,1,
1,11,2,
1,11,5,
1,11,16,
1,11,83,
1,11,154,
1,11,167,
1,12,0,
1,12,1,
1,12,7,
1,12,10,
1,12,28,
1,12,52,
1,12,65,
1,12,99,
1,13,2,
1,13,13,
1,13,16,
1,13,18,
1,13,19,
1,13,30,
1,13,31,
1,13,68,
1,14,0,
1,14,1,
1,14,3,
1,14,31,
1,15,2,
1,15,13,
1,15,105,
1,16,0,
1,17,0,
1,17,0,
1,17,2,
1,17,2,
1,17,27,
1,17,33,
1,17,103,
1,18,1,
1,18,16,
1,18,56,
1,19,2,
1,19,58,
1,19,145,
1,19,175,
1,20,3,
1,20,28,
1,20,54,
1,21,0,
1,21,5,
1,22,1,
1,22,87,
1,23,1,
1,24,0,
1,24,32,
1,24,105,
1,25,1,
1,25,5,
1,25,11,
1,25,121,
1,26,1,
1,26,1,
1,26,8,
1,26,13,
1,26,20,
1,26,40,
1,26,95,
1,27,10,
1,27,161,
1,29,0,
1,30,1,
1,30,77,
1,32,0,
1,32,21,
1,33,12,
1,34,0,
1,34,1,
1,34,2,
1,34,3,
1,34,4,
1,34,14,
1,35,0,
1,35,50,
1,36,56,
1,37,0,
1,37,70,
1,37,159,
1,37,168,
1,38,1,
1,39,0,
1,39,1,
1,39,4,
1,39,21,
1,39,46,
1,40,0,
1,40,1,
1,40,6,
1,40,57,
1,41,9,
1,41,17,
1,42,21,
1,42,70,
1,42,100,
1,43,1,
1,43,24,
1,43,27,
1,43,35,
1,44,0,
1,44,13,
1,44,35,
1,45,0,
1,45,0,
1,45,7,
1,45,23,
1,46,0,
1,46,16,
1,46,21,
1,47,1,
1,47,1,
1,47,2,
1,47,93,
1,48,9,
1,48,70,
1,50,63,
1,51,6,
1,51,6,
1,51,21,
1,51,27,
1,52,9,
1,52,53,
1,53,0,
1,53,8,
1,53,22,
1,53,25,
1,55,13,
1,55,21,
1,57,46,
1,58,31,
1,59,0,
1,59,4,
1,59,9,
1,60,0,
1,60,0,
1,60,5,
1,60,11,
1,60,15,
1,60,65,
1,62,24,
1,62,27,
1,63,4,
1,63,54,
1,64,3,
1,64,53,
1,67,3,
1,68,1,
1,69,8,
1,70,19,
1,71,1,
1,73,2,
1,75,1,
1,75,4,
1,75,52,
1,76,3,
1,76,13,
1,76,19,
1,77,97,
1,78,71,
1,80,0,
1,81,47,
1,82,5,
1,84,4,
1,84,8,
1,86,44,
1,88,32,
1,89,1,
1,89,44,
1,92,20,
1,92,49,
1,93,1,
1,93,23,
1,95,2,
1,96,1,
1,96,2,
1,96,10,
1,96,143,
1,99,2,
1,100,53,
1,101,26,
1,102,0,
1,102,51,
1,104,16,
1,104,106,
1,109,0,
1,109,164,
1,110,8,
1,110,16,
1,110,75,
1,114,1,
1,114,2,
1,117,25,
1,118,102,
1,119,2,
1,119,32,
1,120,0,
1,121,0,
1,121,38,
1,124,16,
1,124,21,
1,126,1,
1,126,67,
1,127,13,
1,127,111,
1,128,108,
1,130,123,
1,136,76,
1,142,0,
1,142,1,
1,142,28,
1,142,43,
1,142,96,
1,144,1,
1,144,51,
1,145,3,
1,148,40,
1,149,0,
1,150,98,
1,156,2,
1,157,69,
1,160,148,
1,162,0,
1,163,3,
1,165,8,
1,167,0,
1,168,3,
1,170,5,
1,171,5,
1,172,4,
1,174,0,
1,177,0,
2,0,0,
2,0,0,
2,0,0,
2,0,0,
2,0,0,
2,0,0,
2,0,0,
2,0,0,
2,0,0,
2,0,1,
2,0,1,
2,0,1,
2,0,1,
2,0,3,
2,0,3,
2,0,3,
2,0,3,
2,0,4,
2,0,5,
2,0,5,
2,0,5,
2,0,6,
2,0,7,
2,0,8,
2,0,10,
2,0,11,
2,0,12,
2,0,13,
2,0,14,
2,0,15,
2,0,18,
2,0,19,
2,0,20,
2,0,20,
2,0,24,
2,0,28,
2,0,29,
2,0,32,
2,0,33,
2,0,37,
2,0,48,
2,0,52,
2,0,67,
2,0,68,
2,0,81,
2,0,84,
2,0,88,
2,0,89,
2,0,99,
2,0,138,
2,0,165,
2,1,0,
2,1,0,
2,1,0,
2,1,1,
2,1,1,
2,1,5,
2,1,6,
2,1,7,
2,1,8,
2,1,17,
2,1,30,
2,1,46,
2,1,74,
2,1,95,
2,1,105,
2,1,117,
2,1,136,
2,1,140,
2,1,157,
2,1,161,
2,2,0,
2,2,0,
2,2,0,
2,2,1,
2,2,1,
2,2,3,
2,2,3,
2,2,3,
2,2,3,
2,2,5,
2,2,5,
2,2,6,
2,2,9,
2,2,18,
2,2,34,
2,2,43,
2,2,63,
2,2,74,
2,2,77,
2,2,79,
2,2,93,
2,2,103,
2,3,0,
2,3,2,
2,3,2,
2,3,5,
2,3,7,
2,3,8,
2,3,11,
2,3,13,
2,3,26,
2,3,40,
2,3,68,
2,3,167,
2,3,171,
2,3,173,
2,4,0,
2,4,2,
2,4,4,
2,4,16,
2,4,18,
2,4,23,
2,4,34,
2,4,34,
2,4,44,
2,4,129,
2,4,140,
2,5,0,
2,5,1,
2,5,1,
2,5,3,
2,5,5,
2,5,5,
2,5,13,
2,5,14,
2,5,18,
2,5,37,
2,5,91,
2,5,130,
2,6,0,
2,6,1,
2,6,4,
2,6,5,
2,6,32,
2,6,49,
2,6,72,
2,6,158,
2,7,0,
2,7,4,
2,7,18,
2,7,52,
2,7,65,
2,7,96,
2,8,0,
2,8,1,
2,8,2,
2,8,25,
2,8,46,
2,8,83,
2,9,1,
2,9,15,
2,9,25,
2,9,131,
2,10,10,
2,10,47,
2,11,0,
2,11,1,
2,11,1,
2,11,4,
2,11,4,
2,12,0,
2,12,0,
2,12,87,
2,12,104,
2,13,0,
2,13,1,
2,13,2,
2,13,17,
2,13,33,
2,13,58,
2,13,87,
2,13,89,
2,14,2,
2,14,3,
2,14,9,
2,14,27,
2,14,101,
2,15,12,
2,15,21,
2,15,35,
2,16,0,
2,16,1,
2,16,19,
2,16,39,
2,16,50,
2,16,67,
2,17,0,
2,17,2,
2,17,4,
2,17,175,
2,18,7,
2,18,14,
2,18,91,
2,19,0,
2,19,8,
2,19,54,
2,19,100,
2,19,128,
2,20,0,
2,20,7,
2,21,0,
2,21,3,
2,21,19,
2,21,161,
2,22,5,
2,22,60,
2,24,55,
2,25,30,
2,27,21,
2,27,34,
2,28,18,
2,29,163,
2,30,5,
2,32,131,
2,33,11,
2,33,113,
2,34,0,
2,36,65,
2,37,2,
2,37,4,
2,37,7,
2,37,16,
2,37,49,
2,38,5,
2,40,2,
2,40,16,
2,40,16,
2,41,25,
2,42,2,
2,42,4,
2,43,81,
2,43,137,
2,46,0,
2,46,1,
2,47,6,
2,48,6,
2,49,3,
2,50,0,
2,51,0,
2,51,3,
2,52,22,
2,53,0,
2,53,2,
2,55,9,
2,58,2,
2,58,3,
2,58,7,
2,59,2,
2,59,3,
2,59,117,
2,59,131,
2,61,5,
2,63,33,
2,64,38,
2,65,4,
2,65,14,
2,69,3,
2,70,0,
2,70,8,
2,70,141,
2,71,2,
2,71,10,
2,74,37,
2,74,98,
2,76,2,
2,77,0,
2,77,3,
2,78,8,
2,80,1,
2,80,2,
2,81,0,
2,81,0,
2,81,110,
2,82,2,
2,86,12,
2,89,4,
2,90,16,
2,91,0,
2,91,7,
2,91,23,
2,92,12,
2,93,0,
2,94,2,
2,96,93,
2,98,156,
2,101,124,
2,104,0,
2,110,112,
2,111,40,
2,112,19,
2,117,9,
2,125,1,
2,125,7,
2,127,26,
2,127,133,
2,129,110,
2,131,0,
2,132,21,
2,134,12,
2,134,13,
2,136,5,
2,138,0,
2,144,7,
2,144,39,
2,146,2,
2,148,0,
2,149,0,
2,150,4,
2,154,43,
2,155,1,
2,157,27,
2,165,12,
2,167,3,
2,168,8,
2,170,15,
2,171,44,
2,173,2,
2,176,35,
2,176,44,
2,177,5,
2,178,16,
3,0,0,
3,0,0,
3,0,0,
3,0,0,
3,0,0,
3,0,0,
3,0,0,
3,0,0,
3,0,0,
3,0,0,
3,0,1,
3,0,1,
3,0,3,
3,0,3,
3,0,4,
3,0,4,
3,0,4,
3,0,8,
3,0,8,
3,0,8,
3,0,9,
3,0,10,
3,0,14,
3,0,19,
3,0,20,
3,0,27,
3,0,29,
3,0,35,
3,0,38,
3,0,44,
3,0,84,
3,0,129,
3,0,130,
3,0,142,
3,0,155,
3,0,165,
3,0,177,
3,1,0,
3,1,0,
3,1,0,
3,1,0,
3,1,4,
3,1,5,
3,1,5,
3,1,6,
3,1,6,
3,1,7,
3,1,9,
3,1,9,
3,1,11,
3,1,12,
3,1,17,
3,1,18,
3,1,19,
3,1,25,
3,1,29,
3,1,29,
3,1,54,
3,1,70,
3,1,122,
3,1,141,
3,1,160,
3,1,169,
3,1,175,
3,2,0,
3,2,0,
3,2,0,
3,2,0,
3,2,0,
3,2,0,
3,2,2,
3,2,4,
3,2,5,
3,2,9,
3,2,20,
3,2,24,
3,2,27,
3,2,38,
3,2,41,
3,2,64,
3,3,0,
3,3,1,
3,3,1,
3,3,2,
3,3,2,
3,3,3,
3,3,6,
3,3,17,
3,3,30,
3,3,32,
3,3,34,
3,3,106,
3,3,106,
3,3,174,
3,4,0,
3,4,0,
3,4,0,
3,4,1,
3,4,1,
3,4,1,
3,4,5,
3,4,6,
3,4,10,
3,4,14,
3,4,18,
3,4,19,
3,4,24,
3,4,77,
3,4,145,
3,5,2,
3,5,3,
3,5,20,
3,5,21,
3,5,33,
3,5,53,
3,5,90,
3,5,111,
3,6,0,
3,6,1,
3,6,4,
3,6,5,
3,6,7,
3,6,8,
3,6,10,
3,6,32,
3,6,50,
3,6,97,
3,7,1,
3,7,48,
3,7,48,
3,7,76,
3,7,134,
3,8,1,
3,8,1,
3,8,1,
3,8,12,
3,8,109,
3,9,23,
3,9,24,
3,9,42,
3,9,75,
3,10,2,
3,10,3,
3,10,4,
3,10,6,
3,10,10,
3,10,11,
3,10,42,
3,11,0,
3,11,5,
3,12,0,
3,12,3,
3,12,20,
3,12,29,
3,12,110,
3,13,0,
3,13,5,
3,13,9,
3,13,73,
3,13,121,
3,14,0,
3,15,1,
3,15,2,
3,15,15,
3,15,24,
3,15,102,
3,15,156,
3,16,1,
3,16,2,
3,16,11,
3,16,116,
3,17,2,
3,17,88,
3,18,86,
3,19,0,
3,19,15,
3,19,89,
3,19,171,
3,20,5,
3,21,5,
3,21,12,
3,21,37,
3,21,111,
3,22,19,
3,23,0,
3,23,10,
3,24,14,
3,25,7,
3,25,10,
3,25,67,
3,26,0,
3,26,5,
3,26,22,
3,27,21,
3,28,3,
3,28,40,
3,30,6,
3,30,63,
3,30,67,
3,31,5,
3,32,0,
3,33,0,
3,33,61,
3,33,68,
3,34,29,
3,35,0,
3,35,4,
3,35,14,
3,35,109,
3,36,2,
3,37,7,
3,40,0,
3,40,3,
3,40,38,
3,41,19,
3,42,0,
3,42,6,
3,43,73,
3,45,0,
3,45,2,
3,45,52,
3,45,61,
3,49,17,
3,50,63,
3,50,109,
3,54,94,
3,58,4,
3,59,44,
3,60,4,
3,60,8,
3,61,3,
3,65,2,
3,65,3,
3,65,13,
3,67,1,
3,72,18,
3,74,2,
3,75,138,
3,78,38,
3,82,104,
3,84,2,
3,84,65,
3,84,134,
3,87,1,
3,89,4,
3,89,7,
3,90,3,
3,90,20,
3,92,40,
3,93,97,
3,94,1,
3,96,1,
3,96,17,
3,98,82,
3,101,3,
3,103,0,
3,103,12,
3,105,8,
3,106,42,
3,109,25,
3,110,105,
3,110,128,
3,115,66,
3,118,30,
3,120,16,
3,124,1,
3,128,47,
3,130,12,
3,130,116,
3,134,3,
3,135,51,
3,139,8,
3,144,0,
3,147,10,
3,149,43,
3,151,1,
3,156,12,
3,160,0,
3,165,0,
3,166,49,
3,167,3,
3,173,0,
3,175,0,
4,0,0,
4,0,0,
4,0,0,
4,0,0,
4,0,1,
4,0,1,
4,0,1,
4,0,2,
4,0,3,
4,0,4,
4,0,4,
4,0,5,
4,0,5,
4,0,6,
4,0,10,
4,0,11,
4,0,21,
4,0,22,
4,0,23,
4,0,28,
4,0,38,
4,0,39,
4,0,41,
4,0,41,
4,0,48,
4,0,51,
4,0,53,
4,0,56,
4,0,71,
4,0,91,
4,0,102,
4,1,0,
4,1,0,
4,1,0,
4,1,1,
4,1,2,
4,1,6,
4,1,6,
4,1,8,
4,1,11,
4,1,12,
4,1,15,
4,1,23,
4,1,136,
4,2,0,
4,2,1,
4,2,1,
4,2,1,
4,2,1,
4,2,2,
4,2,3,
4,2,4,
4,2,4,
4,2,4,
4,2,14,
4,2,16,
4,2,38,
4,2,53,
4,2,65,
4,2,68,
4,2,166,
4,3,0,
4,3,3,
4,3,9,
4,3,16,
4,3,37,
4,3,51,
4,3,56,
4,3,89,
4,4,2,
4,4,3,
4,4,4,
4,4,27,
4,4,125,
4,5,0,
4,5,1,
4,5,1,
4,5,2,
4,5,3,
4,5,4,
4,5,16,
4,5,36,
4,5,179,
4,6,1,
4,6,3,
4,6,134,
4,7,12,
4,7,33,
4,7,71,
4,8,4,
4,8,6,
4,8,6,
4,8,178,
4,9,7,
4,9,129,
4,10,0,
4,10,1,
4,10,6,
4,10,112,
4,11,0,
4,11,3,
4,11,5,
4,11,13,
4,11,90,
4,12,6,
4,12,20,
4,12,43,
4,13,0,
4,13,6,
4,13,8,
4,13,9,
4,13,69,
4,14,10,
4,15,0,
4,16,7,
4,17,165,
4,18,24,
4,19,84,
4,20,3,
4,21,8,
4,22,26,
4,22,31,
4,23,3,
4,27,24,
4,28,22,
4,29,20,
4,30,153,
4,31,0,
4,33,2,
4,33,9,
4,33,49,
4,36,2,
4,36,5,
4,36,22,
4,37,0,
4,39,1,
4,40,0,
4,40,11,
4,41,79,
4,42,93,
4,42,174,
4,44,7,
4,45,1,
4,45,1,
4,45,57,
4,48,33,
4,48,36,
4,51,1,
4,51,116,
4,52,55,
4,53,28,
4,54,1,
4,56,5,
4,56,125,
4,58,0,
4,58,45,
4,60,0,
4,61,1,
4,62,3,
4,62,107,
4,67,1,
4,68,26,
4,69,15,
4,70,3,
4,74,2,
4,77,15,
4,77,46,
4,80,11,
4,80,64,
4,81,1,
4,81,61,
4,82,68,
4,84,2,
4,87,20,
4,89,159,
4,90,1,
4,92,128,
4,94,24,
4,95,11,
4,97,18,
4,99,8,
4,103,35,
4,109,117,
4,110,8,
4,113,53,
4,113,93,
4,115,33,
4,115,53,
4,123,10,
4,126,14,
4,126,17,
4,131,1,
4,138,10,
4,144,6,
4,146,54,
4,148,0,
4,150,152,
4,165,35,
4,176,0,
5,0,0,
5,0,0,
5,0,0,
5,0,0,
5,0,0,
5,0,2,
5,0,4,
5,0,7,
5,0,7,
5,0,8,
5,0,10,
5,0,15,
5,0,24,
5,0,33,
5,0,37,
5,0,60,
5,0,89,
5,0,91,
5,0,95,
5,0,113,
5,0,147,
5,0,156,
5,1,0,
5,1,1,
5,1,1,
5,1,2,
5,1,3,
5,1,4,
5,1,6,
5,1,7,
5,1,9,
5,1,10,
5,1,22,
5,1,23,
5,1,30,
5,1,30,
5,1,58,
5,1,69,
5,1,118,
5,2,0,
5,2,0,
5,2,4,
5,2,7,
5,2,21,
5,2,28,
5,2,79,
5,2,141,
5,3,11,
5,3,17,
5,3,171,
5,4,0,
5,4,1,
5,4,2,
5,4,3,
5,4,20,
5,4,89,
5,4,120,
5,5,1,
5,5,7,
5,5,107,
5,5,175,
5,6,0,
5,6,23,
5,7,0,
5,7,0,
5,7,0,
5,7,1,
5,7,6,
5,7,12,
5,7,81,
5,8,1,
5,8,17,
5,8,93,
5,9,0,
5,9,6,
5,9,38,
5,10,119,
5,10,121,
5,11,1,
5,11,27,
5,12,33,
5,14,152,
5,15,5,
5,15,73,
5,16,44,
5,16,79,
5,17,32,
5,17,35,
5,17,139,
5,18,1,
5,18,1,
5,18,2,
5,18,11,
5,18,25,
5,18,72,
5,20,1,
5,20,3,
5,20,13,
5,21,0,
5,21,1,
5,21,7,
5,21,7,
5,22,0,
5,23,49,
5,23,134,
5,23,169,
5,24,7,
5,24,18,
5,25,0,
5,25,48,
5,25,161,
5,25,163,
5,26,4,
5,26,6,
5,27,2,
5,27,8,
5,27,78,
5,28,1,
5,30,2,
5,31,158,
5,34,0,
5,34,46,
5,35,120,
5,38,0,
5,38,15,
5,44,2,
5,45,3,
5,51,1,
5,52,8,
5,52,8,
5,53,140,
5,55,2,
5,57,105,
5,57,128,
5,59,0,
5,59,1,
5,60,0,
5,60,3,
5,60,86,
5,63,28,
5,65,0,
5,67,70,
5,69,1,
5,69,3,
5,70,0,
5,72,0,
5,81,21,
5,81,113,
5,83,0,
5,86,156,
5,87,119,
5,88,22,
5,89,6,
5,91,2,
5,93,0,
5,94,39,
5,95,0,
5,96,5,
5,97,16,
5,98,6,
5,102,80,
5,103,0,
5,103,0,
5,108,17,
5,110,169,
5,112,1,
5,123,6,
5,127,1,
5,129,4,
5,142,2,
5,143,2,
5,144,4,
5,163,39,
5,172,21,
5,176,0,
6,0,0,
6,0,0,
6,0,0,
6,0,0,
6,0,0,
6,0,0,
6,0,1,
6,0,1,
6,0,2,
6,0,4,
6,0,4,
6,0,5,
6,0,10,
6,0,14,
6,0,15,
6,0,20,
6,0,22,
6,0,30,
6,0,41,
6,0,74,
6,0,142,
6,1,0,
6,1,0,
6,1,16,
6,1,17,
6,1,23,
6,1,28,
6,1,40,
6,1,45,
6,1,57,
6,1,117,
6,1,146,
6,2,0,
6,2,1,
6,2,2,
6,2,5,
6,2,6,
6,2,20,
6,2,45,
6,2,105,
6,3,1,
6,3,6,
6,3,6,
6,3,54,
6,3,153,
6,4,1,
6,4,3,
6,4,28,
6,4,39,
6,4,63,
6,4,102,
6,4,153,
6,5,0,
6,5,0,
6,5,5,
6,5,9,
6,5,12,
6,5,17,
6,5,21,
6,5,23,
6,6,1,
6,6,5,
6,6,50,
6,6,161,
6,7,42,
6,8,0,
6,8,0,
6,8,33,
6,8,167,
6,9,0,
6,9,12,
6,10,120,
6,11,20,
6,11,36,
6,11,48,
6,12,23,
6,12,119,
6,13,36,
6,14,0,
6,14,1,
6,14,2,
6,14,6,
6,15,0,
6,15,2,
6,15,6,
6,15,72,
6,17,0,
6,17,4,
6,17,6,
6,17,17,
6,18,1,
6,18,4,
6,19,0,
6,19,12,
6,20,50,
6,21,174,
6,22,1,
6,22,40,
6,23,156,
6,24,3,
6,25,0,
6,25,3,
6,26,3,
6,27,0,
6,31,6,
6,31,102,
6,32,102,
6,36,0,
6,37,45,
6,39,1,
6,39,12,
6,40,0,
6,42,5,
6,44,33,
6,47,0,
6,47,1,
6,47,52,
6,49,13,
6,50,72,
6,51,2,
6,51,163,
6,57,13,
6,57,69,
6,59,0,
6,63,168,
6,67,4,
6,69,8,
6,70,8,
6,76,7,
6,79,41,
6,81,50,
6,83,89,
6,87,43,
6,92,18,
6,92,152,
6,95,62,
6,100,5,
6,101,16,
6,108,44,
6,112,12,
6,117,89,
6,123,5,
6,124,0,
6,126,13,
6,128,0,
6,130,7,
6,130,50,
6,139,0,
6,139,15,
6,140,33,
6,141,37,
6,142,6,
6,144,3,
6,145,0,
6,147,0,
6,149,7,
6,150,62,
6,159,126,
6,162,73,
6,167,0,
6,169,0,
6,172,0,
7,0,2,
7,0,3,
7,0,4,
7,0,8,
7,0,10,
7,0,21,
7,0,36,
7,0,51,
7,0,69,
7,0,72,
7,1,0,
7,1,0,
7,1,6,
7,1,6,
7,1,20,
7,1,44,
7,1,76,
7,1,89,
7,2,1,
7,2,4,
7,2,87,
7,2,119,
7,3,0,
7,3,1,
7,3,10,
7,3,11,
7,3,23,
7,3,44,
7,3,48,
7,4,0,
7,4,8,
7,4,74,
7,4,111,
7,4,127,
7,5,0,
7,6,4,
7,6,23,
7,7,1,
7,7,10,
7,7,14,
7,7,16,
7,8,0,
7,8,27,
7,9,78,
7,10,1,
7,10,2,
7,11,0,
7,11,0,
7,11,43,
7,12,8,
7,13,0,
7,13,0,
7,13,6,
7,13,17,
7,13,107,
7,15,1,
7,15,6,
7,15,152,
7,16,0,
7,17,29,
7,17,87,
7,18,30,
7,19,0,
7,19,61,
7,20,59,
7,21,0,
7,21,2,
7,21,3,
7,22,5,
7,23,0,
7,23,73,
7,24,4,
7,24,38,
7,24,40,
7,25,9,
7,25,19,
7,27,108,
7,30,0,
7,30,1,
7,30,142,
7,31,2,
7,32,10,
7,32,45,
7,34,7,
7,34,102,
7,35,65,
7,36,10,
7,37,6,
7,38,0,
7,38,92,
7,41,2,
7,42,12,
7,42,29,
7,46,74,
7,47,0,
7,51,115,
7,52,123,
7,58,48,
7,59,128,
7,64,15,
7,66,2,
7,68,0,
7,71,52,
7,78,4,
7,80,38,
7,82,0,
7,87,148,
7,88,66,
7,89,127,
7,90,32,
7,92,50,
7,98,166,
7,100,50,
7,101,2,
7,103,113,
7,105,67,
7,112,6,
7,118,43,
7,125,7,
7,132,24,
7,135,0,
7,138,12,
7,139,61,
7,142,106,
7,149,73,
7,151,38,
7,157,98,
7,166,3,
7,169,54,
7,170,14,
7,174,20,
8,0,0,
8,0,0,
8,0,0,
8,0,2,
8,0,9,
8,0,13,
8,0,24,
8,0,36,
8,0,38,
8,0,44,
8,0,55,
8,0,66,
8,0,78,
8,0,84,
8,0,107,
8,0,109,
8,0,123,
8,0,174,
8,1,0,
8,1,0,
8,1,1,
8,1,1,
8,1,3,
8,1,10,
8,1,30,
8,1,34,
8,1,64,
8,1,66,
8,1,80,
8,1,137,
8,1,139,
8,2,0,
8,2,9,
8,2,14,
8,3,1,
8,3,2,
8,3,86,
8,3,96,
8,3,122,
8,4,0,
8,4,0,
8,4,3,
8,4,5,
8,4,123,
8,5,0,
8,5,4,
8,5,5,
8,5,55,
8,6,1,
8,6,3,
8,6,6,
8,6,98,
8,7,0,
8,7,2,
8,7,2,
8,7,10,
8,7,159,
8,9,2,
8,9,33,
8,10,1,
8,10,8,
8,10,25,
8,11,0,
8,11,42,
8,11,98,
8,12,60,
8,13,2,
8,15,6,
8,15,28,
8,16,0,
8,18,0,
8,18,5,
8,18,154,
8,19,3,
8,19,24,
8,19,163,
8,20,8,
8,20,28,
8,24,1,
8,24,13,
8,26,153,
8,28,8,
8,30,11,
8,32,64,
8,33,3,
8,33,145,
8,38,70,
8,39,1,
8,40,15,
8,45,2,
8,45,169,
8,48,2,
8,49,0,
8,53,7,
8,57,73,
8,58,29,
8,59,3,
8,59,15,
8,60,2,
8,61,0,
8,62,4,
8,71,177,
8,73,7,
8,77,3,
8,82,7,
8,83,2,
8,93,2,
8,95,3,
8,97,2,
8,99,8,
8,115,14,
8,119,35,
8,128,0,
8,130,47,
8,130,137,
8,131,55,
8,162,7,
8,165,161,
8,166,10,
8,179,67,
9,0,0,
9,0,0,
9,0,8,
9,0,14,
9,0,16,
9,0,24,
9,0,26,
9,0,28,
9,0,31,
9,0,66,
9,0,90,
9,0,107,
9,0,126,
9,0,161,
9,1,0,
9,1,1,
9,1,1,
9,1,2,
9,1,6,
9,1,14,
9,1,23,
9,1,46,
9,2,0,
9,2,0,
9,2,1,
9,2,9,
9,2,15,
9,3,0,
9,3,0,
9,3,2,
9,3,4,
9,3,84,
9,3,109,
9,3,177,
9,4,16,
9,4,35,
9,4,142,
9,5,106,
9,5,131,
9,5,171,
9,6,3,
9,6,7,
9,7,0,
9,7,2,
9,7,86,
9,8,27,
9,9,17,
9,10,23,
9,11,5,
9,11,7,
9,11,169,
9,12,26,
9,12,160,
9,13,1,
9,13,139,
9,14,24,
9,15,143,
9,16,0,
9,16,1,
9,16,12,
9,17,6,
9,18,100,
9,18,119,
9,19,0,
9,19,5,
9,19,28,
9,21,2,
9,22,15,
9,23,23,
9,24,0,
9,24,6,
9,24,105,
9,26,45,
9,27,15,
9,31,38,
9,33,33,
9,33,101,
9,35,7,
9,36,145,
9,38,25,
9,38,74,
9,39,11,
9,42,46,
9,45,0,
9,47,1,
9,55,107,
9,55,121,
9,56,0,
9,58,9,
9,62,25,
9,66,11,
9,67,9,
9,68,5,
9,71,33,
9,92,11,
9,94,53,
9,96,77,
9,97,1,
9,99,3,
9,105,2,
9,115,12,
9,126,42,
9,133,7,
9,157,9,
9,177,14,
10,0,0,
10,0,0,
10,0,0,
10,0,1,
10,0,1,
10,0,3,
10,0,5,
10,0,12,
10,0,13,
10,0,15,
10,0,16,
10,0,24,
10,0,27,
10,0,30,
10,0,35,
10,0,54,
10,0,59,
10,0,62,
10,0,66,
10,0,106,
10,0,152,
10,1,0,
10,1,0,
10,1,2,
10,1,4,
10,1,6,
10,1,18,
10,1,19,
10,1,29,
10,1,31,
10,1,32,
10,1,40,
10,1,46,
10,1,81,
10,1,95,
10,1,99,
10,1,150,
10,2,0,
10,2,0,
10,2,1,
10,2,2,
10,2,2,
10,2,6,
10,2,12,
10,2,23,
10,2,47,
10,3,0,
10,3,3,
10,3,6,
10,3,11,
10,3,22,
10,3,79,
10,3,86,
10,3,149,
10,4,0,
10,4,20,
10,5,7,
10,5,39,
10,5,51,
10,5,63,
10,5,144,
10,6,0,
10,6,33,
10,6,47,
10,7,12,
10,7,81,
10,8,1,
10,8,32,
10,8,41,
10,9,2,
10,9,4,
10,10,4,
10,10,6,
10,11,1,
10,12,3,
10,13,5,
10,14,4,
10,15,17,
10,16,6,
10,16,44,
10,16,127,
10,17,14,
10,19,11,
10,20,3,
10,20,17,
10,21,151,
10,27,0,
10,28,171,
10,29,1,
10,30,118,
10,31,0,
10,34,14,
10,36,2,
10,36,96,
10,38,0,
10,44,0,
10,44,1,
10,47,14,
10,48,136,
10,50,2,
10,55,60,
10,66,1,
10,66,114,
10,68,0,
10,68,6,
10,71,8,
10,77,31,
10,80,4,
10,81,4,
10,81,6,
10,91,0,
10,96,25,
10,98,14,
10,129,0,
10,129,26,
10,138,0,
10,140,51,
10,144,59,
10,161,102,
10,172,148,
10,174,3,
10,177,23,
11,0,0,
11,0,0,
11,0,1,
11,0,2,
11,0,3,
11,0,4,
11,0,4,
11,0,5,
11,0,7,
11,0,8,
11,0,17,
11,0,22,
11,0,22,
11,0,24,
11,0,34,
11,0,52,
11,1,1,
11,1,1,
11,1,18,
11,1,24,
11,2,0,
11,2,0,
11,2,170,
11,3,0,
11,3,0,
11,3,1,
11,3,14,
11,3,18,
11,3,83,
11,4,0,
11,5,0,
11,5,48,
11,6,4,
11,6,15,
11,8,0,
11,8,8,
11,8,172,
11,9,2,
11,9,19,
11,10,3,
11,11,1,
11,11,15,
11,12,0,
11,13,9,
11,14,0,
11,15,0,
11,16,53,
11,17,0,
11,19,0,
11,20,16,
11,20,150,
11,21,56,
11,23,56,
11,24,21,
11,25,90,
11,25,177,
11,28,70,
11,29,84,
11,30,2,
11,30,19,
11,31,6,
11,31,44,
11,33,3,
11,36,3,
11,36,115,
11,39,23,
11,39,52,
11,39,135,
11,43,3,
11,44,9,
11,52,48,
11,56,6,
11,57,40,
11,58,1,
11,63,16,
11,66,6,
11,71,11,
11,73,26,
11,75,0,
11,76,7,
11,93,23,
11,95,140,
11,96,117,
11,99,0,
11,100,0,
11,107,0,
11,116,9,
11,119,43,
11,131,1,
11,142,2,
11,154,99,
11,159,1,
11,171,94,
11,176,7,
12,0,0,
12,0,2,
12,0,2,
12,0,3,
12,0,3,
12,0,4,
12,0,6,
12,0,12,
12,0,17,
12,0,36,
12,0,138,
12,1,0,
12,1,1,
12,1,1,
12,1,96,
12,1,146,
12,1,169,
12,2,0,
12,2,2,
12,3,0,
12,3,3,
12,4,3,
12,4,124,
12,5,0,
12,5,8,
12,6,89,
12,7,0,
12,7,3,
12,7,8,
12,7,24,
12,7,128,
12,8,0,
12,8,0,
12,8,0,
12,9,0,
12,9,1,
12,10,31,
12,13,0,
12,13,13,
12,13,41,
12,14,0,
12,14,10,
12,15,1,
12,15,1,
12,15,7,
12,15,114,
12,20,13,
12,23,161,
12,26,27,
12,26,48,
12,30,31,
12,33,2,
12,37,19,
12,40,0,
12,43,28,
12,54,107,
12,57,34,
12,59,3,
12,64,7,
12,68,179,
12,70,0,
12,71,23,
12,72,54,
12,73,2,
12,75,3,
12,76,0,
12,79,9,
12,97,0,
12,99,36,
12,108,21,
12,120,104,
12,123,11,
12,125,0,
12,125,32,
12,134,7,
12,137,0,
12,149,0,
12,156,0,
12,167,0,
12,169,9,
13,0,0,
13,0,0,
13,0,0,
13,0,1,
13,0,2,
13,0,3,
13,0,4,
13,0,5,
13,0,6,
13,0,10,
13,0,14,
13,0,15,
13,0,16,
13,0,21,
13,0,24,
13,0,88,
13,0,108,
13,0,110,
13,1,0,
13,1,2,
13,1,2,
13,1,2,
13,1,7,
13,1,7,
13,1,21,
13,1,63,
13,1,78,
13,1,167,
13,2,1,
13,2,131,
13,2,160,
13,3,0,
13,3,4,
13,3,69,
13,4,1,
13,4,2,
13,4,22,
13,4,33,
13,5,61,
13,6,23,
13,6,56,
13,7,0,
13,9,27,
13,9,29,
13,10,1,
13,11,0,
13,12,24,
13,12,32,
13,12,123,
13,17,21,
13,18,0,
13,20,2,
13,20,73,
13,21,1,
13,23,6,
13,33,3,
13,34,1,
13,34,26,
13,36,137,
13,37,21,
13,39,0,
13,45,116,
13,47,5,
13,49,6,
13,59,0,
13,61,139,
13,67,108,
13,71,34,
13,88,0,
13,88,21,
13,93,0,
13,102,24,
13,110,7,
13,112,0,
13,113,8,
13,121,95,
13,122,39,
13,133,124,
13,141,26,
13,159,119,
13,171,10,
13,174,0,
14,0,2,
14,0,6,
14,0,7,
14,0,9,
14,0,9,
14,0,30,
14,0,52,
14,0,77,
14,1,2,
14,1,23,
14,1,59,
14,1,83,
14,1,85,
14,1,86,
14,1,175,
14,2,0,
14,2,1,
14,2,7,
14,2,8,
14,2,89,
14,3,1,
14,3,21,
14,4,9,
14,4,10,
14,4,158,
14,5,33,
14,5,52,
14,6,1,
14,6,11,
14,6,78,
14,6,82,
14,7,0,
14,7,3,
14,7,67,
14,8,0,
14,8,17,
14,8,41,
14,9,3,
14,9,49,
14,13,77,
14,19,49,
14,24,4,
14,26,12,
14,27,16,
14,29,1,
14,37,26,
14,39,77,
14,40,2,
14,42,13,
14,44,0,
14,47,119,
14,49,1,
14,56,5,
14,59,1,
14,62,0,
14,67,2,
14,69,7,
14,71,1,
14,74,45,
14,77,29,
14,100,9,
14,103,4,
14,105,21,
14,120,15,
14,122,3,
14,123,11,
14,127,127,
14,137,2,
14,140,1,
15,0,0,
15,0,2,
15,0,4,
15,0,28,
15,0,71,
15,1,0,
15,1,0,
15,1,0,
15,1,15,
15,1,19,
15,2,2,
15,2,16,
15,3,1,
15,4,0,
15,4,0,
15,4,3,
15,5,0,
15,8,7,
15,8,18,
15,10,2,
15,10,35,
15,11,1,
15,12,35,
15,13,2,
15,16,15,
15,23,43,
15,25,1,
15,26,1,
15,28,47,
15,29,2,
15,29,116,
15,31,67,
15,32,13,
15,33,2,
15,33,97,
15,39,2,
15,49,72,
15,50,3,
15,51,1,
15,63,0,
15,64,3,
15,64,37,
15,65,45,
15,76,128,
15,78,142,
15,83,102,
15,86,2,
15,92,16,
15,106,72,
15,107,61,
15,125,65,
15,129,7,
15,133,6,
15,141,12,
15,145,3,
15,146,0,
15,152,0,
15,152,3,
15,157,21,
15,164,4,
16,0,1,
16,0,3,
16,0,7,
16,0,8,
16,0,8,
16,0,11,
16,0,13,
16,0,27,
16,0,70,
16,0,121,
16,1,0,
16,1,3,
16,2,6,
16,2,63,
16,2,171,
16,3,4,
16,3,16,
16,4,0,
16,5,1,
16,5,19,
16,5,48,
16,7,8,
16,8,21,
16,10,41,
16,10,108,
16,11,0,
16,11,48,
16,12,26,
16,13,110,
16,14,136,
16,15,1,
16,16,34,
16,17,4,
16,22,7,
16,26,2,
16,29,1,
16,30,0,
16,33,1,
16,39,33,
16,41,6,
16,47,2,
16,51,39,
16,58,1,
16,61,0,
16,64,5,
16,69,5,
16,75,125,
16,77,27,
16,77,34,
16,77,144,
16,79,110,
16,89,45,
16,90,55,
16,95,175,
16,99,98,
16,130,15,
16,144,8,
16,175,41,
17,0,0,
17,0,0,
17,0,4,
17,0,4,
17,0,5,
17,0,20,
17,0,32,
17,1,0,
17,1,1,
17,1,3,
17,1,3,
17,1,6,
17,1,22,
17,1,50,
17,1,126,
17,2,2,
17,2,127,
17,3,23,
17,4,146,
17,5,0,
17,5,168,
17,6,3,
17,6,38,
17,7,3,
17,9,12,
17,9,39,
17,10,0,
17,11,10,
17,12,0,
17,12,0,
17,12,6,
17,19,104,
17,32,39,
17,33,3,
17,36,3,
17,36,9,
17,37,5,
17,39,6,
17,44,1,
17,46,127,
17,53,9,
17,55,127,
17,56,153,
17,58,1,
17,63,2,
17,66,0,
17,66,27,
17,70,26,
17,89,113,
17,102,54,
17,108,4,
17,111,10,
17,118,13,
17,121,16,
17,132,5,
17,144,105,
17,144,148,
17,146,23,
17,164,0,
17,166,107,
18,0,10,
18,0,12,
18,0,12,
18,0,19,
18,1,7,
18,1,84,
18,1,135,
18,2,0,
18,2,11,
18,2,91,
18,3,34,
18,4,3,
18,5,0,
18,5,2,
18,5,3,
18,5,56,
18,6,9,
18,6,94,
18,7,25,
18,8,47,
18,9,9,
18,9,11,
18,10,4,
18,10,30,
18,11,1,
18,11,2,
18,14,0,
18,16,19,
18,18,0,
18,19,0,
18,19,43,
18,19,145,
18,20,6,
18,21,34,
18,24,7,
18,24,164,
18,31,147,
18,33,81,
18,35,0,
18,51,3,
18,56,5,
18,57,155,
18,59,57,
18,77,165,
18,79,12,
18,82,68,
18,87,112,
18,114,17,
18,127,0,
18,130,147,
18,138,2,
19,0,2,
19,0,6,
19,0,7,
19,0,9,
19,0,11,
19,0,15,
19,0,35,
19,0,111,
19,0,145,
19,1,0,
19,1,6,
19,2,1,
19,2,32,
19,2,106,
19,2,135,
19,3,33,
19,3,132,
19,4,2,
19,4,2,
19,5,0,
19,5,18,
19,5,38,
19,5,51,
19,6,0,
19,6,2,
19,6,20,
19,6,31,
19,6,44,
19,7,33,
19,9,23,
19,10,1,
19,12,25,
19,13,167,
19,14,5,
19,14,151,
19,17,3,
19,19,102,
19,25,0,
19,25,56,
19,29,11,
19,31,4,
19,31,46,
19,32,0,
19,32,13,
19,34,7,
19,37,6,
19,44,4,
19,50,5,
19,51,17,
19,60,55,
19,62,2,
19,66,0,
19,66,7,
19,66,50,
19,88,4,
19,103,0,
19,103,2,
19,110,25,
19,141,44,
19,144,135,
19,155,1,
19,165,61,
19,167,2,
20,0,0,
20,0,0,
20,0,3,
20,0,5,
20,1,0,
20,1,5,
20,1,39,
20,2,6,
20,2,48,
20,2,74,
20,3,0,
20,3,19,
20,4,0,
20,4,11,
20,5,101,
20,7,2,
20,7,11,
20,8,0,
20,8,2,
20,11,33,
20,12,27,
20,12,132,
20,13,66,
20,14,4,
20,15,0,
20,18,53,
20,19,51,
20,21,106,
20,22,0,
20,26,7,
20,27,25,
20,28,43,
20,37,7,
20,38,44,
20,38,50,
20,41,11,
20,43,1,
20,47,0,
20,50,31,
20,52,10,
20,59,114,
20,66,87,
20,107,0,
20,112,8,
20,116,100,
20,119,1,
20,133,28,
20,151,32,
20,155,150,
20,161,8,
21,0,0,
21,0,7,
21,0,30,
21,1,0,
21,2,14,
21,3,4,
21,3,55,
21,4,0,
21,5,0,
21,5,34,
21,7,9,
21,7,23,
21,9,70,
21,17,4,
21,20,0,
21,20,36,
21,21,0,
21,28,0,
21,29,132,
21,31,8,
21,33,0,
21,35,4,
21,37,60,
21,39,78,
21,41,55,
21,48,0,
21,48,16,
21,57,33,
21,58,1,
21,66,14,
21,67,8,
21,75,122,
21,81,85,
21,88,4,
21,91,61,
21,91,98,
21,98,121,
21,107,6,
21,115,146,
21,124,0,
21,137,0,
22,0,0,
22,0,0,
22,0,4,
22,0,25,
22,1,16,
22,1,23,
22,1,43,
22,1,57,
22,2,0,
22,2,0,
22,2,22,
22,3,23,
22,5,1,
22,5,1,
22,5,3,
22,6,26,
22,7,22,
22,10,3,
22,12,13,
22,13,165,
22,14,0,
22,14,3,
22,14,71,
22,19,8,
22,19,156,
22,27,178,
22,29,4,
22,33,127,
22,36,0,
22,50,15,
22,58,14,
22,58,33,
22,67,21,
22,90,15,
22,101,22,
22,106,109,
22,128,2,
22,135,90,
22,146,22,
22,149,1,
23,0,0,
23,0,7,
23,0,8,
23,0,32,
23,0,51,
23,1,0,
23,1,128,
23,2,3,
23,2,3,
23,2,17,
23,2,29,
23,2,55,
23,3,1,
23,3,4,
23,3,7,
23,4,1,
23,4,168,
23,5,16,
23,8,0,
23,8,28,
23,8,30,
23,10,13,
23,12,0,
23,15,14,
23,20,15,
23,22,5,
23,25,1,
23,31,0,
23,34,12,
23,41,78,
23,45,38,
23,58,3,
23,91,3,
23,139,1,
23,165,1,
23,165,6,
23,170,154,
24,0,0,
24,0,0,
24,0,4,
24,0,19,
24,0,35,
24,0,101,
24,0,170,
24,1,20,
24,1,71,
24,2,3,
24,2,5,
24,2,97,
24,3,10,
24,4,144,
24,7,10,
24,7,12,
24,8,0,
24,9,166,
24,10,25,
24,11,34,
24,11,57,
24,12,45,
24,13,113,
24,15,0,
24,15,2,
24,16,9,
24,23,0,
24,24,13,
24,26,102,
24,27,27,
24,28,98,
24,33,87,
24,37,41,
24,40,0,
24,42,89,
24,58,3,
24,59,150,
24,69,7,
24,79,163,
24,98,79,
24,99,1,
24,101,95,
24,105,2,
24,127,7,
24,129,1,
24,161,39,
24,174,0,
25,0,6,
25,0,16,
25,0,21,
25,0,47,
25,0,51,
25,0,55,
25,1,2,
25,1,10,
25,1,11,
25,2,170,
25,3,2,
25,3,14,
25,4,2,
25,4,9,
25,5,1,
25,5,43,
25,6,48,
25,8,0,
25,8,139,
25,9,0,
25,10,6,
25,10,37,
25,12,2,
25,12,6,
25,18,30,
25,19,18,
25,20,27,
25,22,5,
25,27,29,
25,28,3,
25,28,7,
25,29,16,
25,36,59,
25,37,0,
25,47,0,
25,47,0,
25,55,2,
25,64,8,
25,64,15,
25,113,5,
25,146,3,
25,150,9,
25,150,34,
26,0,1,
26,0,1,
26,0,13,
26,0,66,
26,1,0,
26,1,10,
26,1,55,
26,1,61,
26,2,3,
26,2,34,
26,2,49,
26,2,58,
26,3,0,
26,3,136,
26,9,3,
26,10,28,
26,12,1,
26,14,67,
26,17,0,
26,17,108,
26,28,45,
26,29,6,
26,32,133,
26,40,179,
26,42,1,
26,59,126,
26,64,67,
26,64,86,
26,70,77,
26,82,0,
26,89,40,
26,134,0,
26,154,140,
27,0,0,
27,0,1,
27,0,1,
27,0,11,
27,0,74,
27,0,79,
27,1,0,
27,1,6,
27,1,44,
27,1,53,
27,2,16,
27,2,71,
27,3,2,
27,3,32,
27,5,0,
27,5,44,
27,5,55,
27,5,130,
27,6,8,
27,10,33,
27,16,57,
27,18,0,
27,19,97,
27,21,30,
27,26,127,
27,27,0,
27,33,2,
27,37,55,
27,37,78,
27,44,17,
27,56,74,
27,58,1,
27,64,15,
27,71,33,
27,81,169,
27,105,10,
27,109,112,
27,110,98,
27,129,12,
27,130,22,
27,139,44,
27,144,1,
28,0,1,
28,0,8,
28,0,25,
28,0,53,
28,0,68,
28,0,109,
28,0,138,
28,0,148,
28,1,6,
28,1,25,
28,2,0,
28,2,38,
28,2,76,
28,3,44,
28,4,39,
28,6,16,
28,8,1,
28,9,1,
28,9,27,
28,9,45,
28,14,16,
28,21,4,
28,27,0,
28,43,28,
28,53,15,
28,64,156,
28,65,0,
28,65,11,
28,66,10,
28,69,6,
28,73,0,
28,78,164,
28,79,122,
28,88,114,
28,103,50,
29,0,0,
29,0,1,
29,0,11,
29,0,16,
29,0,22,
29,0,88,
29,1,15,
29,1,98,
29,1,108,
29,2,0,
29,2,4,
29,2,5,
29,2,9,
29,2,31,
29,3,105,
29,3,131,
29,5,115,
29,8,28,
29,9,0,
29,9,0,
29,15,82,
29,17,171,
29,23,97,
29,33,22,
29,36,9,
29,38,5,
29,40,59,
29,46,20,
29,49,57,
29,50,32,
29,59,103,
29,63,14,
29,76,38,
29,102,33,
29,154,10,
30,0,0,
30,0,0,
30,0,4,
30,0,4,
30,0,118,
30,1,7,
30,1,18,
30,1,40,
30,1,82,
30,3,61,
30,4,1,
30,5,11,
30,5,19,
30,5,33,
30,5,100,
30,5,105,
30,7,143,
30,8,166,
30,11,0,
30,11,4,
30,11,31,
30,12,1,
30,12,1,
30,12,4,
30,13,9,
30,13,50,
30,17,2,
30,19,1,
30,32,1,
30,38,40,
30,42,63,
30,42,91,
30,49,51,
30,49,75,
30,50,13,
30,69,1,
30,89,4,
30,90,11,
30,114,21,
30,116,1,
30,175,3,
31,0,1,
31,0,5,
31,0,5,
31,0,55,
31,1,2,
31,2,54,
31,3,0,
31,3,0,
31,3,2,
31,3,53,
31,3,128,
31,4,6,
31,4,21,
31,5,7,
31,5,30,
31,5,43,
31,11,162,
31,13,58,
31,17,7,
31,34,13,
31,36,0,
31,36,44,
31,38,2,
31,40,46,
31,41,93,
31,44,72,
31,51,2,
31,51,3,
31,71,15,
31,106,15,
31,117,23,
31,148,17,
32,0,0,
32,0,4,
32,0,13,
32,1,0,
32,1,42,
32,2,0,
32,2,1,
32,2,11,
32,3,2,
32,4,7,
32,5,12,
32,6,22,
32,6,127,
32,8,0,
32,10,10,
32,11,2,
32,11,36,
32,13,3,
32,13,27,
32,14,43,
32,19,18,
32,21,33,
32,26,38,
32,27,66,
32,36,1,
32,37,1,
32,46,58,
32,54,0,
32,70,17,
32,75,94,
32,77,46,
32,82,0,
32,106,59,
32,117,8,
32,158,2,
33,0,0,
33,0,5,
33,0,9,
33,0,12,
33,0,48,
33,0,98,
33,1,2,
33,1,9,
33,1,58,
33,2,0,
33,2,95,
33,4,1,
33,4,21,
33,4,39,
33,5,6,
33,5,40,
33,6,7,
33,10,2,
33,10,42,
33,11,3,
33,13,165,
33,16,128,
33,18,0,
33,18,37,
33,25,0,
33,25,18,
33,25,20,
33,26,9,
33,28,29,
33,32,103,
33,34,1,
33,50,31,
33,53,134,
33,59,3,
33,69,6,
33,84,9,
33,87,89,
33,91,5,
33,94,3,
33,100,152,
33,112,10,
33,158,112,
34,0,0,
34,0,0,
34,0,7,
34,0,9,
34,0,13,
34,0,112,
34,1,26,
34,1,27,
34,1,56,
34,2,0,
34,3,37,
34,4,4,
34,11,18,
34,15,0,
34,15,11,
34,33,0,
34,38,13,
34,71,82,
34,73,26,
34,77,2,
34,78,17,
34,148,73,
35,0,0,
35,0,1,
35,0,2,
35,0,23,
35,0,23,
35,0,28,
35,1,0,
35,1,1,
35,1,4,
35,1,5,
35,2,31,
35,3,43,
35,5,57,
35,6,136,
35,8,28,
35,9,0,
35,11,1,
35,13,1,
35,20,155,
35,23,4,
35,38,93,
35,40,41,
35,49,13,
35,51,55,
35,59,0,
35,59,148,
35,62,13,
35,63,62,
35,72,0,
35,116,3,
35,122,11,
35,130,0,
35,143,120,
35,150,6,
35,152,19,
36,0,18,
36,1,8,
36,1,31,
36,2,1,
36,2,27,
36,6,1,
36,7,117,
36,8,20,
36,8,135,
36,11,166,
36,12,0,
36,12,4,
36,13,1,
36,13,11,
36,14,7,
36,19,12,
36,32,1,
36,40,1,
36,42,0,
36,42,1,
36,48,1,
36,81,1,
36,85,2,
36,105,1,
37,1,8,
37,2,4,
37,2,15,
37,2,25,
37,3,39,
37,8,1,
37,8,6,
37,9,5,
37,12,1,
37,12,71,
37,14,1,
37,14,16,
37,22,5,
37,22,128,
37,27,2,
37,40,5,
37,40,14,
37,43,72,
37,45,2,
37,46,5,
37,46,5,
37,49,11,
37,56,5,
37,64,69,
37,82,17,
37,97,2,
37,110,1,
37,136,17,
37,139,4,
38,0,2,
38,0,27,
38,0,36,
38,0,114,
38,1,3,
38,1,18,
38,2,1,
38,3,36,
38,5,65,
38,7,0,
38,8,2,
38,8,10,
38,12,0,
38,14,3,
38,14,140,
38,22,47,
38,25,4,
38,28,44,
38,55,0,
38,72,31,
38,93,31,
38,94,6,
38,104,86,
38,118,3,
38,120,3,
38,146,43,
39,0,15,
39,0,42,
39,0,129,
39,1,3,
39,1,74,
39,6,36,
39,7,164,
39,9,6,
39,14,177,
39,15,0,
39,15,28,
39,15,49,
39,39,2,
39,45,20,
39,49,41,
39,50,136,
39,52,13,
39,63,51,
39,64,78,
39,65,0,
39,70,4,
39,72,110,
39,84,153,
39,89,71,
40,0,97,
40,1,13,
40,1,28,
40,1,74,
40,1,113,
40,1,129,
40,1,175,
40,2,169,
40,3,11,
40,5,174,
40,6,52,
40,7,1,
40,7,69,
40,11,0,
40,12,47,
40,14,1,
40,24,0,
40,28,7,
40,30,125,
40,31,3,
40,33,0,
40,44,9,
40,52,169,
40,64,9,
40,85,31,
40,137,5,
40,177,0,
41,0,1,
41,0,7,
41,0,8,
41,0,16,
41,1,24,
41,4,0,
41,4,5,
41,6,0,
41,7,26,
41,13,0,
41,16,1,
41,20,2,
41,20,23,
41,26,4,
41,59,4,
41,66,8,
41,72,2,
41,76,1,
41,85,3,
41,120,1,
41,138,90,
41,153,9,
42,0,0,
42,0,0,
42,0,1,
42,0,10,
42,0,15,
42,0,99,
42,1,1,
42,1,14,
42,2,14,
42,2,25,
42,3,6,
42,5,42,
42,13,130,
42,24,41,
42,32,2,
42,43,1,
42,73,17,
42,74,11,
42,82,5,
42,88,15,
43,0,0,
43,0,23,
43,1,2,
43,1,46,
43,2,158,
43,3,18,
43,3,156,
43,11,1,
43,15,78,
43,17,5,
43,26,46,
43,31,42,
43,42,11,
43,45,117,
43,58,5,
43,66,7,
43,79,3,
44,0,1,
44,0,1,
44,0,22,
44,1,1,
44,3,10,
44,3,36,
44,11,2,
44,14,16,
44,15,19,
44,23,9,
44,25,0,
44,25,1,
44,25,7,
44,38,42,
44,50,56,
44,62,166,
44,130,1,
45,0,5,
45,0,17,
45,0,62,
45,1,0,
45,1,0,
45,1,93,
45,2,5,
45,2,9,
45,5,58,
45,8,19,
45,10,0,
45,18,80,
45,20,10,
45,20,18,
45,21,0,
45,24,26,
45,25,106,
45,39,75,
45,54,0,
45,85,27,
45,145,12,
46,0,0,
46,0,1,
46,1,0,
46,1,32,
46,3,20,
46,4,2,
46,4,43,
46,5,9,
46,10,2,
46,11,0,
46,11,33,
46,31,3,
46,35,6,
46,36,3,
46,77,4,
46,86,3,
46,90,8,
47,0,1,
47,0,26,
47,0,39,
47,2,4,
47,3,48,
47,3,137,
47,6,42,
47,11,29,
47,12,0,
47,13,0,
47,21,0,
47,29,124,
47,34,0,
47,36,37,
47,42,4,
47,53,44,
47,63,132,
47,64,23,
47,70,3,
47,92,5,
47,112,121,
48,0,0,
48,0,56,
48,0,83,
48,1,4,
48,1,104,
48,2,1,
48,3,4,
48,3,7,
48,5,0,
48,5,5,
48,5,10,
48,10,5,
48,15,0,
48,31,2,
48,36,0,
48,152,2,
48,161,21,
49,0,4,
49,0,14,
49,0,30,
49,0,32,
49,0,96,
49,1,45,
49,2,0,
49,2,10,
49,3,7,
49,5,37,
49,6,51,
49,7,140,
49,10,0,
49,10,5,
49,15,1,
49,15,11,
49,16,169,
49,26,0,
49,35,49,
49,39,2,
49,42,3,
49,55,1,
49,55,27,
49,67,8,
49,70,15,
49,72,6,
49,81,12,
49,85,47,
50,0,0,
50,0,107,
50,1,0,
50,2,178,
50,5,158,
50,6,17,
50,7,122,
50,11,160,
50,14,129,
50,18,72,
50,20,4,
50,22,22,
50,24,12,
50,24,17,
50,24,36,
50,31,5,
50,32,2,
50,71,18,
50,94,13,
50,102,0,
50,141,116,
51,0,0,
51,0,51,
51,0,136,
51,1,0,
51,1,2,
51,1,25,
51,1,70,
51,1,165,
51,2,98,
51,5,6,
51,5,14,
51,6,86,
51,14,33,
51,16,7,
51,17,7,
51,20,1,
51,25,52,
51,27,14,
51,37,97,
51,42,24,
51,46,40,
51,47,3,
51,66,8,
51,72,6,
51,84,6,
51,99,115,
51,109,38,
51,128,3,
51,140,4,
51,170,10,
51,172,162,
51,173,130,
52,0,4,
52,0,20,
52,0,35,
52,0,76,
52,1,1,
52,2,53,
52,4,0,
52,5,11,
52,7,5,
52,9,25,
52,10,0,
52,10,13,
52,12,10,
52,13,0,
52,15,2,
52,20,46,
52,27,2,
52,29,23,
52,33,2,
52,48,1,
52,48,95,
52,59,4,
52,127,12,
52,137,10,
52,155,25,
53,0,2,
53,0,12,
53,0,18,
53,0,22,
53,0,44,
53,1,6,
53,2,61,
53,3,4,
53,3,21,
53,4,19,
53,5,0,
53,5,7,
53,6,12,
53,7,9,
53,7,125,
53,12,41,
53,13,51,
53,17,17,
53,17,49,
53,22,45,
53,43,1,
53,63,121,
53,81,9,
53,83,0,
54,0,29,
54,1,0,
54,1,3,
54,2,36,
54,4,131,
54,22,88,
54,42,58,
54,63,1,
54,65,2,
54,76,8,
54,77,5,
54,145,151,
55,0,0,
55,0,4,
55,1,1,
55,1,1,
55,1,11,
55,1,159,
55,2,1,
55,2,26,
55,4,4,
55,5,0,
55,7,7,
55,12,17,
55,13,12,
55,16,0,
55,21,1,
55,21,48,
55,24,75,
55,36,0,
55,39,107,
55,41,0,
55,47,35,
55,48,11,
55,50,15,
55,53,21,
55,60,1,
55,73,2,
55,113,77,
55,130,0,
56,0,0,
56,0,0,
56,0,1,
56,0,8,
56,0,49,
56,1,8,
56,2,0,
56,3,2,
56,4,2,
56,6,1,
56,6,142,
56,7,3,
56,7,37,
56,9,6,
56,9,24,
56,14,42,
56,18,109,
56,29,2,
56,31,23,
56,56,48,
56,69,35,
56,90,43,
56,94,0,
56,102,27,
56,109,10,
56,145,47,
57,0,0,
57,0,22,
57,0,28,
57,0,106,
57,0,153,
57,1,1,
57,1,9,
57,1,51,
57,3,5,
57,4,19,
57,6,7,
57,11,4,
57,15,25,
57,22,38,
57,28,170,
57,39,2,
57,59,17,
57,85,139,
57,120,97,
58,0,0,
58,0,5,
58,1,32,
58,1,69,
58,2,14,
58,3,27,
58,3,96,
58,7,1,
58,7,3,
58,7,5,
58,10,1,
58,11,157,
58,38,1,
58,40,2,
58,48,6,
58,80,28,
58,105,153,
58,106,88,
58,108,0,
59,0,27,
59,0,41,
59,0,60,
59,1,4,
59,1,28,
59,2,65,
59,3,2,
59,3,5,
59,4,1,
59,4,27,
59,5,3,
59,6,64,
59,12,40,
59,20,1,
59,21,8,
59,23,47,
59,36,0,
59,37,88,
59,40,10,
59,46,14,
59,88,28,
59,131,2,
59,170,37,
59,170,37,
59,174,0,
60,0,0,
60,0,1,
60,0,15,
60,1,0,
60,1,15,
60,2,35,
60,3,56,
60,6,2,
60,7,2,
60,8,83,
60,12,11,
60,15,30,
60,22,0,
60,29,2,
60,43,4,
60,44,2,
60,46,8,
60,47,0,
60,47,93,
60,48,2,
60,59,67,
61,0,166,
61,2,4,
61,2,15,
61,2,51,
61,3,0,
61,7,40,
61,8,7,
61,12,154,
61,14,0,
61,21,40,
61,21,46,
61,24,0,
61,24,4,
61,37,34,
61,85,1,
61,122,2,
62,0,0,
62,0,0,
62,0,1,
62,0,6,
62,0,28,
62,0,80,
62,1,1,
62,1,46,
62,2,2,
62,3,12,
62,3,71,
62,5,4,
62,5,45,
62,6,0,
62,7,8,
62,8,0,
62,13,12,
62,35,170,
62,55,2,
62,81,0,
63,0,9,
63,1,0,
63,1,2,
63,1,82,
63,2,3,
63,3,25,
63,6,14,
63,9,89,
63,16,1,
63,19,11,
63,31,3,
63,37,6,
63,108,153,
63,130,47,
64,0,1,
64,0,50,
64,3,29,
64,10,25,
64,20,65,
64,98,12,
64,101,0,
64,174,152,
65,0,43,
65,0,86,
65,2,12,
65,5,55,
65,7,2,
65,21,29,
65,26,67,
65,37,12,
65,105,0,
65,146,114,
66,0,11,
66,0,115,
66,1,8,
66,2,10,
66,2,34,
66,3,1,
66,3,4,
66,5,0,
66,5,19,
66,6,36,
66,6,98,
66,10,17,
66,11,129,
66,17,1,
66,20,175,
66,21,0,
66,25,92,
66,27,0,
66,32,2,
66,41,67,
66,66,2,
66,135,0,
67,0,2,
67,0,118,
67,1,9,
67,1,93,
67,3,14,
67,6,146,
67,9,3,
67,19,27,
67,50,5,
67,61,2,
67,77,106,
67,139,20,
68,0,0,
68,2,35,
68,4,152,
68,6,21,
68,6,73,
68,6,145,
68,8,0,
68,9,2,
68,18,2,
68,18,9,
68,21,0,
68,26,2,
68,27,0,
68,34,13,
68,51,59,
68,86,0,
68,177,167,
69,0,0,
69,0,8,
69,0,16,
69,0,86,
69,1,7,
69,1,129,
69,3,11,
69,4,13,
69,6,9,
69,6,24,
69,6,176,
69,10,3,
69,12,158,
69,16,82,
69,23,0,
69,24,53,
69,27,3,
69,42,12,
69,85,14,
70,0,5,
70,0,25,
70,0,56,
70,0,113,
70,0,128,
70,3,0,
70,6,171,
70,13,1,
70,25,5,
70,44,0,
70,61,8,
70,61,11,
70,151,14,
71,0,2,
71,0,127,
71,1,9,
71,1,11,
71,6,6,
71,9,0,
71,9,12,
71,11,1,
71,11,55,
71,26,155,
71,31,50,
71,34,2,
71,36,98,
71,68,1,
71,103,9,
71,120,2,
71,156,0,
72,0,50,
72,1,68,
72,2,21,
72,12,125,
72,13,6,
72,13,6,
72,21,1,
72,26,8,
72,32,79,
72,49,2,
72,57,97,
72,70,150,
72,85,65,
72,161,4,
73,0,1,
73,1,136,
73,3,18,
73,8,3,
73,9,4,
73,10,78,
73,18,148,
73,20,7,
73,25,7,
73,45,105,
73,55,0,
73,63,0,
73,72,2,
73,100,2,
73,106,84,
73,119,31,
73,130,10,
73,132,90,
73,136,0,
74,0,72,
74,1,175,
74,3,110,
74,4,17,
74,8,39,
74,9,153,
74,10,4,
74,10,84,
74,23,1,
74,27,141,
74,33,58,
74,34,5,
74,57,2,
74,59,0,
74,74,11,
75,0,0,
75,1,85,
75,2,16,
75,2,60,
75,7,2,
75,8,8,
75,11,1,
75,18,27,
75,36,24,
75,66,6,
75,97,48,
75,114,9,
75,154,26,
76,0,10,
76,0,11,
76,4,0,
76,4,0,
76,14,81,
76,15,0,
76,20,69,
76,26,4,
76,34,32,
76,53,0,
77,0,43,
77,2,0,
77,2,114,
77,3,3,
77,5,1,
77,12,17,
77,17,9,
77,18,30,
77,20,1,
77,23,8,
77,31,1,
77,171,124,
78,0,16,
78,1,139,
78,5,3,
78,9,3,
78,9,11,
78,16,1,
78,18,0,
78,32,1,
78,42,0,
78,53,0,
78,78,17,
79,0,1,
79,0,27,
79,2,14,
79,4,79,
79,14,9,
79,17,0,
79,26,0,
79,35,8,
79,51,4,
79,53,115,
79,83,3,
79,110,83,
79,115,19,
79,119,0,
79,120,3,
79,120,38,
80,0,15,
80,1,1,
80,1,65,
80,1,87,
80,1,144,
80,2,1,
80,31,5,
80,38,85,
80,107,12,
81,0,1,
81,0,16,
81,0,66,
81,1,0,
81,1,0,
81,3,10,
81,4,1,
81,5,2,
81,7,15,
81,35,125,
81,41,11,
81,53,3,
81,172,16,
82,0,10,
82,1,4,
82,2,10,
82,3,1,
82,9,2,
82,14,122,
82,17,20,
82,21,4,
82,43,37,
82,143,25,
82,158,11,
83,0,3,
83,1,24,
83,1,43,
83,2,1,
83,2,174,
83,3,59,
83,9,102,
83,13,9,
83,16,9,
83,24,72,
83,29,0,
83,29,161,
83,65,39,
84,0,3,
84,0,6,
84,1,17,
84,3,0,
84,3,4,
84,4,4,
84,4,21,
84,11,23,
84,13,3,
84,24,1,
84,55,32,
84,106,0,
84,125,0,
85,0,7,
85,0,96,
85,1,0,
85,1,5,
85,2,0,
85,4,9,
85,4,172,
85,5,0,
85,5,6,
85,7,4,
85,11,19,
85,13,0,
85,16,9,
85,17,2,
85,96,0,
85,98,2,
85,109,47,
86,0,38,
86,1,9,
86,1,30,
86,2,0,
86,3,15,
86,6,15,
86,19,0,
86,19,6,
86,19,50,
86,22,12,
86,23,4,
86,49,56,
86,65,37,
86,95,31,
86,97,9,
86,105,3,
86,109,34,
87,0,0,
87,0,11,
87,0,40,
87,1,1,
87,2,8,
87,3,1,
87,6,4,
87,7,2,
87,9,4,
87,13,2,
87,17,19,
87,29,107,
87,32,25,
87,46,1,
87,61,1,
87,66,24,
87,141,177,
88,0,40,
88,1,0,
88,2,32,
88,5,11,
88,7,16,
88,8,0,
88,9,25,
88,11,1,
88,29,3,
88,37,3,
88,38,10,
89,0,0,
89,0,6,
89,0,69,
89,1,0,
89,1,9,
89,3,0,
89,3,6,
89,5,3,
89,5,79,
89,8,1,
89,8,89,
89,16,53,
89,20,17,
89,23,47,
89,33,5,
89,80,122,
89,101,112,
90,1,18,
90,1,35,
90,2,0,
90,2,78,
90,2,106,
90,45,1,
90,51,44,
90,146,0,
91,0,0,
91,0,1,
91,0,33,
91,3,33,
91,6,12,
91,7,75,
91,23,37,
91,37,4,
91,44,0,
91,46,76,
91,53,2,
91,69,178,
92,0,3,
92,2,6,
92,7,22,
92,9,3,
92,50,0,
93,2,0,
93,5,1,
93,9,61,
93,16,63,
93,18,0,
93,19,3,
93,22,17,
93,30,32,
94,1,3,
94,2,26,
94,2,43,
94,5,1,
94,7,3,
94,10,1,
94,20,0,
94,26,50,
94,31,31,
94,35,0,
94,41,2,
94,50,44,
94,71,51,
95,0,34,
95,1,5,
95,1,18,
95,3,5,
95,6,1,
95,21,123,
95,23,43,
95,34,11,
95,35,1,
95,38,56,
95,56,0,
95,104,1,
95,104,42,
95,142,0,
96,0,0,
96,0,2,
96,0,47,
96,1,17,
96,1,24,
96,1,65,
96,3,170,
96,4,1,
96,7,17,
96,7,99,
96,13,7,
96,25,1,
96,29,1,
96,31,6,
97,1,35,
97,5,2,
97,23,4,
97,82,150,
97,83,165,
97,117,8,
97,124,45,
97,141,2,
98,0,8,
98,1,0,
98,1,5,
98,2,2,
98,2,89,
98,6,12,
98,8,15,
98,12,77,
98,22,2,
98,23,46,
98,33,58,
98,36,1,
98,153,0,
99,1,2,
99,2,24,
99,5,111,
99,15,63,
99,69,67,
99,84,33,
100,0,60,
100,0,109,
100,1,8,
100,2,32,
100,2,111,
100,3,1,
100,4,19,
100,5,0,
100,5,14,
100,7,2,
100,11,5,
100,43,0,
100,60,135,
100,77,9,
101,1,95,
101,2,11,
101,9,37,
101,24,5,
101,26,74,
101,38,6,
101,45,5,
101,69,2,
101,98,0,
102,0,140,
102,6,43,
102,7,119,
102,13,104,
102,18,26,
102,40,41,
102,108,66,
102,146,1,
103,0,0,
103,1,11,
103,1,18,
103,2,35,
103,3,0,
103,5,17,
103,9,108,
103,21,115,
103,33,39,
103,39,16,
103,43,1,
103,110,21,
103,152,170,
104,0,57,
104,0,109,
104,2,20,
104,3,1,
104,5,0,
104,18,33,
104,79,0,
104,112,2,
104,117,91,
105,0,0,
105,0,4,
105,3,56,
105,15,39,
105,18,51,
105,26,18,
105,49,9,
105,55,124,
105,91,2,
105,131,3,
105,138,57,
106,0,88,
106,1,5,
106,2,5,
106,4,1,
106,5,36,
106,5,85,
106,6,140,
106,7,1,
106,22,9,
107,1,0,
107,1,55,
107,9,19,
107,10,67,
107,14,3,
107,44,0,
107,109,0,
108,0,14,
108,5,3,
108,16,21,
108,21,0,
108,38,26,
108,40,3,
108,87,44,
109,0,1,
109,0,16,
109,3,14,
109,9,21,
109,12,0,
109,107,53,
109,145,17,
110,0,0,
110,0,0,
110,2,4,
110,2,16,
110,3,0,
110,3,14,
110,3,74,
110,8,8,
110,20,105,
110,43,3,
110,159,0,
111,0,6,
111,1,4,
111,3,2,
111,3,41,
111,7,65,
111,20,3,
111,22,17,
111,59,154,
112,0,108,
112,1,6,
112,1,41,
112,2,0,
112,3,67,
112,56,7,
112,74,65,
112,94,6,
113,1,16,
113,2,1,
113,2,178,
113,5,172,
113,10,20,
113,22,67,
113,47,163,
113,56,13,
113,70,6,
113,96,33,
113,120,65,
113,155,13,
114,0,0,
114,0,0,
114,1,0,
114,4,0,
114,5,3,
114,13,2,
114,28,85,
114,118,126,
114,126,10,
115,0,23,
115,2,0,
115,3,1,
115,3,4,
115,3,7,
115,10,0,
115,17,85,
115,22,58,
115,31,83,
115,38,2,
115,47,4,
115,68,4,
115,78,61,
115,123,94,
115,146,0,
116,0,65,
116,1,0,
116,1,2,
116,1,9,
116,1,46,
116,2,177,
116,6,4,
116,7,95,
116,13,176,
116,18,68,
116,21,19,
116,112,0,
116,118,22,
117,0,1,
117,0,3,
117,0,3,
117,1,66,
117,4,7,
117,7,2,
117,13,34,
117,17,7,
117,23,45,
117,27,1,
117,47,152,
117,62,9,
117,75,8,
117,94,134,
117,149,49,
118,5,148,
118,8,63,
118,14,0,
118,18,4,
118,29,0,
118,46,4,
118,58,8,
119,1,0,
119,1,55,
119,9,101,
119,27,45,
119,71,1,
119,72,3,
119,103,0,
119,106,1,
119,159,1,
120,0,47,
120,1,38,
120,3,1,
120,20,14,
120,30,7,
120,41,0,
120,84,12,
121,0,1,
121,0,1,
121,1,0,
121,1,68,
121,1,151,
121,2,1,
121,15,6,
121,28,46,
121,76,56,
121,82,3,
121,106,8,
122,2,0,
122,3,5,
122,10,3,
122,40,0,
122,45,17,
122,144,54,
123,0,9,
123,1,2,
123,3,18,
123,4,11,
123,5,4,
123,33,9,
123,45,80,
123,59,2,
123,69,66,
123,177,5,
124,1,9,
124,5,20,
124,9,9,
124,18,83,
124,28,0,
124,67,14,
124,82,30,
124,136,15,
125,0,149,
125,4,1,
125,5,4,
125,8,39,
125,33,6,
125,37,11,
126,0,0,
126,4,0,
126,4,3,
126,5,0,
126,10,85,
126,18,7,
126,30,0,
126,124,175,
127,0,65,
127,0,137,
127,1,0,
127,1,23,
127,2,35,
127,2,58,
127,3,166,
127,7,23,
127,16,9,
127,17,5,
127,22,129,
127,26,4,
127,41,22,
127,112,5,
128,0,8,
128,0,21,
128,2,1,
128,10,16,
128,19,0,
128,41,1,
128,52,86,
128,59,95,
128,71,8,
129,1,13,
129,14,3,
129,28,41,
129,39,1,
129,81,5,
129,98,100,
129,122,12,
130,0,117,
130,1,42,
130,1,172,
130,2,110,
130,3,63,
130,4,29,
130,6,41,
130,29,3,
130,140,9,
131,0,10,
131,0,66,
131,2,0,
131,3,1,
131,3,22,
131,4,1,
131,4,4,
131,13,53,
131,13,62,
131,14,2,
131,18,22,
131,31,5,
131,32,1,
131,33,22,
131,45,0,
131,46,3,
131,80,0,
131,163,42,
132,0,11,
132,0,40,
132,0,102,
132,1,0,
132,1,7,
132,1,12,
132,1,38,
132,2,2,
132,5,9,
132,9,5,
132,17,58,
132,20,6,
132,33,66,
132,72,5,
133,4,3,
133,5,153,
133,8,0,
133,11,0,
133,45,2,
134,0,16,
134,15,7,
134,15,9,
134,18,106,
134,35,1,
134,38,8,
134,88,7,
134,96,3,
134,110,13,
135,1,8,
135,5,54,
135,10,66,
135,23,50,
135,39,25,
135,42,2,
135,126,41,
136,0,30,
136,1,0,
136,1,125,
136,2,5,
136,2,7,
136,4,11,
136,25,0,
136,29,4,
136,30,7,
136,148,50,
137,0,66,
137,1,0,
137,1,20,
137,3,13,
137,71,78,
137,91,7,
138,0,0,
138,2,6,
138,3,0,
138,5,1,
138,11,62,
138,35,1,
138,50,3,
138,62,15,
138,70,9,
139,1,10,
139,16,101,
139,17,41,
139,169,6,
140,0,4,
140,0,51,
140,5,7,
140,5,13,
140,21,1,
140,27,1,
140,58,1,
140,62,3,
140,72,73,
140,78,1,
140,110,4,
141,1,139,
141,2,24,
141,3,6,
141,14,10,
141,15,6,
141,18,23,
141,27,57,
142,1,60,
142,2,5,
142,51,0,
142,81,42,
142,101,160,
142,110,2,
142,131,39,
142,150,1,
143,0,2,
143,21,40,
143,34,90,
143,39,8,
143,39,167,
143,150,0,
144,9,56,
144,48,10,
144,79,6,
144,110,3,
144,114,17,
144,126,6,
144,155,3,
145,0,102,
145,1,5,
145,3,3,
145,4,24,
145,5,78,
145,8,0,
145,9,1,
145,9,25,
145,12,0,
145,29,6,
145,34,43,
145,109,41,
145,122,5,
145,166,100,
146,0,3,
146,0,9,
146,5,122,
146,7,0,
146,11,0,
146,42,1,
146,57,1,
146,70,51,
146,116,25,
146,125,1,
147,2,70,
147,14,11,
147,20,45,
147,30,3,
147,39,1,
147,47,0,
147,96,9,
148,0,9,
148,0,90,
148,2,3,
148,2,6,
148,7,0,
148,9,1,
148,11,20,
148,31,84,
149,0,112,
149,1,23,
149,4,62,
149,15,81,
149,23,20,
149,26,161,
149,28,22,
149,63,1,
149,67,143,
149,76,0,
149,155,14,
150,0,0,
150,0,5,
150,2,5,
150,6,151,
150,14,23,
150,59,0,
151,0,3,
151,0,167,
151,1,0,
151,1,2,
151,1,102,
151,3,0,
151,40,15,
151,44,35,
151,56,0,
152,1,3,
152,2,3,
152,40,2,
152,45,155,
152,48,9,
153,0,121,
153,4,21,
153,12,0,
153,25,5,
153,55,50,
153,70,5,
153,110,162,
154,1,0,
154,1,0,
154,1,4,
154,1,26,
154,4,77,
154,19,19,
154,40,125,
154,102,0,
154,103,62,
154,130,11,
155,2,4,
155,6,177,
155,7,142,
155,16,0,
155,82,2,
155,97,51,
155,97,132,
156,0,0,
156,1,16,
156,1,136,
156,5,10,
156,5,19,
156,10,2,
156,10,3,
156,11,0,
156,11,48,
156,12,1,
156,16,7,
156,104,37,
157,0,1,
157,1,1,
157,50,4,
157,74,100,
157,123,14,
158,1,13,
158,2,14,
158,5,1,
158,5,157,
158,17,91,
158,21,1,
158,49,30,
159,25,41,
159,35,4,
159,42,4,
159,82,10,
159,147,23,
159,165,65,
160,0,3,
160,3,73,
160,4,64,
160,5,157,
160,9,40,
160,22,83,
160,29,1,
160,41,1,
160,47,137,
160,52,95,
160,62,64,
161,0,31,
161,2,0,
161,4,14,
161,9,1,
161,31,8,
161,37,15,
161,79,49,
161,156,2,
162,1,26,
162,9,66,
162,18,0,
162,60,45,
162,114,100,
163,0,109,
163,1,17,
163,4,118,
163,81,22,
164,0,0,
164,0,27,
164,3,1,
164,4,8,
164,7,3,
164,15,0,
164,39,138,
164,55,0,
164,132,27,
164,141,32,
165,0,2,
165,0,6,
165,0,104,
165,2,5,
165,10,6,
165,54,74,
165,56,3,
165,129,28,
166,1,3,
166,1,8,
166,2,3,
166,5,11,
166,9,7,
166,10,84,
166,37,21,
166,42,168,
166,53,1,
167,0,2,
167,8,3,
167,18,7,
167,27,4,
168,1,0,
168,5,0,
168,65,3,
168,78,2,
168,116,3,
168,129,0,
169,0,1,
169,8,102,
169,11,10,
169,12,0,
169,26,0,
169,72,46,
169,101,170,
169,125,9,
169,146,133,
169,177,2,
170,0,5,
170,0,9,
170,5,6,
170,12,111,
170,14,57,
170,33,149,
170,110,0,
170,129,113,
171,4,105,
171,11,37,
171,39,55,
171,46,7,
172,0,31,
172,1,84,
172,12,82,
172,31,7,
172,74,4,
172,153,115,
173,0,102,
173,1,0,
173,5,49,
173,8,1,
173,8,1,
173,10,1,
173,149,53,
174,0,6,
174,0,32,
174,2,139,
174,9,2,
174,31,3,
175,0,10,
175,2,4,
175,17,3,
175,35,11,
175,36,83,
175,49,1,
175,133,2,
176,1,107,
176,2,0,
176,5,15,
176,6,7,
176,18,118,
176,47,135,
176,54,61,
176,70,126,
176,97,5,
176,114,0,
176,130,7,
177,0,7,
177,7,130,
177,20,6,
178,1,0,
178,2,1,
178,2,106,
178,4,1,
178,8,43,
178,65,39,
178,83,31,
179,0,1,
179,0,2,
179,11,1,
179,11,167,
179,17,0,
179,26,17,
179,39,17,
179,118,115,
179,159,12,
