0,0,0,
0,0,0,
0,0,0,
0,0,0,
0,0,0,
0,0,0,
0,0,0,
0,0,0,
0,0,0,
0,0,0,
0,0,0,
0,0,0,
0,0,0,
0,0,0,
0,0,0,
0,0,1,
0,0,1,
0,0,1,
0,0,1,
0,0,1,
0,0,1,
0,0,1,
0,0,2,
0,0,2,
0,0,2,
0,0,2,
0,0,3,
0,0,3,
0,0,3,
0,0,4,
0,0,4,
0,0,5,
0,0,5,
0,0,5,
0,0,6,
0,0,7,
0,0,7,
0,0,7,
0,0,8,
0,0,8,
0,0,8,
0,0,10,
0,0,11,
0,0,11,
0,0,11,
0,0,12,
0,0,12,
0,0,13,
0,0,14,
0,0,14,
0,0,14,
0,0,15,
0,0,15,
0,0,16,
0,0,17,
0,0,17,
0,0,19,
0,0,21,
0,0,22,
0,0,22,
0,0,22,
0,0,22,
0,0,23,
0,0,24,
0,0,24,
0,0,24,
0,0,26,
0,0,27,
0,0,28,
0,0,28,
0,0,29,
0,0,29,
0,0,29,
0,0,29,
0,0,30,
0,0,30,
0,0,32,
0,0,33,
0,0,34,
0,0,34,
0,0,36,
0,0,41,
0,0,47,
0,0,52,
0,0,53,
0,0,53,
0,0,53,
0,0,53,
0,0,58,
0,0,58,
0,0,62,
0,0,62,
0,0,62,
0,0,71,
0,0,83,
0,0,96,
0,0,100,
0,0,102,
0,0,104,
0,0,104,
0,0,110,
0,0,112,
0,0,114,
0,0,117,
0,0,126,
0,0,127,
0,0,144,
0,0,154,
0,0,154,
0,0,160,
0,0,163,
0,0,163,
0,0,176,
0,1,0,
0,1,0,
0,1,0,
0,1,0,
0,1,0,
0,1,0,
0,1,0,
0,1,1,
0,1,1,
0,1,1,
0,1,1,
0,1,1,
0,1,2,
0,1,2,
0,1,2,
0,1,2,
0,1,2,
0,1,3,
0,1,4,
0,1,4,
0,1,4,
0,1,5,
0,1,5,
0,1,5,
0,1,6,
0,1,7,
0,1,8,
0,1,8,
0,1,8,
0,1,8,
0,1,9,
0,1,9,
0,1,10,
0,1,10,
0,1,11,
0,1,12,
0,1,13,
0,1,13,
0,1,15,
0,1,15,
0,1,16,
0,1,17,
0,1,17,
0,1,17,
0,1,23,
0,1,25,
0,1,31,
0,1,33,
0,1,39,
0,1,40,
0,1,42,
0,1,42,
0,1,44,
0,1,45,
0,1,47,
0,1,61,
0,1,62,
0,1,65,
0,1,68,
0,1,86,
0,1,89,
0,1,94,
0,1,98,
0,1,102,
0,1,118,
0,1,121,
0,1,125,
0,1,138,
0,1,145,
0,1,179,
0,2,0,
0,2,0,
0,2,0,
0,2,0,
0,2,1,
0,2,1,
0,2,1,
0,2,1,
0,2,1,
0,2,1,
0,2,1,
0,2,1,
0,2,2,
0,2,3,
0,2,5,
0,2,5,
0,2,5,
0,2,5,
0,2,6,
0,2,6,
0,2,7,
0,2,10,
0,2,11,
0,2,11,
0,2,13,
0,2,14,
0,2,18,
0,2,20,
0,2,27,
0,2,27,
0,2,29,
0,2,35,
0,2,47,
0,2,48,
0,2,52,
0,2,59,
0,2,60,
0,2,69,
0,2,103,
0,2,128,
0,2,146,
0,3,0,
0,3,0,
0,3,1,
0,3,2,
0,3,3,
0,3,4,
0,3,5,
0,3,11,
0,3,13,
0,3,17,
0,3,18,
0,3,19,
0,3,19,
0,3,25,
0,3,27,
0,3,29,
0,3,38,
0,3,67,
0,3,70,
0,3,103,
0,3,145,
0,3,155,
0,3,156,
0,3,167,
0,4,0,
0,4,0,
0,4,0,
0,4,0,
0,4,0,
0,4,1,
0,4,1,
0,4,2,
0,4,2,
0,4,2,
0,4,4,
0,4,5,
0,4,6,
0,4,7,
0,4,8,
0,4,11,
0,4,14,
0,4,14,
0,4,17,
0,4,20,
0,4,24,
0,4,30,
0,4,35,
0,4,41,
0,4,45,
0,4,49,
0,4,64,
0,4,150,
0,4,166,
0,5,0,
0,5,0,
0,5,0,
0,5,0,
0,5,0,
0,5,1,
0,5,1,
0,5,1,
0,5,2,
0,5,2,
0,5,3,
0,5,3,
0,5,8,
0,5,11,
0,5,11,
0,5,13,
0,5,15,
0,5,17,
0,5,19,
0,5,34,
0,5,36,
0,5,39,
0,5,44,
0,5,46,
0,5,70,
0,5,94,
0,5,104,
0,5,179,
0,6,0,
0,6,0,
0,6,1,
0,6,1,
0,6,1,
0,6,4,
0,6,4,
0,6,6,
0,6,8,
0,6,17,
0,6,40,
0,6,54,
0,6,57,
0,6,106,
0,6,110,
0,6,118,
0,7,0,
0,7,0,
0,7,0,
0,7,1,
0,7,1,
0,7,2,
0,7,5,
0,7,5,
0,7,5,
0,7,10,
0,7,17,
0,7,49,
0,7,54,
0,7,58,
0,7,59,
0,7,85,
0,7,94,
0,7,124,
0,7,126,
0,7,178,
0,8,0,
0,8,0,
0,8,0,
0,8,1,
0,8,1,
0,8,2,
0,8,3,
0,8,3,
0,8,3,
0,8,4,
0,8,5,
0,8,9,
0,8,15,
0,8,18,
0,8,23,
0,8,30,
0,8,45,
0,8,71,
0,8,121,
0,9,0,
0,9,0,
0,9,0,
0,9,3,
0,9,4,
0,9,6,
0,9,7,
0,9,7,
0,9,26,
0,10,0,
0,10,0,
0,10,4,
0,10,5,
0,10,5,
0,10,8,
0,10,12,
0,10,15,
0,10,54,
0,10,158,
0,11,0,
0,11,0,
0,11,0,
0,11,3,
0,11,6,
0,11,6,
0,11,7,
0,11,17,
0,11,20,
0,11,22,
0,11,25,
0,11,33,
0,11,52,
0,11,63,
0,11,67,
0,11,108,
0,11,162,
0,11,164,
0,11,168,
0,12,1,
0,12,2,
0,12,2,
0,12,3,
0,12,7,
0,12,10,
0,12,49,
0,12,76,
0,12,108,
0,13,0,
0,13,1,
0,13,7,
0,13,12,
0,13,19,
0,13,20,
0,13,42,
0,13,49,
0,13,57,
0,13,78,
0,13,87,
0,13,168,
0,13,176,
0,14,0,
0,14,0,
0,14,0,
0,14,0,
0,14,2,
0,14,3,
0,14,6,
0,14,9,
0,14,30,
0,14,52,
0,14,59,
0,14,79,
0,15,0,
0,15,3,
0,15,26,
0,15,34,
0,15,69,
0,15,69,
0,16,1,
0,16,4,
0,16,7,
0,16,102,
0,16,131,
0,17,6,
0,17,23,
0,17,29,
0,17,29,
0,17,37,
0,17,62,
0,17,97,
0,18,0,
0,18,0,
0,18,3,
0,18,5,
0,18,7,
0,18,10,
0,18,34,
0,18,49,
0,18,103,
0,19,2,
0,19,5,
0,19,5,
0,19,20,
0,19,53,
0,19,130,
0,19,162,
0,20,0,
0,20,3,
0,20,3,
0,20,10,
0,20,23,
0,21,1,
0,21,4,
0,21,5,
0,21,8,
0,21,40,
0,21,42,
0,21,79,
0,21,152,
0,22,0,
0,22,0,
0,22,0,
0,22,0,
0,22,0,
0,22,1,
0,22,1,
0,22,9,
0,22,15,
0,22,33,
0,22,49,
0,22,51,
0,22,65,
0,22,155,
0,23,0,
0,23,1,
0,23,2,
0,23,3,
0,23,11,
0,24,5,
0,24,11,
0,24,20,
0,24,20,
0,24,26,
0,24,109,
0,24,115,
0,25,0,
0,25,0,
0,25,3,
0,25,45,
0,25,120,
0,25,140,
0,25,142,
0,26,6,
0,26,78,
0,27,1,
0,27,1,
0,27,2,
0,27,45,
0,27,85,
0,27,106,
0,27,128,
0,28,1,
0,28,3,
0,28,4,
0,28,5,
0,28,41,
0,28,56,
0,29,26,
0,29,52,
0,29,58,
0,30,0,
0,30,1,
0,30,6,
0,30,7,
0,30,8,
0,30,8,
0,30,23,
0,31,0,
0,31,103,
0,31,113,
0,32,1,
0,32,69,
0,33,1,
0,33,6,
0,33,36,
0,33,68,
0,34,0,
0,34,6,
0,34,6,
0,34,114,
0,35,3,
0,35,28,
0,37,3,
0,37,110,
0,38,9,
0,38,54,
0,38,62,
0,39,6,
0,39,10,
0,39,19,
0,39,80,
0,40,4,
0,40,27,
0,40,30,
0,40,61,
0,40,86,
0,40,154,
0,41,4,
0,41,56,
0,41,58,
0,42,2,
0,42,2,
0,43,19,
0,44,1,
0,44,30,
0,44,57,
0,44,135,
0,45,0,
0,45,3,
0,45,3,
0,45,32,
0,45,149,
0,46,0,
0,46,0,
0,46,0,
0,46,0,
0,46,9,
0,46,13,
0,46,33,
0,46,65,
0,46,94,
0,47,0,
0,47,2,
0,47,16,
0,47,47,
0,48,5,
0,48,32,
0,48,44,
0,48,71,
0,48,137,
0,49,4,
0,50,5,
0,50,13,
0,50,18,
0,50,41,
0,50,97,
0,51,1,
0,51,20,
0,51,55,
0,51,60,
0,51,108,
0,52,4,
0,52,5,
0,52,12,
0,53,39,
0,53,40,
0,53,78,
0,54,39,
0,54,87,
0,55,0,
0,55,3,
0,55,7,
0,55,8,
0,55,37,
0,56,1,
0,56,2,
0,57,2,
0,57,2,
0,57,11,
0,57,42,
0,57,70,
0,58,0,
0,58,20,
0,59,13,
0,59,14,
0,61,73,
0,62,0,
0,62,24,
0,62,65,
0,63,1,
0,63,28,
0,63,58,
0,64,8,
0,64,114,
0,66,56,
0,66,93,
0,67,11,
0,68,90,
0,69,3,
0,69,12,
0,69,93,
0,70,7,
0,70,67,
0,72,0,
0,72,4,
0,72,7,
0,72,121,
0,73,0,
0,73,3,
0,73,3,
0,73,15,
0,73,156,
0,74,9,
0,74,67,
0,77,39,
0,77,57,
0,78,15,
0,78,108,
0,78,147,
0,78,174,
0,80,26,
0,80,106,
0,82,5,
0,82,12,
0,82,91,
0,83,47,
0,85,2,
0,85,5,
0,86,3,
0,86,5,
0,86,41,
0,87,94,
0,88,1,
0,88,1,
0,89,148,
0,91,2,
0,91,5,
0,91,5,
0,91,6,
0,92,0,
0,94,4,
0,95,3,
0,96,103,
0,97,13,
0,98,84,
0,99,0,
0,100,0,
0,100,86,
0,102,7,
0,102,8,
0,103,1,
0,103,5,
0,105,4,
0,107,1,
0,107,178,
0,110,9,
0,111,52,
0,111,156,
0,112,8,
0,112,19,
0,112,50,
0,115,2,
0,115,2,
0,115,110,
0,116,0,
0,117,9,
0,118,15,
0,118,22,
0,119,0,
0,119,39,
0,119,135,
0,120,0,
0,121,20,
0,121,36,
0,123,0,
0,128,0,
0,130,10,
0,131,9,
0,132,0,
0,132,35,
0,133,80,
0,133,121,
0,134,24,
0,134,34,
0,134,81,
0,135,14,
0,136,0,
0,137,91,
0,138,44,
0,138,116,
0,138,129,
0,140,1,
0,140,7,
0,140,70,
0,143,16,
0,144,13,
0,144,121,
0,144,152,
0,146,34,
0,146,93,
0,147,1,
0,148,9,
0,149,2,
0,151,10,
0,152,24,
0,153,66,
0,154,7,
0,156,1,
0,156,11,
0,156,69,
0,158,0,
0,161,2,
0,161,4,
0,161,5,
0,164,170,
0,165,9,
0,165,69,
0,167,5,
0,170,0,
0,170,10,
0,170,35,
0,171,5,
0,174,2,
0,175,71,
0,178,3,
0,179,6,
0,179,20,
1,0,0,
1,0,0,
1,0,0,
1,0,0,
1,0,0,
1,0,0,
1,0,0,
1,0,1,
1,0,1,
1,0,1,
1,0,1,
1,0,1,
1,0,1,
1,0,1,
1,0,2,
1,0,3,
1,0,3,
1,0,3,
1,0,3,
1,0,5,
1,0,6,
1,0,7,
1,0,7,
1,0,7,
1,0,8,
1,0,9,
1,0,12,
1,0,12,
1,0,12,
1,0,14,
1,0,15,
1,0,19,
1,0,30,
1,0,32,
1,0,41,
1,0,46,
1,0,49,
1,0,53,
1,0,59,
1,0,72,
1,0,78,
1,0,81,
1,0,84,
1,0,92,
1,0,93,
1,0,131,
1,0,134,
1,0,153,
1,0,154,
1,0,157,
1,0,165,
1,0,176,
1,1,0,
1,1,0,
1,1,0,
1,1,0,
1,1,0,
1,1,0,
1,1,0,
1,1,1,
1,1,1,
1,1,2,
1,1,2,
1,1,2,
1,1,2,
1,1,3,
1,1,3,
1,1,4,
1,1,4,
1,1,4,
1,1,4,
1,1,4,
1,1,6,
1,1,7,
1,1,12,
1,1,19,
1,1,26,
1,1,27,
1,1,36,
1,1,37,
1,1,55,
1,1,98,
1,1,106,
1,1,109,
1,1,115,
1,1,133,
1,1,139,
1,2,0,
1,2,0,
1,2,2,
1,2,2,
1,2,3,
1,2,4,
1,2,5,
1,2,6,
1,2,9,
1,2,14,
1,2,17,
1,2,19,
1,2,19,
1,2,20,
1,2,40,
1,2,41,
1,2,48,
1,2,48,
1,2,52,
1,2,63,
1,2,97,
1,2,102,
1,3,0,
1,3,0,
1,3,1,
1,3,2,
1,3,3,
1,3,6,
1,3,8,
1,3,9,
1,3,12,
1,3,12,
1,3,12,
1,3,14,
1,3,16,
1,3,16,
1,3,19,
1,3,26,
1,3,30,
1,3,41,
1,3,44,
1,3,61,
1,3,67,
1,3,77,
1,3,92,
1,4,0,
1,4,0,
1,4,0,
1,4,1,
1,4,1,
1,4,1,
1,4,1,
1,4,2,
1,4,3,
1,4,4,
1,4,4,
1,4,5,
1,4,5,
1,4,6,
1,4,8,
1,4,17,
1,4,18,
1,4,24,
1,4,39,
1,4,41,
1,4,67,
1,4,72,
1,4,170,
1,5,0,
1,5,0,
1,5,2,
1,5,3,
1,5,8,
1,5,10,
1,5,11,
1,5,12,
1,5,15,
1,5,27,
1,5,40,
1,5,40,
1,5,51,
1,5,73,
1,5,98,
1,6,0,
1,6,1,
1,6,2,
1,6,2,
1,6,3,
1,6,4,
1,6,4,
1,6,4,
1,6,6,
1,6,6,
1,6,6,
1,6,24,
1,6,31,
1,6,49,
1,6,107,
1,7,1,
1,7,1,
1,7,6,
1,7,8,
1,7,52,
1,7,53,
1,7,91,
1,8,2,
1,8,17,
1,8,39,
1,8,126,
1,8,146,
1,9,0,
1,9,2,
1,9,2,
1,9,3,
1,9,8,
1,9,9,
1,9,12,
1,9,13,
1,9,31,
1,9,32,
1,9,41,
1,9,88,
1,9,112,
1,10,0,
1,10,5,
1,11,1,
1,11,9,
1,11,12,
1,11,37,
1,12,0,
1,12,5,
1,12,7,
1,12,37,
1,12,39,
1,12,61,
1,13,0,
1,13,1,
1,13,5,
1,13,11,
1,13,22,
1,13,24,
1,13,34,
1,13,54,
1,13,79,
1,13,85,
1,13,152,
1,14,0,
1,14,5,
1,14,16,
1,14,153,
1,15,8,
1,15,23,
1,15,34,
1,15,38,
1,16,1,
1,16,2,
1,16,4,
1,16,10,
1,16,10,
1,16,102,
1,17,2,
1,17,3,
1,17,5,
1,17,54,
1,17,132,
1,18,0,
1,18,3,
1,18,6,
1,18,41,
1,19,10,
1,19,26,
1,19,49,
1,19,103,
1,20,0,
1,20,1,
1,20,2,
1,20,7,
1,20,31,
1,20,75,
1,21,0,
1,21,0,
1,21,2,
1,21,4,
1,21,5,
1,21,7,
1,21,12,
1,21,17,
1,21,17,
1,21,34,
1,22,6,
1,22,68,
1,23,1,
1,23,11,
1,23,12,
1,23,73,
1,25,8,
1,25,35,
1,25,48,
1,25,56,
1,26,5,
1,26,174,
1,27,34,
1,27,75,
1,27,147,
1,28,0,
1,28,2,
1,28,7,
1,28,25,
1,28,27,
1,28,142,
1,29,2,
1,29,26,
1,30,1,
1,30,10,
1,30,18,
1,30,85,
1,31,0,
1,32,44,
1,32,116,
1,32,134,
1,33,1,
1,33,1,
1,34,0,
1,34,1,
1,34,14,
1,34,15,
1,35,0,
1,35,6,
1,35,39,
1,36,0,
1,36,13,
1,38,81,
1,38,102,
1,39,0,
1,39,2,
1,39,9,
1,40,10,
1,41,2,
1,41,8,
1,42,0,
1,42,1,
1,42,104,
1,43,0,
1,43,99,
1,43,104,
1,44,0,
1,45,10,
1,46,31,
1,47,11,
1,48,5,
1,49,102,
1,50,0,
1,50,9,
1,50,25,
1,50,55,
1,51,123,
1,52,3,
1,52,12,
1,52,34,
1,54,4,
1,54,4,
1,54,44,
1,55,15,
1,55,16,
1,56,0,
1,57,2,
1,57,10,
1,57,40,
1,57,160,
1,59,77,
1,59,87,
1,60,7,
1,60,36,
1,60,43,
1,65,1,
1,65,36,
1,66,0,
1,66,10,
1,67,89,
1,68,14,
1,69,0,
1,69,5,
1,70,38,
1,72,0,
1,72,19,
1,73,3,
1,73,13,
1,75,2,
1,76,4,
1,78,57,
1,80,12,
1,81,4,
1,82,0,
1,83,15,
1,84,9,
1,84,12,
1,85,4,
1,85,8,
1,86,0,
1,88,24,
1,89,4,
1,89,4,
1,90,2,
1,90,34,
1,91,69,
1,92,0,
1,95,0,
1,97,27,
1,97,160,
1,97,170,
1,99,144,
1,100,7,
1,101,2,
1,103,1,
1,103,14,
1,104,0,
1,104,4,
1,105,50,
1,106,10,
1,107,55,
1,109,1,
1,110,4,
1,110,88,
1,111,1,
1,111,128,
1,113,51,
1,113,130,
1,115,8,
1,117,6,
1,118,4,
1,118,21,
1,118,75,
1,119,5,
1,121,50,
1,121,139,
1,122,24,
1,123,10,
1,124,7,
1,129,80,
1,130,0,
1,131,78,
1,131,101,
1,134,1,
1,140,6,
1,140,33,
1,141,31,
1,141,39,
1,141,74,
1,146,2,
1,146,12,
1,147,51,
1,147,148,
1,150,1,
1,153,10,
1,156,40,
1,157,8,
1,158,3,
1,158,11,
1,159,18,
1,159,94,
1,162,0,
1,162,52,
1,165,2,
1,170,1,
1,171,25,
1,172,15,
1,174,0,
2,0,0,
2,0,0,
2,0,0,
2,0,1,
2,0,1,
2,0,1,
2,0,2,
2,0,3,
2,0,3,
2,0,5,
2,0,5,
2,0,5,
2,0,6,
2,0,9,
2,0,10,
2,0,10,
2,0,13,
2,0,14,
2,0,16,
2,0,17,
2,0,21,
2,0,22,
2,0,23,
2,0,25,
2,0,31,
2,0,32,
2,0,32,
2,0,35,
2,0,46,
2,0,48,
2,0,48,
2,0,48,
2,0,51,
2,0,51,
2,0,60,
2,0,78,
2,0,87,
2,0,87,
2,0,88,
2,0,92,
2,0,99,
2,0,118,
2,0,137,
2,0,175,
2,1,0,
2,1,0,
2,1,0,
2,1,1,
2,1,1,
2,1,2,
2,1,6,
2,1,7,
2,1,7,
2,1,13,
2,1,17,
2,1,18,
2,1,37,
2,1,60,
2,1,66,
2,1,121,
2,1,142,
2,1,145,
2,1,158,
2,1,179,
2,2,0,
2,2,0,
2,2,1,
2,2,1,
2,2,2,
2,2,2,
2,2,3,
2,2,3,
2,2,5,
2,2,6,
2,2,7,
2,2,9,
2,2,11,
2,2,33,
2,2,56,
2,2,58,
2,2,59,
2,2,75,
2,2,77,
2,2,101,
2,2,149,
2,3,0,
2,3,0,
2,3,1,
2,3,1,
2,3,7,
2,3,8,
2,3,10,
2,3,15,
2,3,15,
2,3,36,
2,3,125,
2,4,0,
2,4,2,
2,4,6,
2,4,6,
2,4,19,
2,4,19,
2,4,19,
2,4,28,
2,4,47,
2,4,64,
2,4,141,
2,5,1,
2,5,18,
2,5,38,
2,5,44,
2,6,0,
2,6,9,
2,6,10,
2,6,19,
2,6,95,
2,6,178,
2,7,0,
2,7,1,
2,7,1,
2,7,2,
2,7,3,
2,7,3,
2,7,8,
2,7,30,
2,7,35,
2,8,0,
2,8,2,
2,8,13,
2,8,16,
2,8,18,
2,8,28,
2,8,42,
2,8,58,
2,8,140,
2,9,2,
2,9,2,
2,9,3,
2,9,3,
2,9,18,
2,9,38,
2,9,143,
2,10,0,
2,10,0,
2,10,0,
2,10,0,
2,11,6,
2,11,12,
2,11,14,
2,11,25,
2,11,26,
2,11,46,
2,11,63,
2,11,78,
2,11,103,
2,12,0,
2,12,1,
2,12,2,
2,12,3,
2,12,9,
2,12,112,
2,13,3,
2,13,6,
2,13,19,
2,13,26,
2,13,27,
2,13,34,
2,13,92,
2,14,1,
2,14,2,
2,14,10,
2,14,16,
2,14,134,
2,15,0,
2,15,2,
2,15,137,
2,16,0,
2,16,24,
2,16,83,
2,17,99,
2,18,23,
2,18,23,
2,19,20,
2,19,21,
2,20,2,
2,21,22,
2,21,72,
2,21,89,
2,22,6,
2,22,19,
2,22,21,
2,22,157,
2,23,0,
2,23,20,
2,24,16,
2,25,17,
2,26,6,
2,27,26,
2,27,171,
2,28,0,
2,28,5,
2,28,14,
2,29,1,
2,29,58,
2,30,0,
2,30,15,
2,31,2,
2,31,5,
2,31,5,
2,31,75,
2,31,101,
2,32,1,
2,32,110,
2,33,6,
2,34,2,
2,34,2,
2,34,23,
2,34,24,
2,34,66,
2,35,14,
2,36,92,
2,37,0,
2,37,18,
2,38,59,
2,38,153,
2,39,1,
2,39,1,
2,40,0,
2,41,0,
2,41,0,
2,42,7,
2,44,5,
2,45,32,
2,47,160,
2,48,5,
2,48,46,
2,48,48,
2,50,104,
2,51,3,
2,51,9,
2,51,9,
2,53,0,
2,54,9,
2,54,64,
2,55,55,
2,56,0,
2,57,70,
2,57,97,
2,60,0,
2,60,2,
2,60,47,
2,61,0,
2,61,15,
2,62,16,
2,62,90,
2,63,7,
2,63,168,
2,64,0,
2,64,2,
2,64,4,
2,65,13,
2,65,79,
2,66,0,
2,67,47,
2,68,14,
2,68,25,
2,69,0,
2,69,1,
2,69,114,
2,71,3,
2,71,3,
2,71,28,
2,72,3,
2,73,7,
2,74,59,
2,78,1,
2,78,2,
2,78,77,
2,79,20,
2,80,0,
2,80,12,
2,80,15,
2,83,4,
2,83,5,
2,84,160,
2,85,0,
2,85,40,
2,85,72,
2,86,13,
2,86,15,
2,86,80,
2,87,124,
2,88,91,
2,89,67,
2,90,1,
2,90,1,
2,92,12,
2,93,31,
2,95,1,
2,95,50,
2,95,55,
2,97,80,
2,98,0,
2,100,117,
2,100,123,
2,103,45,
2,103,161,
2,108,0,
2,115,4,
2,116,62,
2,118,3,
2,118,44,
2,118,98,
2,120,28,
2,122,2,
2,123,4,
2,125,2,
2,127,3,
2,130,9,
2,132,2,
2,132,22,
2,138,12,
2,139,0,
2,139,13,
2,141,6,
2,150,166,
2,151,18,
2,153,0,
2,156,3,
2,156,14,
2,156,140,
2,160,36,
2,161,10,
2,166,48,
2,166,159,
2,168,16,
2,174,2,
2,176,136,
2,178,12,
3,0,0,
3,0,0,
3,0,0,
3,0,0,
3,0,0,
3,0,0,
3,0,0,
3,0,0,
3,0,0,
3,0,1,
3,0,1,
3,0,1,
3,0,1,
3,0,1,
3,0,1,
3,0,2,
3,0,4,
3,0,5,
3,0,7,
3,0,9,
3,0,16,
3,0,17,
3,0,17,
3,0,19,
3,0,25,
3,0,27,
3,0,32,
3,0,35,
3,0,39,
3,0,40,
3,0,41,
3,0,44,
3,0,45,
3,0,62,
3,0,66,
3,0,72,
3,0,121,
3,1,1,
3,1,2,
3,1,5,
3,1,9,
3,1,9,
3,1,19,
3,1,24,
3,1,29,
3,1,37,
3,1,39,
3,1,59,
3,1,60,
3,1,92,
3,1,100,
3,1,159,
3,2,0,
3,2,1,
3,2,1,
3,2,4,
3,2,7,
3,2,11,
3,2,17,
3,2,30,
3,2,30,
3,2,59,
3,2,112,
3,2,131,
3,2,174,
3,3,0,
3,3,0,
3,3,2,
3,3,4,
3,3,7,
3,3,12,
3,3,13,
3,3,37,
3,3,56,
3,3,108,
3,3,167,
3,4,0,
3,4,1,
3,4,13,
3,4,19,
3,4,20,
3,4,31,
3,5,0,
3,5,0,
3,5,1,
3,5,18,
3,5,31,
3,5,87,
3,6,1,
3,6,1,
3,6,1,
3,6,7,
3,6,29,
3,6,69,
3,6,118,
3,7,0,
3,7,0,
3,7,22,
3,7,29,
3,7,63,
3,8,18,
3,8,31,
3,8,59,
3,8,80,
3,9,15,
3,9,178,
3,10,1,
3,10,2,
3,10,2,
3,10,5,
3,10,7,
3,10,134,
3,11,25,
3,11,101,
3,12,9,
3,12,145,
3,13,5,
3,13,9,
3,13,103,
3,14,2,
3,14,45,
3,14,75,
3,14,109,
3,14,133,
3,15,2,
3,15,13,
3,15,136,
3,16,0,
3,16,29,
3,17,0,
3,17,45,
3,18,7,
3,18,35,
3,18,77,
3,19,3,
3,19,4,
3,20,2,
3,20,9,
3,21,1,
3,21,4,
3,21,41,
3,21,80,
3,21,170,
3,22,1,
3,22,4,
3,23,140,
3,23,166,
3,24,1,
3,24,1,
3,24,16,
3,24,27,
3,25,2,
3,25,4,
3,25,5,
3,26,86,
3,27,33,
3,28,21,
3,28,64,
3,28,122,
3,29,23,
3,30,1,
3,34,2,
3,34,17,
3,34,34,
3,34,130,
3,35,68,
3,36,0,
3,37,12,
3,37,15,
3,37,96,
3,40,0,
3,43,65,
3,43,67,
3,44,1,
3,45,49,
3,46,1,
3,49,47,
3,51,56,
3,51,64,
3,53,8,
3,54,114,
3,55,26,
3,57,179,
3,58,0,
3,58,4,
3,62,3,
3,64,2,
3,64,4,
3,64,6,
3,69,8,
3,69,14,
3,71,5,
3,71,121,
3,78,4,
3,80,124,
3,82,55,
3,83,113,
3,85,0,
3,86,5,
3,86,132,
3,89,5,
3,91,32,
3,100,64,
3,104,21,
3,106,0,
3,113,8,
3,113,34,
3,116,19,
3,119,47,
3,124,5,
3,129,13,
3,129,21,
3,130,1,
3,131,94,
3,135,0,
3,139,0,
3,140,37,
3,141,16,
3,143,176,
3,150,0,
3,154,7,
3,154,43,
3,158,0,
3,161,27,
3,171,22,
3,172,0,
3,174,0,
3,179,104,
4,0,0,
4,0,0,
4,0,0,
4,0,2,
4,0,2,
4,0,3,
4,0,4,
4,0,7,
4,0,7,
4,0,8,
4,0,8,
4,0,8,
4,0,9,
4,0,22,
4,0,23,
4,0,28,
4,0,29,
4,0,30,
4,0,34,
4,0,53,
4,0,67,
4,0,74,
4,0,100,
4,0,124,
4,1,0,
4,1,1,
4,1,2,
4,1,10,
4,1,20,
4,1,28,
4,1,30,
4,1,61,
4,1,97,
4,2,0,
4,2,3,
4,2,10,
4,2,21,
4,2,54,
4,2,65,
4,2,86,
4,2,127,
4,3,1,
4,3,18,
4,3,21,
4,3,22,
4,3,33,
4,3,37,
4,3,42,
4,3,117,
4,4,2,
4,4,2,
4,4,3,
4,4,27,
4,4,47,
4,4,65,
4,4,105,
4,4,131,
4,5,1,
4,5,2,
4,5,4,
4,5,9,
4,5,156,
4,6,0,
4,6,0,
4,6,1,
4,6,8,
4,6,165,
4,7,1,
4,7,11,
4,7,19,
4,8,1,
4,8,3,
4,8,14,
4,8,33,
4,9,0,
4,9,6,
4,9,29,
4,9,51,
4,10,0,
4,10,2,
4,10,3,
4,10,74,
4,10,103,
4,11,6,
4,11,21,
4,11,26,
4,11,73,
4,12,13,
4,12,25,
4,12,33,
4,13,6,
4,13,23,
4,13,29,
4,13,100,
4,14,2,
4,14,8,
4,14,68,
4,14,102,
4,14,137,
4,15,27,
4,15,57,
4,16,2,
4,16,80,
4,18,6,
4,18,13,
4,18,32,
4,19,6,
4,20,9,
4,21,8,
4,22,146,
4,23,16,
4,23,30,
4,23,127,
4,25,1,
4,26,1,
4,26,17,
4,27,22,
4,27,178,
4,28,1,
4,29,19,
4,30,0,
4,31,42,
4,33,49,
4,34,20,
4,36,0,
4,37,32,
4,38,0,
4,38,19,
4,38,82,
4,39,16,
4,39,136,
4,40,2,
4,40,6,
4,40,6,
4,41,22,
4,42,3,
4,42,34,
4,43,73,
4,44,0,
4,46,0,
4,48,10,
4,48,85,
4,49,3,
4,51,2,
4,53,16,
4,54,0,
4,55,1,
4,55,7,
4,60,1,
4,60,6,
4,60,27,
4,62,22,
4,64,95,
4,67,0,
4,70,152,
4,70,158,
4,72,4,
4,72,28,
4,72,138,
4,73,0,
4,73,9,
4,75,1,
4,75,2,
4,78,0,
4,80,1,
4,80,10,
4,89,21,
4,94,18,
4,97,20,
4,97,23,
4,99,14,
4,104,0,
4,106,83,
4,107,1,
4,108,0,
4,114,0,
4,116,64,
4,117,17,
4,121,24,
4,125,2,
4,129,107,
4,136,12,
4,140,11,
4,145,86,
4,149,1,
4,150,27,
4,157,100,
4,163,76,
4,166,7,
4,170,3,
4,172,177,
4,173,6,
4,173,33,
4,177,0,
5,0,0,
5,0,0,
5,0,0,
5,0,1,
5,0,1,
5,0,1,
5,0,1,
5,0,2,
5,0,2,
5,0,2,
5,0,2,
5,0,3,
5,0,7,
5,0,8,
5,0,8,
5,0,8,
5,0,10,
5,0,11,
5,0,13,
5,0,18,
5,0,33,
5,0,36,
5,0,37,
5,0,42,
5,0,43,
5,0,43,
5,0,48,
5,0,51,
5,0,52,
5,0,58,
5,0,69,
5,0,122,
5,0,135,
5,0,141,
5,1,1,
5,1,3,
5,1,4,
5,1,11,
5,1,15,
5,1,22,
5,1,34,
5,1,69,
5,1,72,
5,1,102,
5,2,1,
5,2,2,
5,2,3,
5,2,3,
5,2,6,
5,2,7,
5,2,11,
5,2,19,
5,2,65,
5,2,71,
5,3,0,
5,3,0,
5,3,0,
5,3,2,
5,3,2,
5,3,3,
5,3,4,
5,3,6,
5,3,14,
5,3,30,
5,3,32,
5,3,49,
5,3,179,
5,4,0,
5,4,0,
5,4,0,
5,4,7,
5,4,8,
5,4,13,
5,4,31,
5,4,65,
5,4,72,
5,4,118,
5,5,0,
5,5,0,
5,5,1,
5,5,37,
5,5,62,
5,5,135,
5,6,1,
5,6,2,
5,6,4,
5,6,10,
5,6,20,
5,6,25,
5,6,25,
5,7,0,
5,7,7,
5,7,38,
5,7,54,
5,7,80,
5,8,0,
5,8,3,
5,8,40,
5,9,3,
5,9,9,
5,9,110,
5,10,18,
5,10,28,
5,10,56,
5,10,104,
5,11,0,
5,12,1,
5,13,5,
5,13,34,
5,14,6,
5,14,12,
5,14,99,
5,15,12,
5,15,140,
5,16,6,
5,16,26,
5,18,71,
5,19,165,
5,20,1,
5,20,12,
5,20,35,
5,23,0,
5,23,10,
5,24,33,
5,25,3,
5,25,6,
5,26,16,
5,27,11,
5,27,118,
5,28,32,
5,29,125,
5,29,144,
5,31,23,
5,32,64,
5,33,0,
5,33,6,
5,34,110,
5,35,0,
5,36,0,
5,37,173,
5,40,10,
5,41,3,
5,43,0,
5,43,1,
5,45,1,
5,45,46,
5,47,1,
5,47,2,
5,58,102,
5,59,0,
5,60,149,
5,63,0,
5,66,22,
5,66,104,
5,67,79,
5,69,24,
5,69,93,
5,71,10,
5,74,10,
5,79,93,
5,80,61,
5,81,25,
5,84,4,
5,84,11,
5,87,63,
5,91,16,
5,91,37,
5,93,2,
5,94,99,
5,94,99,
5,98,13,
5,99,64,
5,104,14,
5,105,0,
5,113,1,
5,114,28,
5,117,3,
5,122,61,
5,123,7,
5,125,120,
5,128,82,
5,129,8,
5,145,0,
5,146,12,
5,146,148,
5,148,79,
5,149,7,
5,156,0,
5,161,0,
5,161,7,
5,162,68,
5,170,5,
6,0,0,
6,0,0,
6,0,1,
6,0,2,
6,0,2,
6,0,2,
6,0,3,
6,0,5,
6,0,5,
6,0,5,
6,0,6,
6,0,11,
6,0,14,
6,0,15,
6,0,39,
6,0,54,
6,0,68,
6,0,69,
6,0,72,
6,0,78,
6,0,90,
6,0,101,
6,0,109,
6,0,142,
6,0,148,
6,0,177,
6,1,1,
6,1,3,
6,1,3,
6,1,4,
6,1,9,
6,1,9,
6,1,11,
6,1,11,
6,1,43,
6,1,87,
6,1,112,
6,1,152,
6,2,0,
6,2,3,
6,2,4,
6,2,9,
6,2,16,
6,2,19,
6,2,28,
6,2,36,
6,2,153,
6,3,17,
6,3,36,
6,3,162,
6,3,166,
6,4,3,
6,4,155,
6,5,35,
6,5,69,
6,6,0,
6,6,6,
6,7,0,
6,7,47,
6,8,5,
6,8,30,
6,8,74,
6,10,2,
6,10,54,
6,10,154,
6,11,2,
6,11,4,
6,12,3,
6,12,4,
6,12,13,
6,13,12,
6,14,0,
6,14,37,
6,14,66,
6,15,39,
6,17,15,
6,18,0,
6,18,0,
6,18,13,
6,19,68,
6,21,78,
6,21,162,
6,22,4,
6,22,166,
6,23,1,
6,23,1,
6,24,19,
6,24,172,
6,25,0,
6,25,5,
6,25,17,
6,26,66,
6,29,12,
6,30,1,
6,31,17,
6,31,23,
6,31,137,
6,32,12,
6,35,30,
6,38,16,
6,41,144,
6,44,21,
6,45,38,
6,46,1,
6,50,65,
6,52,3,
6,52,54,
6,55,60,
6,56,43,
6,57,30,
6,58,1,
6,58,19,
6,59,119,
6,63,1,
6,66,21,
6,68,10,
6,68,57,
6,72,1,
6,72,121,
6,82,62,
6,85,9,
6,86,1,
6,86,7,
6,87,4,
6,87,33,
6,90,84,
6,94,20,
6,100,23,
6,105,0,
6,112,0,
6,114,1,
6,123,38,
6,127,62,
6,129,0,
6,134,2,
6,134,2,
6,136,44,
6,137,29,
6,137,179,
6,140,0,
6,146,24,
6,150,75,
6,151,33,
6,156,26,
7,0,0,
7,0,0,
7,0,1,
7,0,1,
7,0,3,
7,0,4,
7,0,4,
7,0,10,
7,0,12,
7,0,25,
7,0,31,
7,0,34,
7,0,61,
7,0,64,
7,0,64,
7,0,93,
7,0,105,
7,0,117,
7,0,152,
7,1,0,
7,1,0,
7,1,1,
7,1,3,
7,1,3,
7,1,3,
7,1,6,
7,1,7,
7,1,8,
7,1,11,
7,1,16,
7,1,22,
7,1,41,
7,1,115,
7,1,132,
7,2,8,
7,2,9,
7,2,11,
7,2,13,
7,2,36,
7,2,46,
7,2,53,
7,2,156,
7,2,161,
7,3,0,
7,3,0,
7,3,6,
7,3,14,
7,3,16,
7,3,86,
7,4,20,
7,5,1,
7,5,1,
7,5,12,
7,5,20,
7,6,23,
7,6,39,
7,6,65,
7,7,0,
7,8,40,
7,9,0,
7,9,22,
7,9,119,
7,9,131,
7,10,4,
7,10,115,
7,11,3,
7,11,53,
7,12,6,
7,12,42,
7,13,0,
7,13,6,
7,13,13,
7,14,101,
7,15,3,
7,15,10,
7,16,1,
7,19,0,
7,19,16,
7,20,4,
7,21,76,
7,24,0,
7,24,3,
7,27,0,
7,27,3,
7,27,34,
7,33,1,
7,33,8,
7,34,32,
7,35,3,
7,35,20,
7,40,58,
7,41,41,
7,42,16,
7,43,9,
7,44,32,
7,46,171,
7,47,24,
7,49,51,
7,50,15,
7,51,2,
7,55,121,
7,59,107,
7,61,20,
7,67,12,
7,72,50,
7,79,10,
7,81,22,
7,82,4,
7,82,35,
7,83,72,
7,86,1,
7,95,0,
7,97,53,
7,100,1,
7,102,64,
7,104,2,
7,108,62,
7,110,26,
7,113,4,
7,117,77,
7,118,50,
7,119,14,
7,119,18,
7,121,176,
7,124,3,
7,125,5,
7,137,150,
7,140,0,
7,141,11,
7,150,20,
7,154,2,
7,167,120,
7,170,3,
7,172,2,
7,172,106,
8,0,0,
8,0,0,
8,0,1,
8,0,3,
8,0,3,
8,0,6,
8,0,6,
8,0,7,
8,0,8,
8,0,8,
8,0,8,
8,0,13,
8,0,17,
8,0,17,
8,0,25,
8,0,33,
8,0,33,
8,0,39,
8,0,116,
8,0,122,
8,0,140,
8,1,0,
8,1,16,
8,1,17,
8,1,18,
8,1,21,
8,1,27,
8,1,35,
8,1,43,
8,1,102,
8,2,0,
8,2,2,
8,2,4,
8,2,15,
8,2,54,
8,2,175,
8,3,1,
8,3,3,
8,3,12,
8,3,33,
8,3,33,
8,3,58,
8,3,166,
8,4,0,
8,4,1,
8,4,33,
8,5,0,
8,5,3,
8,5,4,
8,5,4,
8,5,5,
8,5,6,
8,5,17,
8,6,7,
8,8,5,
8,8,7,
8,8,9,
8,8,20,
8,9,32,
8,9,75,
8,10,1,
8,10,4,
8,10,10,
8,11,2,
8,11,8,
8,11,60,
8,13,7,
8,13,61,
8,14,1,
8,14,2,
8,14,13,
8,15,25,
8,15,39,
8,15,91,
8,16,3,
8,16,18,
8,17,66,
8,17,147,
8,18,28,
8,19,51,
8,22,9,
8,22,34,
8,23,2,
8,24,0,
8,24,111,
8,25,0,
8,25,5,
8,27,7,
8,27,15,
8,30,8,
8,33,33,
8,37,123,
8,38,27,
8,38,134,
8,39,3,
8,40,0,
8,40,3,
8,41,1,
8,46,1,
8,46,9,
8,47,115,
8,51,2,
8,55,0,
8,63,132,
8,69,61,
8,70,28,
8,70,62,
8,71,0,
8,75,27,
8,80,123,
8,81,88,
8,90,147,
8,101,1,
8,101,4,
8,103,52,
8,103,81,
8,109,84,
8,123,2,
8,155,144,
8,156,2,
8,166,1,
8,167,58,
8,168,19,
9,0,0,
9,0,0,
9,0,1,
9,0,2,
9,0,2,
9,0,9,
9,0,11,
9,0,20,
9,0,22,
9,0,25,
9,0,48,
9,0,50,
9,0,51,
9,0,51,
9,0,76,
9,0,94,
9,0,122,
9,1,2,
9,1,13,
9,1,17,
9,1,19,
9,1,20,
9,1,22,
9,1,64,
9,1,106,
9,1,143,
9,1,147,
9,2,0,
9,2,2,
9,2,3,
9,2,43,
9,2,153,
9,3,0,
9,3,0,
9,3,43,
9,3,45,
9,4,3,
9,4,6,
9,4,16,
9,4,19,
9,4,19,
9,5,5,
9,5,27,
9,6,2,
9,6,11,
9,6,34,
9,7,0,
9,7,65,
9,8,15,
9,8,15,
9,9,0,
9,9,1,
9,10,1,
9,10,15,
9,10,107,
9,10,126,
9,13,22,
9,14,19,
9,14,44,
9,15,0,
9,15,4,
9,17,2,
9,18,1,
9,19,19,
9,22,11,
9,22,21,
9,23,25,
9,23,82,
9,24,3,
9,25,27,
9,25,85,
9,27,0,
9,27,5,
9,27,36,
9,29,1,
9,30,5,
9,31,73,
9,33,6,
9,34,2,
9,35,23,
9,37,2,
9,38,4,
9,38,73,
9,39,125,
9,40,11,
9,42,0,
9,43,3,
9,44,7,
9,44,72,
9,49,1,
9,50,4,
9,52,2,
9,52,15,
9,54,95,
9,56,4,
9,59,13,
9,62,0,
9,63,10,
9,71,8,
9,74,7,
9,76,15,
9,78,16,
9,82,20,
9,89,60,
9,90,17,
9,98,148,
9,117,0,
9,118,0,
9,124,0,
9,130,0,
9,135,21,
9,139,23,
9,146,0,
9,150,86,
9,156,10,
9,160,155,
9,166,30,
10,0,1,
10,0,1,
10,0,2,
10,0,2,
10,0,5,
10,0,5,
10,0,10,
10,0,10,
10,0,12,
10,0,19,
10,0,34,
10,0,59,
10,0,85,
10,0,138,
10,0,164,
10,1,0,
10,1,0,
10,1,1,
10,1,1,
10,1,1,
10,1,14,
10,1,14,
10,1,58,
10,1,88,
10,2,49,
10,2,56,
10,2,121,
10,2,142,
10,3,0,
10,3,7,
10,3,13,
10,3,37,
10,3,86,
10,3,100,
10,3,110,
10,4,8,
10,4,10,
10,5,2,
10,5,66,
10,6,26,
10,7,10,
10,7,45,
10,7,71,
10,8,3,
10,8,151,
10,10,6,
10,10,7,
10,10,14,
10,10,23,
10,10,65,
10,11,2,
10,11,43,
10,12,0,
10,13,0,
10,15,2,
10,16,134,
10,17,14,
10,17,38,
10,18,9,
10,19,13,
10,19,116,
10,20,0,
10,21,13,
10,21,19,
10,23,7,
10,24,7,
10,24,18,
10,24,26,
10,24,36,
10,24,42,
10,26,23,
10,27,111,
10,29,1,
10,30,0,
10,31,11,
10,32,0,
10,37,9,
10,37,59,
10,41,106,
10,45,102,
10,47,1,
10,47,145,
10,54,29,
10,55,4,
10,57,1,
10,59,0,
10,59,2,
10,74,5,
10,76,50,
10,77,3,
10,81,6,
10,81,125,
10,95,0,
10,95,24,
10,99,63,
10,109,10,
10,120,0,
10,121,19,
10,139,4,
10,150,62,
10,158,37,
10,162,11,
10,167,54,
10,173,88,
11,0,4,
11,0,5,
11,0,5,
11,0,13,
11,0,14,
11,0,17,
11,0,18,
11,0,19,
11,0,44,
11,0,56,
11,0,89,
11,0,99,
11,0,110,
11,0,142,
11,0,178,
11,1,1,
11,1,2,
11,1,3,
11,1,4,
11,1,4,
11,1,39,
11,1,51,
11,1,81,
11,1,86,
11,1,101,
11,2,14,
11,2,56,
11,2,75,
11,3,11,
11,3,14,
11,3,54,
11,4,1,
11,4,2,
11,4,9,
11,4,17,
11,5,8,
11,5,12,
11,6,0,
11,6,148,
11,7,17,
11,7,55,
11,7,75,
11,8,5,
11,8,103,
11,9,6,
11,11,75,
11,12,18,
11,13,30,
11,14,21,
11,14,44,
11,15,2,
11,16,6,
11,17,73,
11,24,52,
11,25,0,
11,25,0,
11,26,0,
11,26,32,
11,28,166,
11,31,2,
11,35,4,
11,39,3,
11,40,113,
11,45,36,
11,46,0,
11,47,15,
11,50,13,
11,65,15,
11,70,3,
11,71,22,
11,72,53,
11,72,155,
11,73,34,
11,73,52,
11,80,4,
11,82,26,
11,94,95,
11,99,2,
11,102,4,
11,135,19,
11,137,35,
11,155,69,
11,157,17,
11,165,15,
11,175,124,
12,0,0,
12,0,1,
12,0,10,
12,0,11,
12,0,11,
12,0,12,
12,0,15,
12,0,23,
12,0,43,
12,0,71,
12,0,94,
12,1,0,
12,1,0,
12,1,1,
12,1,6,
12,1,18,
12,1,22,
12,1,64,
12,1,66,
12,2,8,
12,2,17,
12,2,59,
12,2,94,
12,3,7,
12,3,39,
12,3,82,
12,5,63,
12,6,20,
12,7,0,
12,8,2,
12,8,3,
12,9,37,
12,9,98,
12,11,46,
12,12,0,
12,12,47,
12,13,2,
12,13,3,
12,14,0,
12,14,5,
12,14,22,
12,20,14,
12,20,62,
12,21,49,
12,22,32,
12,24,1,
12,24,1,
12,25,14,
12,31,3,
12,31,4,
12,39,159,
12,40,59,
12,45,5,
12,68,0,
12,71,0,
12,75,0,
12,75,27,
12,75,146,
12,79,96,
12,82,6,
12,82,6,
12,86,6,
12,96,7,
12,106,1,
12,116,101,
12,127,0,
12,144,0,
12,166,13,
12,175,0,
13,0,0,
13,0,2,
13,0,3,
13,0,13,
13,0,16,
13,0,25,
13,0,67,
13,0,80,
13,0,88,
13,0,99,
13,0,146,
13,0,179,
13,1,0,
13,1,1,
13,1,7,
13,1,7,
13,1,10,
13,1,38,
13,1,47,
13,1,66,
13,1,165,
13,2,6,
13,2,21,
13,2,69,
13,2,93,
13,2,117,
13,2,130,
13,3,2,
13,3,19,
13,3,19,
13,3,23,
13,4,2,
13,4,11,
13,4,22,
13,4,164,
13,5,3,
13,5,16,
13,5,42,
13,5,115,
13,5,127,
13,6,124,
13,8,2,
13,8,11,
13,8,54,
13,8,72,
13,8,120,
13,9,3,
13,9,145,
13,11,107,
13,12,78,
13,13,52,
13,13,61,
13,21,3,
13,23,1,
13,23,12,
13,24,3,
13,25,54,
13,28,70,
13,48,2,
13,54,4,
13,66,69,
13,76,0,
13,78,29,
13,93,7,
13,93,8,
13,97,61,
13,106,0,
13,113,52,
13,114,3,
13,136,148,
13,152,0,
13,157,28,
13,164,102,
13,173,10,
13,173,165,
13,174,3,
13,174,11,
14,0,0,
14,0,1,
14,0,1,
14,0,18,
14,0,22,
14,0,35,
14,0,72,
14,0,83,
14,1,0,
14,1,6,
14,1,15,
14,1,17,
14,1,35,
14,1,43,
14,1,64,
14,1,68,
14,1,147,
14,1,150,
14,2,21,
14,2,34,
14,2,44,
14,2,76,
14,2,114,
14,3,3,
14,3,21,
14,3,38,
14,4,4,
14,5,8,
14,6,85,
14,9,30,
14,10,66,
14,11,156,
14,15,57,
14,16,8,
14,16,60,
14,18,112,
14,25,103,
14,26,10,
14,26,23,
14,34,0,
14,34,0,
14,34,32,
14,35,2,
14,35,31,
14,46,12,
14,49,2,
14,56,3,
14,59,18,
14,63,0,
14,69,0,
14,73,0,
14,76,21,
14,79,53,
14,94,48,
14,102,41,
14,105,66,
14,106,0,
14,107,0,
14,117,4,
14,119,2,
14,124,23,
14,128,1,
14,155,18,
15,0,0,
15,0,0,
15,0,5,
15,0,5,
15,0,5,
15,0,8,
15,0,11,
15,0,24,
15,0,115,
15,0,138,
15,1,0,
15,1,2,
15,1,7,
15,1,46,
15,2,0,
15,3,20,
15,3,51,
15,3,175,
15,4,0,
15,4,37,
15,4,44,
15,4,105,
15,4,133,
15,5,0,
15,5,12,
15,6,28,
15,7,6,
15,7,25,
15,7,27,
15,9,13,
15,9,36,
15,11,7,
15,14,2,
15,15,3,
15,18,20,
15,19,17,
15,19,60,
15,25,1,
15,26,1,
15,27,5,
15,28,1,
15,31,19,
15,33,9,
15,34,58,
15,36,58,
15,42,47,
15,44,5,
15,44,5,
15,47,130,
15,51,1,
15,52,10,
15,52,104,
15,56,3,
15,61,26,
15,67,8,
15,83,104,
15,88,52,
15,108,5,
15,118,1,
15,124,23,
15,138,38,
15,151,103,
16,0,0,
16,0,0,
16,0,6,
16,0,10,
16,0,19,
16,0,115,
16,0,138,
16,1,1,
16,1,8,
16,1,28,
16,1,144,
16,2,1,
16,2,7,
16,2,12,
16,2,127,
16,3,0,
16,3,21,
16,4,1,
16,4,4,
16,4,5,
16,4,24,
16,6,3,
16,6,32,
16,6,149,
16,7,1,
16,9,63,
16,9,95,
16,10,49,
16,11,0,
16,11,12,
16,12,45,
16,13,3,
16,14,77,
16,15,4,
16,17,3,
16,17,9,
16,17,28,
16,18,18,
16,19,12,
16,22,78,
16,22,125,
16,24,32,
16,27,4,
16,32,100,
16,37,67,
16,41,3,
16,41,8,
16,42,1,
16,42,23,
16,45,1,
16,49,0,
16,54,12,
16,61,1,
16,67,170,
16,71,9,
16,88,2,
16,94,46,
16,96,145,
16,109,1,
16,112,28,
16,123,9,
16,123,35,
16,143,158,
16,166,10,
16,173,0,
16,179,26,
17,0,0,
17,0,0,
17,0,0,
17,0,1,
17,0,2,
17,0,2,
17,0,5,
17,0,7,
17,0,40,
17,1,0,
17,1,0,
17,1,65,
17,2,0,
17,2,1,
17,2,4,
17,2,13,
17,2,63,
17,3,124,
17,4,72,
17,4,93,
17,4,121,
17,5,9,
17,6,5,
17,7,1,
17,7,2,
17,7,4,
17,7,13,
17,7,67,
17,9,8,
17,9,24,
17,9,95,
17,10,0,
17,10,46,
17,11,9,
17,12,2,
17,13,7,
17,13,31,
17,16,0,
17,17,0,
17,23,2,
17,23,20,
17,24,0,
17,25,47,
17,32,105,
17,39,45,
17,39,60,
17,43,18,
17,49,68,
17,71,10,
17,79,110,
17,89,0,
17,92,1,
17,99,4,
17,116,2,
17,124,4,
17,126,1,
17,150,36,
17,167,45,
17,168,0,
18,0,0,
18,0,8,
18,0,11,
18,0,26,
18,0,71,
18,0,81,
18,0,82,
18,0,120,
18,1,0,
18,1,2,
18,1,2,
18,1,24,
18,1,42,
18,1,60,
18,1,89,
18,4,0,
18,4,39,
18,4,102,
18,5,1,
18,5,10,
18,5,125,
18,6,0,
18,6,3,
18,6,15,
18,7,1,
18,7,6,
18,7,33,
18,8,6,
18,9,42,
18,10,5,
18,10,37,
18,11,162,
18,12,0,
18,12,81,
18,12,120,
18,13,0,
18,14,21,
18,15,0,
18,16,5,
18,16,57,
18,18,0,
18,19,71,
18,20,1,
18,21,4,
18,24,21,
18,24,155,
18,25,1,
18,26,65,
18,27,22,
18,29,4,
18,34,72,
18,39,4,
18,42,4,
18,42,131,
18,60,0,
18,71,20,
18,71,33,
18,77,20,
18,81,0,
18,89,1,
18,92,87,
18,101,0,
18,107,5,
18,119,1,
18,122,2,
18,122,26,
18,126,56,
18,142,131,
19,0,1,
19,0,2,
19,0,2,
19,0,9,
19,0,14,
19,0,18,
19,0,38,
19,0,42,
19,0,44,
19,1,0,
19,1,7,
19,1,37,
19,1,97,
19,2,1,
19,2,25,
19,3,1,
19,3,1,
19,5,2,
19,6,43,
19,8,11,
19,9,9,
19,9,26,
19,12,19,
19,14,1,
19,14,32,
19,15,9,
19,20,16,
19,21,113,
19,22,0,
19,25,2,
19,26,2,
19,34,6,
19,34,37,
19,47,22,
19,48,0,
19,48,21,
19,51,0,
19,56,77,
19,84,9,
19,92,34,
19,93,50,
19,159,9,
20,0,0,
20,0,0,
20,0,1,
20,0,2,
20,0,9,
20,0,36,
20,0,41,
20,0,91,
20,1,2,
20,1,113,
20,1,125,
20,2,1,
20,2,156,
20,3,2,
20,3,3,
20,3,26,
20,3,159,
20,5,6,
20,6,21,
20,7,39,
20,8,0,
20,10,21,
20,11,1,
20,12,2,
20,14,8,
20,16,9,
20,18,5,
20,19,69,
20,21,41,
20,23,5,
20,23,21,
20,24,0,
20,43,143,
20,44,18,
20,45,0,
20,46,16,
20,47,19,
20,47,81,
20,47,118,
20,51,0,
20,52,44,
20,53,18,
20,58,3,
20,59,34,
20,60,75,
20,61,26,
20,70,170,
20,75,0,
20,76,45,
20,82,22,
20,92,156,
20,98,9,
20,112,99,
20,118,1,
20,119,99,
20,139,2,
21,0,0,
21,0,1,
21,0,2,
21,0,4,
21,0,6,
21,0,14,
21,0,15,
21,0,20,
21,0,45,
21,0,50,
21,0,53,
21,0,62,
21,0,62,
21,0,109,
21,1,0,
21,1,2,
21,1,50,
21,1,131,
21,1,176,
21,2,18,
21,2,170,
21,3,9,
21,3,85,
21,3,138,
21,4,52,
21,5,0,
21,5,7,
21,5,25,
21,5,61,
21,5,84,
21,5,159,
21,6,24,
21,7,2,
21,7,42,
21,7,45,
21,8,155,
21,9,0,
21,11,24,
21,12,20,
21,12,175,
21,13,17,
21,17,14,
21,19,14,
21,19,24,
21,19,26,
21,21,163,
21,26,41,
21,28,1,
21,29,5,
21,35,1,
21,35,7,
21,36,7,
21,39,9,
21,40,94,
21,41,20,
21,51,0,
21,53,79,
21,59,0,
21,60,112,
21,65,6,
21,67,21,
21,82,0,
21,88,1,
21,88,42,
21,92,55,
21,93,21,
21,97,78,
21,97,89,
21,99,29,
21,118,3,
21,119,43,
21,134,0,
21,144,0,
21,159,0,
21,174,2,
22,0,0,
22,0,0,
22,0,2,
22,0,2,
22,0,7,
22,0,10,
22,0,85,
22,1,34,
22,1,139,
22,2,1,
22,2,2,
22,2,21,
22,3,0,
22,3,1,
22,4,8,
22,4,179,
22,5,0,
22,8,25,
22,8,44,
22,12,0,
22,12,3,
22,29,0,
22,31,96,
22,41,30,
22,44,98,
22,46,0,
22,49,1,
22,50,0,
22,51,1,
22,53,18,
22,64,7,
22,67,28,
22,80,0,
22,83,2,
22,85,13,
22,92,2,
22,98,33,
22,109,103,
22,119,175,
22,134,4,
22,155,39,
22,162,62,
22,167,66,
23,0,0,
23,0,4,
23,0,4,
23,1,1,
23,1,1,
23,1,22,
23,1,82,
23,1,121,
23,2,0,
23,2,1,
23,2,3,
23,2,131,
23,3,18,
23,4,9,
23,4,84,
23,5,2,
23,5,21,
23,5,54,
23,5,80,
23,6,0,
23,6,1,
23,6,10,
23,6,117,
23,7,57,
23,8,0,
23,8,91,
23,11,0,
23,13,1,
23,13,5,
23,13,17,
23,15,14,
23,16,2,
23,18,0,
23,18,1,
23,18,21,
23,20,58,
23,20,163,
23,24,10,
23,44,5,
23,44,87,
23,46,15,
23,46,15,
23,53,0,
23,57,13,
23,66,4,
23,80,2,
23,81,18,
23,112,162,
23,115,8,
23,127,6,
23,142,2,
23,143,22,
24,0,7,
24,0,10,
24,0,17,
24,0,103,
24,0,132,
24,1,0,
24,1,0,
24,1,2,
24,1,11,
24,1,17,
24,1,31,
24,3,6,
24,3,47,
24,4,0,
24,4,22,
24,4,34,
24,6,4,
24,6,18,
24,7,24,
24,8,1,
24,8,7,
24,9,152,
24,12,41,
24,13,13,
24,15,28,
24,18,3,
24,18,50,
24,25,6,
24,30,2,
24,37,0,
24,39,0,
24,40,3,
24,44,0,
24,49,1,
24,49,2,
24,49,33,
24,51,9,
24,51,126,
24,54,2,
24,55,8,
24,58,71,
24,62,0,
24,65,22,
24,72,0,
24,73,0,
24,85,21,
24,95,39,
24,99,88,
24,105,2,
24,118,101,
24,130,1,
24,151,4,
24,176,4,
25,0,0,
25,0,1,
25,1,15,
25,1,72,
25,2,0,
25,2,6,
25,2,67,
25,3,8,
25,3,68,
25,5,4,
25,6,7,
25,6,18,
25,6,90,
25,7,26,
25,8,2,
25,13,0,
25,13,12,
25,15,6,
25,16,173,
25,22,6,
25,23,23,
25,29,0,
25,31,6,
25,40,18,
25,47,1,
25,71,7,
25,72,165,
25,76,11,
25,97,0,
25,106,9,
25,159,14,
25,171,158,
25,176,37,
26,0,2,
26,0,3,
26,0,24,
26,0,34,
26,0,39,
26,0,70,
26,0,135,
26,0,170,
26,1,0,
26,1,26,
26,1,166,
26,2,104,
26,3,1,
26,3,59,
26,4,12,
26,8,19,
26,9,0,
26,11,17,
26,11,26,
26,13,9,
26,13,22,
26,14,9,
26,17,85,
26,20,84,
26,21,0,
26,21,10,
26,21,32,
26,22,39,
26,28,67,
26,37,0,
26,81,71,
26,106,0,
26,122,42,
26,155,7,
26,177,0,
27,0,9,
27,0,24,
27,0,28,
27,0,30,
27,1,3,
27,1,7,
27,1,9,
27,1,36,
27,2,2,
27,2,59,
27,3,11,
27,3,37,
27,4,14,
27,4,46,
27,4,176,
27,5,3,
27,6,0,
27,8,18,
27,9,101,
27,9,162,
27,11,34,
27,16,29,
27,19,25,
27,20,4,
27,22,1,
27,24,5,
27,27,72,
27,29,64,
27,32,7,
27,33,0,
27,36,27,
27,44,39,
27,61,1,
27,75,9,
27,80,46,
27,90,67,
27,103,85,
27,113,10,
27,144,71,
27,166,2,
28,0,3,
28,0,38,
28,0,49,
28,0,75,
28,0,78,
28,0,79,
28,1,126,
28,3,2,
28,3,20,
28,4,7,
28,6,0,
28,6,12,
28,8,17,
28,14,15,
28,16,1,
28,16,1,
28,17,1,
28,18,9,
28,28,14,
28,28,155,
28,30,26,
28,31,4,
28,44,87,
28,49,26,
28,52,4,
28,59,1,
28,59,20,
28,62,48,
28,88,14,
28,91,115,
28,103,26,
28,114,1,
28,118,32,
29,0,0,
29,0,2,
29,0,4,
29,0,5,
29,0,34,
29,0,148,
29,1,2,
29,1,15,
29,2,2,
29,2,8,
29,2,41,
29,3,2,
29,3,54,
29,3,61,
29,6,41,
29,6,137,
29,7,4,
29,11,82,
29,13,56,
29,18,5,
29,18,51,
29,20,2,
29,21,23,
29,25,0,
29,31,146,
29,32,72,
29,35,142,
29,88,5,
29,90,1,
29,98,1,
29,135,63,
29,156,0,
29,156,85,
29,171,0,
30,0,1,
30,0,5,
30,0,7,
30,0,13,
30,0,48,
30,0,115,
30,0,117,
30,1,6,
30,1,18,
30,1,39,
30,1,94,
30,4,1,
30,4,2,
30,4,56,
30,5,35,
30,5,61,
30,6,29,
30,6,46,
30,7,34,
30,8,0,
30,8,20,
30,10,1,
30,11,0,
30,12,93,
30,13,7,
30,15,3,
30,15,156,
30,16,2,
30,21,0,
30,23,2,
30,24,0,
30,28,3,
30,38,93,
30,42,18,
30,45,28,
30,47,6,
30,47,18,
30,57,0,
30,67,42,
30,70,0,
30,78,23,
30,88,9,
30,94,30,
30,121,5,
30,151,55,
31,0,0,
31,0,3,
31,0,5,
31,0,6,
31,0,8,
31,0,12,
31,0,30,
31,0,35,
31,0,154,
31,1,0,
31,1,2,
31,2,27,
31,2,134,
31,2,158,
31,3,145,
31,6,23,
31,6,24,
31,9,1,
31,10,4,
31,11,14,
31,11,63,
31,12,6,
31,12,36,
31,13,6,
31,14,0,
31,15,1,
31,18,67,
31,20,6,
31,25,3,
31,29,0,
31,36,17,
31,37,1,
31,38,37,
31,42,6,
31,44,52,
31,60,0,
31,61,7,
31,61,29,
31,63,0,
31,88,84,
31,112,19,
31,117,0,
31,123,8,
31,128,12,
31,144,18,
31,163,2,
31,178,51,
32,0,0,
32,0,21,
32,0,31,
32,0,35,
32,0,43,
32,0,59,
32,1,6,
32,1,11,
32,1,13,
32,1,15,
32,1,80,
32,2,0,
32,2,83,
32,3,6,
32,3,35,
32,4,9,
32,4,43,
32,6,13,
32,7,6,
32,7,10,
32,7,11,
32,8,0,
32,9,0,
32,9,3,
32,11,20,
32,13,11,
32,13,13,
32,14,98,
32,15,11,
32,19,1,
32,20,2,
32,20,12,
32,21,2,
32,25,1,
32,26,0,
32,29,177,
32,45,174,
32,53,11,
32,54,8,
32,68,0,
32,82,2,
32,94,2,
32,103,102,
32,143,68,
32,149,26,
32,174,35,
32,176,4,
33,0,1,
33,0,1,
33,0,6,
33,0,38,
33,0,82,
33,0,86,
33,0,110,
33,0,163,
33,2,2,
33,3,0,
33,3,125,
33,4,3,
33,4,7,
33,5,0,
33,6,25,
33,10,5,
33,10,45,
33,11,3,
33,12,63,
33,20,42,
33,22,0,
33,24,30,
33,25,128,
33,56,0,
33,64,0,
33,70,10,
33,85,37,
33,86,1,
33,86,4,
33,86,13,
33,90,3,
33,91,2,
33,113,17,
33,145,49,
33,167,23,
34,0,6,
34,0,24,
34,0,30,
34,1,1,
34,1,6,
34,1,31,
34,2,54,
34,3,36,
34,7,0,
34,10,1,
34,11,1,
34,12,1,
34,16,2,
34,18,6,
34,21,0,
34,26,21,
34,42,165,
34,46,3,
34,47,54,
34,62,5,
34,66,0,
34,68,26,
34,75,93,
34,81,7,
34,95,41,
34,97,2,
34,100,154,
34,147,5,
34,156,52,
34,168,1,
35,0,2,
35,0,4,
35,0,11,
35,0,24,
35,2,0,
35,2,105,
35,2,164,
35,3,55,
35,5,5,
35,5,71,
35,6,40,
35,10,37,
35,11,8,
35,12,0,
35,13,4,
35,14,1,
35,14,73,
35,15,146,
35,16,3,
35,23,5,
35,24,179,
35,26,1,
35,26,106,
35,29,0,
35,29,10,
35,33,163,
35,34,45,
35,35,92,
35,36,15,
35,46,3,
35,47,107,
35,64,164,
35,73,38,
35,80,35,
35,104,8,
35,120,70,
36,0,0,
36,0,1,
36,0,2,
36,0,3,
36,0,3,
36,0,56,
36,1,0,
36,1,0,
36,3,5,
36,3,11,
36,6,0,
36,6,15,
36,7,0,
36,7,9,
36,8,1,
36,8,19,
36,9,0,
36,9,57,
36,21,13,
36,41,118,
36,61,134,
36,82,8,
36,94,1,
36,99,1,
36,125,51,
36,141,46,
36,142,0,
36,142,22,
37,0,12,
37,0,83,
37,1,10,
37,1,30,
37,2,99,
37,4,15,
37,5,38,
37,5,49,
37,5,133,
37,6,102,
37,7,2,
37,7,76,
37,8,102,
37,9,1,
37,12,3,
37,15,0,
37,15,36,
37,16,5,
37,20,94,
37,22,2,
37,22,9,
37,23,178,
37,29,1,
37,32,16,
37,38,5,
37,40,8,
37,40,140,
37,44,4,
37,49,2,
37,50,90,
37,52,12,
37,89,95,
37,119,119,
37,123,18,
37,170,13,
37,178,47,
38,0,0,
38,0,0,
38,0,3,
38,0,5,
38,0,7,
38,0,15,
38,0,19,
38,1,0,
38,1,20,
38,2,9,
38,2,62,
38,4,23,
38,4,32,
38,5,2,
38,6,2,
38,6,59,
38,8,4,
38,11,119,
38,19,173,
38,21,20,
38,23,44,
38,27,6,
38,33,0,
38,35,22,
38,39,53,
38,46,0,
38,62,166,
38,70,95,
38,72,0,
38,76,0,
38,82,2,
38,142,95,
38,144,10,
38,161,0,
39,0,0,
39,0,4,
39,0,12,
39,0,28,
39,0,174,
39,1,42,
39,1,50,
39,1,64,
39,2,78,
39,3,5,
39,5,127,
39,6,28,
39,8,73,
39,9,0,
39,11,10,
39,15,163,
39,20,3,
39,24,0,
39,24,65,
39,29,9,
39,30,7,
39,55,27,
39,55,165,
39,62,146,
39,85,7,
39,120,2,
39,120,8,
39,129,8,
39,135,0,
39,143,48,
39,144,138,
40,0,1,
40,0,14,
40,0,25,
40,0,32,
40,0,121,
40,0,146,
40,1,12,
40,2,0,
40,2,112,
40,3,0,
40,4,16,
40,4,176,
40,5,109,
40,6,0,
40,9,0,
40,9,27,
40,15,101,
40,20,74,
40,23,1,
40,30,7,
40,45,1,
40,45,7,
40,66,1,
40,75,22,
40,91,3,
40,119,13,
40,124,18,
40,131,2,
41,0,0,
41,0,0,
41,0,2,
41,0,31,
41,2,169,
41,3,0,
41,3,66,
41,5,62,
41,6,0,
41,6,7,
41,7,5,
41,14,7,
41,19,19,
41,34,12,
41,34,73,
41,35,34,
41,37,25,
41,87,0,
41,94,38,
41,95,4,
41,139,10,
41,164,0,
42,0,1,
42,0,101,
42,0,148,
42,1,1,
42,2,0,
42,2,44,
42,3,0,
42,3,41,
42,4,5,
42,4,161,
42,7,7,
42,8,21,
42,9,0,
42,22,4,
42,22,8,
42,26,11,
42,31,0,
42,31,0,
42,42,0,
42,48,60,
42,56,12,
42,66,9,
42,70,48,
42,100,15,
42,104,0,
42,150,1,
42,153,10,
42,157,5,
43,0,19,
43,0,35,
43,0,99,
43,2,15,
43,2,24,
43,2,32,
43,3,2,
43,4,1,
43,7,53,
43,19,41,
43,20,8,
43,35,19,
43,66,124,
43,93,0,
43,104,10,
43,137,0,
43,137,1,
43,161,3,
43,162,18,
44,0,0,
44,0,72,
44,0,110,
44,1,4,
44,1,47,
44,2,76,
44,3,45,
44,4,3,
44,5,5,
44,7,71,
44,9,106,
44,10,24,
44,15,62,
44,16,16,
44,37,0,
44,47,4,
44,53,78,
44,54,9,
44,57,59,
44,62,54,
44,77,46,
44,82,0,
44,85,7,
44,97,21,
44,100,0,
44,140,0,
44,154,14,
45,1,10,
45,1,44,
45,1,82,
45,2,0,
45,2,62,
45,2,92,
45,3,0,
45,3,68,
45,4,0,
45,4,61,
45,4,74,
45,5,71,
45,6,54,
45,10,46,
45,11,3,
45,12,33,
45,13,8,
45,14,3,
45,18,38,
45,20,38,
45,27,8,
45,27,125,
45,30,31,
45,36,2,
45,49,0,
45,61,1,
45,84,60,
45,91,2,
45,103,0,
45,128,7,
45,166,32,
45,166,127,
45,175,6,
46,0,5,
46,0,57,
46,1,97,
46,3,8,
46,3,49,
46,6,4,
46,11,4,
46,15,1,
46,19,26,
46,39,11,
46,45,161,
46,65,27,
46,68,87,
46,72,3,
46,80,170,
46,88,37,
46,113,48,
46,151,152,
46,162,0,
46,175,0,
47,1,1,
47,1,46,
47,1,164,
47,1,168,
47,2,2,
47,4,66,
47,5,17,
47,15,0,
47,17,33,
47,20,1,
47,24,5,
47,26,102,
47,27,18,
47,27,39,
47,28,11,
47,40,1,
47,45,0,
47,78,50,
47,99,0,
47,122,47,
47,137,0,
48,0,0,
48,0,9,
48,0,10,
48,0,12,
48,0,22,
48,0,45,
48,0,158,
48,0,164,
48,1,3,
48,1,7,
48,1,26,
48,2,1,
48,2,19,
48,2,21,
48,2,69,
48,3,49,
48,4,164,
48,5,0,
48,5,15,
48,11,8,
48,15,4,
48,17,1,
48,25,149,
48,66,12,
48,78,16,
48,79,34,
48,83,3,
48,101,29,
48,117,0,
48,120,9,
48,144,0,
48,163,117,
49,0,0,
49,0,45,
49,0,128,
49,3,34,
49,6,44,
49,7,1,
49,12,1,
49,13,17,
49,21,67,
49,36,0,
49,37,1,
49,110,2,
50,0,0,
50,0,11,
50,0,22,
50,0,96,
50,1,0,
50,1,21,
50,2,0,
50,2,20,
50,10,0,
50,10,1,
50,10,6,
50,15,0,
50,16,2,
50,19,0,
50,21,9,
50,22,0,
50,25,1,
50,65,22,
50,93,11,
50,143,0,
51,1,3,
51,1,11,
51,1,12,
51,6,106,
51,6,107,
51,7,0,
51,7,1,
51,9,5,
51,11,0,
51,22,5,
51,42,2,
51,47,9,
51,54,5,
51,84,0,
51,117,10,
52,0,6,
52,0,8,
52,0,11,
52,0,16,
52,0,48,
52,0,78,
52,1,75,
52,2,16,
52,3,3,
52,3,9,
52,4,51,
52,5,1,
52,5,166,
52,7,23,
52,12,5,
52,21,1,
52,26,150,
52,52,1,
52,65,1,
52,65,28,
52,77,0,
52,101,56,
52,104,121,
52,110,7,
52,150,38,
53,0,61,
53,17,18,
53,27,156,
53,38,0,
53,48,0,
53,70,74,
54,0,62,
54,0,101,
54,0,106,
54,0,178,
54,1,7,
54,4,8,
54,4,146,
54,11,34,
54,12,72,
54,14,0,
54,15,4,
54,20,4,
54,22,102,
54,25,4,
54,25,8,
54,26,174,
54,35,119,
54,49,99,
54,54,5,
54,64,27,
54,72,132,
54,78,11,
54,82,3,
54,91,26,
54,111,140,
54,128,28,
55,0,45,
55,1,0,
55,1,42,
55,2,17,
55,3,3,
55,4,0,
55,7,1,
55,7,7,
55,11,62,
55,12,39,
55,17,7,
55,20,4,
55,30,0,
55,37,134,
55,141,2,
55,148,8,
56,2,26,
56,2,152,
56,5,2,
56,6,46,
56,9,40,
56,10,37,
56,24,0,
56,104,82,
57,1,1,
57,1,9,
57,2,3,
57,2,5,
57,3,74,
57,10,101,
57,11,94,
57,18,19,
57,18,153,
57,19,13,
57,36,81,
57,41,46,
57,45,1,
57,46,5,
57,48,10,
57,62,2,
57,109,0,
57,150,1,
57,157,1,
57,164,75,
58,0,1,
58,0,14,
58,0,18,
58,0,31,
58,0,150,
58,1,0,
58,1,33,
58,1,59,
58,1,65,
58,1,103,
58,2,0,
58,2,61,
58,2,139,
58,7,1,
58,7,101,
58,8,0,
58,8,1,
58,14,36,
58,21,14,
58,31,0,
58,48,2,
58,92,13,
58,98,11,
58,101,44,
58,152,6,
58,156,18,
59,0,4,
59,0,84,
59,0,142,
59,2,0,
59,2,0,
59,4,63,
59,10,0,
59,11,0,
59,11,5,
59,11,26,
59,24,33,
59,31,1,
59,33,7,
59,71,26,
59,76,11,
59,77,69,
59,81,9,
59,152,4,
60,0,20,
60,0,48,
60,0,104,
60,1,161,
60,3,9,
60,3,162,
60,6,9,
60,8,44,
60,9,0,
60,19,3,
60,24,2,
60,56,78,
60,123,110,
61,0,4,
61,0,19,
61,0,38,
61,0,136,
61,2,44,
61,3,2,
61,3,19,
61,4,2,
61,4,29,
61,6,2,
61,7,1,
61,8,150,
61,12,4,
61,14,2,
61,16,40,
61,27,6,
61,33,59,
61,65,3,
61,84,142,
61,115,24,
61,116,11,
61,116,29,
61,127,75,
61,151,0,
62,0,0,
62,0,27,
62,0,100,
62,0,121,
62,1,0,
62,1,0,
62,2,11,
62,2,77,
62,5,4,
62,5,12,
62,5,41,
62,6,0,
62,6,45,
62,7,11,
62,8,45,
62,13,3,
62,14,60,
62,18,9,
62,20,5,
62,22,6,
62,30,3,
62,33,44,
62,37,3,
62,41,5,
62,46,6,
62,51,24,
62,57,3,
62,122,0,
62,143,2,
62,145,25,
62,168,5,
63,0,1,
63,0,9,
63,0,23,
63,2,1,
63,3,64,
63,4,10,
63,7,2,
63,9,10,
63,10,7,
63,12,151,
63,20,5,
63,23,47,
63,27,46,
63,72,33,
63,89,147,
63,125,13,
63,178,1,
64,0,0,
64,0,4,
64,0,14,
64,0,147,
64,4,1,
64,6,5,
64,7,1,
64,9,61,
64,9,88,
64,13,122,
64,14,45,
64,23,1,
64,24,56,
64,39,29,
64,44,51,
64,66,121,
64,78,1,
64,103,0,
64,118,11,
65,0,0,
65,0,12,
65,1,22,
65,7,11,
65,10,10,
65,11,127,
65,22,15,
65,25,19,
65,38,81,
65,53,12,
65,62,36,
65,119,55,
65,129,5,
65,159,2,
65,162,163,
66,0,1,
66,0,3,
66,0,89,
66,1,29,
66,4,155,
66,6,1,
66,17,171,
66,19,16,
66,36,161,
66,38,0,
66,108,8,
66,127,15,
67,0,9,
67,0,35,
67,0,60,
67,0,103,
67,1,0,
67,1,35,
67,2,0,
67,2,0,
67,4,1,
67,5,0,
67,6,0,
67,6,1,
67,6,15,
67,30,135,
67,65,27,
67,90,25,
67,158,7,
68,0,7,
68,0,22,
68,0,25,
68,2,117,
68,11,161,
68,24,123,
68,57,24,
68,74,5,
68,89,13,
69,0,2,
69,0,20,
69,1,4,
69,1,16,
69,1,67,
69,1,99,
69,3,12,
69,3,128,
69,5,1,
69,6,137,
69,58,0,
69,70,8,
69,72,60,
69,91,2,
69,118,18,
70,0,0,
70,0,2,
70,0,9,
70,0,11,
70,0,29,
70,1,1,
70,1,1,
70,1,53,
70,3,2,
70,15,34,
70,36,0,
70,72,4,
71,0,5,
71,0,49,
71,1,13,
71,1,52,
71,1,97,
71,1,101,
71,2,21,
71,3,42,
71,3,58,
71,4,8,
71,5,9,
71,15,1,
71,19,10,
71,25,6,
71,25,67,
71,26,20,
71,46,10,
71,49,35,
71,57,0,
71,75,0,
72,0,2,
72,1,8,
72,1,96,
72,3,33,
72,7,1,
72,7,176,
72,10,0,
72,11,3,
72,16,1,
72,16,19,
72,20,13,
72,36,6,
72,113,5,
72,131,9,
72,135,37,
72,154,88,
73,0,0,
73,0,33,
73,1,4,
73,2,4,
73,8,8,
73,10,138,
73,20,26,
73,62,83,
74,0,0,
74,0,18,
74,1,0,
74,1,10,
74,1,30,
74,1,66,
74,1,111,
74,2,4,
74,2,41,
74,3,1,
74,9,4,
74,10,97,
74,29,3,
74,35,109,
74,57,6,
74,82,2,
74,101,38,
74,164,0,
75,0,1,
75,3,60,
75,3,97,
75,5,5,
75,5,12,
75,7,40,
75,12,35,
75,16,1,
75,36,170,
75,149,37,
75,153,0,
76,0,30,
76,1,20,
76,1,35,
76,1,107,
76,2,5,
76,4,2,
76,10,1,
76,41,50,
76,58,73,
76,83,111,
76,91,1,
76,106,39,
76,119,11,
77,0,0,
77,1,1,
77,1,14,
77,1,98,
77,2,156,
77,3,7,
77,3,33,
77,4,0,
77,6,10,
77,9,113,
77,11,0,
77,14,0,
77,15,76,
77,20,13,
77,25,157,
77,27,42,
77,36,0,
77,47,2,
77,53,41,
77,65,6,
77,86,57,
77,101,149,
77,135,77,
78,0,31,
78,1,11,
78,10,33,
78,10,140,
78,15,130,
78,19,173,
78,20,0,
78,21,25,
78,22,2,
78,24,95,
78,27,15,
78,47,87,
78,48,1,
78,63,54,
78,96,0,
78,108,77,
79,0,6,
79,0,114,
79,2,98,
79,4,1,
79,8,39,
79,14,0,
79,21,17,
79,30,130,
79,82,31,
79,152,45,
80,3,116,
80,5,3,
80,6,1,
80,6,11,
80,11,61,
80,15,2,
80,34,0,
80,57,3,
80,61,45,
80,100,22,
80,129,17,
80,165,11,
81,0,2,
81,0,3,
81,1,3,
81,1,99,
81,3,0,
81,4,0,
81,5,2,
81,6,13,
81,6,70,
81,6,161,
81,11,2,
81,17,80,
81,27,1,
81,29,0,
81,44,2,
81,57,21,
81,64,55,
81,145,1,
82,0,1,
82,0,115,
82,1,0,
82,7,103,
82,9,7,
82,9,114,
82,18,27,
82,21,53,
82,23,119,
82,53,2,
82,103,148,
83,0,0,
83,0,50,
83,2,6,
83,16,10,
83,17,53,
83,18,0,
83,18,67,
83,27,54,
83,30,106,
83,33,4,
83,41,0,
83,100,0,
83,102,64,
83,107,2,
83,112,21,
83,120,5,
83,156,0,
84,0,54,
84,2,6,
84,4,1,
84,4,1,
84,10,0,
84,11,19,
84,13,0,
84,17,50,
84,22,150,
84,35,168,
84,52,5,
84,113,104,
85,0,7,
85,0,128,
85,3,0,
85,18,43,
85,21,30,
85,24,15,
85,87,12,
85,174,0,
86,0,61,
86,1,1,
86,1,165,
86,3,23,
86,4,5,
86,7,120,
86,8,178,
86,12,154,
86,39,2,
86,49,1,
86,75,6,
86,82,167,
86,103,36,
86,171,0,
87,0,1,
87,0,82,
87,1,27,
87,2,0,
87,2,0,
87,2,4,
87,2,27,
87,13,28,
87,16,1,
87,55,137,
87,86,0,
87,100,157,
87,138,83,
87,170,8,
88,0,24,
88,2,3,
88,2,124,
88,9,6,
88,15,2,
88,50,18,
88,71,4,
89,2,1,
89,4,0,
89,4,8,
89,4,30,
89,4,66,
89,6,6,
89,15,13,
89,19,3,
89,22,143,
89,53,134,
89,147,40,
90,0,170,
90,5,18,
90,8,16,
90,12,0,
90,21,0,
90,41,139,
90,42,1,
90,57,14,
90,67,93,
91,1,3,
91,2,0,
91,2,151,
91,26,4,
91,32,0,
91,44,0,
91,44,3,
91,70,53,
91,86,17,
91,87,55,
91,100,39,
91,110,9,
91,114,2,
91,148,5,
92,0,162,
92,2,0,
92,2,0,
92,5,54,
92,6,2,
92,10,2,
92,14,4,
92,25,11,
92,32,31,
92,43,3,
92,44,80,
92,60,0,
92,66,9,
92,84,81,
93,0,4,
93,1,5,
93,1,85,
93,1,92,
93,2,0,
93,8,16,
93,9,7,
93,11,87,
93,12,0,
93,16,0,
93,16,1,
93,24,160,
93,27,15,
93,61,1,
93,84,4,
93,94,83,
93,153,35,
94,0,14,
94,2,0,
94,3,25,
94,4,52,
94,5,11,
94,11,1,
94,12,2,
94,18,10,
94,24,16,
94,31,30,
94,39,2,
94,55,80,
94,60,1,
94,111,4,
94,137,2,
95,0,13,
95,4,29,
95,11,0,
95,11,1,
95,18,4,
95,68,12,
95,73,28,
95,91,4,
96,0,22,
96,0,76,
96,0,141,
96,1,5,
96,4,0,
96,6,3,
96,10,20,
96,11,26,
96,55,46,
96,69,17,
97,2,11,
97,3,4,
97,3,127,
97,5,5,
97,6,0,
97,20,11,
97,31,0,
97,49,0,
97,50,22,
98,0,78,
98,5,23,
98,8,23,
98,28,9,
98,59,6,
98,76,7,
98,95,9,
98,153,2,
98,160,2,
99,0,2,
99,0,5,
99,0,62,
99,0,66,
99,1,0,
99,3,3,
99,10,3,
99,11,67,
99,12,55,
99,36,151,
99,66,0,
99,70,15,
100,0,2,
100,0,3,
100,0,4,
100,0,94,
100,5,45,
100,12,1,
100,21,80,
100,33,42,
100,39,3,
100,55,2,
100,103,56,
100,105,87,
100,139,119,
100,142,1,
101,3,110,
101,5,5,
101,6,10,
101,6,66,
101,24,3,
101,28,146,
101,71,9,
101,101,82,
101,118,2,
102,3,1,
102,39,39,
102,66,2,
103,1,12,
103,1,15,
103,1,74,
103,3,106,
103,4,7,
103,5,10,
103,5,110,
103,15,2,
103,29,0,
103,46,0,
103,72,1,
103,75,1,
103,97,33,
103,118,3,
104,0,1,
104,0,3,
104,0,11,
104,3,36,
104,10,150,
104,19,88,
104,21,79,
104,38,126,
104,54,0,
104,73,1,
104,89,9,
104,103,6,
104,148,60,
104,177,2,
105,0,0,
105,4,10,
105,4,28,
105,6,94,
105,20,10,
105,21,4,
105,40,119,
105,56,0,
105,69,10,
105,112,1,
106,0,6,
106,0,14,
106,0,18,
106,1,126,
106,4,0,
106,6,1,
106,10,130,
106,12,3,
106,16,37,
106,40,67,
106,68,90,
107,0,3,
107,0,8,
107,0,34,
107,0,178,
107,2,3,
107,2,26,
107,4,10,
107,13,36,
107,25,6,
107,40,4,
107,61,1,
107,74,47,
107,161,5,
108,1,38,
108,1,40,
108,4,6,
108,31,58,
108,129,1,
109,6,6,
109,6,9,
109,7,152,
109,8,26,
109,10,30,
109,19,0,
109,40,76,
109,64,0,
109,117,97,
110,0,0,
110,0,7,
110,2,1,
110,6,20,
110,9,0,
110,12,3,
110,21,63,
110,28,4,
110,39,20,
110,104,0,
111,0,1,
111,26,8,
111,35,11,
111,37,47,
111,76,3,
112,0,2,
112,2,103,
112,3,8,
112,8,106,
112,13,32,
112,13,79,
112,15,15,
112,26,5,
112,30,6,
112,35,36,
112,65,1,
112,111,3,
112,129,1,
113,0,0,
113,6,58,
113,10,0,
113,19,1,
113,24,95,
113,29,9,
113,33,52,
113,50,1,
113,55,119,
113,78,6,
114,0,0,
114,0,4,
114,0,72,
114,0,173,
114,2,13,
114,2,31,
114,4,2,
114,24,136,
114,26,26,
114,36,0,
114,39,22,
114,63,26,
114,161,74,
115,0,2,
115,2,26,
115,3,15,
115,8,45,
115,17,0,
115,20,1,
115,63,15,
115,68,109,
116,1,0,
116,1,5,
116,1,51,
116,4,0,
116,4,18,
116,5,3,
116,5,14,
116,7,144,
116,9,5,
116,12,45,
116,19,1,
116,35,0,
116,62,4,
116,87,3,
116,99,0,
116,151,4,
117,0,0,
117,0,0,
117,0,2,
117,0,6,
117,0,26,
117,3,69,
117,76,50,
118,0,13,
118,1,15,
118,3,20,
118,4,2,
118,22,148,
118,25,3,
118,29,2,
119,0,0,
119,1,17,
119,8,3,
119,14,6,
119,25,0,
119,69,72,
120,0,3,
120,1,1,
120,5,16,
120,7,0,
120,16,4,
120,40,4,
120,47,5,
120,55,0,
120,153,0,
120,171,20,
121,0,5,
121,0,6,
121,0,74,
121,0,79,
121,2,38,
121,11,0,
121,19,16,
121,27,17,
121,44,0,
121,48,0,
121,48,5,
121,57,114,
121,109,20,
122,0,42,
122,1,31,
122,1,55,
122,2,1,
122,7,68,
122,12,129,
122,18,0,
122,45,19,
123,3,38,
123,5,42,
123,11,63,
123,14,4,
123,19,3,
123,24,60,
123,52,24,
123,56,80,
124,0,68,
124,11,78,
124,14,1,
124,28,7,
124,33,7,
124,54,27,
124,60,3,
124,64,12,
124,121,11,
124,149,10,
124,160,150,
125,0,3,
125,0,8,
125,2,2,
125,3,90,
125,12,1,
125,23,1,
125,32,4,
125,104,4,
126,1,0,
126,1,21,
126,7,174,
126,15,166,
126,81,43,
126,109,7,
126,144,95,
126,160,14,
127,0,104,
127,1,0,
127,1,27,
127,2,3,
127,2,18,
127,2,53,
127,13,4,
127,108,2,
128,0,9,
128,0,63,
128,1,11,
128,5,35,
128,13,41,
128,68,0,
128,86,5,
129,0,3,
129,0,9,
129,5,0,
129,7,134,
129,8,67,
129,14,0,
129,15,103,
129,121,1,
130,2,1,
130,3,12,
130,4,1,
130,6,17,
130,11,91,
130,28,59,
130,28,155,
130,86,42,
130,106,25,
131,0,0,
131,0,5,
131,0,10,
131,0,71,
131,3,3,
131,3,78,
131,8,30,
131,11,141,
131,95,89,
132,0,72,
132,3,7,
132,4,58,
132,33,7,
132,55,4,
132,137,8,
133,1,0,
133,3,124,
133,7,4,
133,14,9,
133,16,19,
133,17,5,
133,24,4,
133,37,6,
133,122,12,
134,5,62,
134,30,3,
134,60,20,
134,177,146,
135,0,12,
135,1,1,
135,8,11,
135,31,164,
135,36,15,
135,111,2,
135,178,4,
136,2,38,
136,3,10,
136,18,0,
136,19,96,
136,43,73,
136,175,81,
137,0,3,
137,0,17,
137,0,35,
137,2,0,
137,5,0,
137,5,29,
137,6,9,
137,9,32,
137,27,43,
138,0,94,
138,3,22,
138,5,2,
138,6,25,
138,29,5,
139,0,2,
139,0,4,
139,0,69,
139,1,70,
139,17,40,
139,29,119,
139,108,28,
140,1,8,
140,2,13,
140,3,9,
140,41,2,
140,52,3,
141,4,3,
141,13,1,
141,19,4,
141,42,52,
141,61,0,
141,151,11,
141,155,51,
142,5,0,
142,9,175,
142,11,74,
142,162,66,
143,0,40,
143,5,21,
143,140,44,
144,0,24,
144,1,0,
144,2,114,
144,10,58,
144,177,173,
145,12,36,
145,74,2,
145,99,42,
145,126,2,
146,1,10,
146,1,51,
146,3,2,
146,6,24,
146,7,13,
146,8,9,
146,23,0,
146,36,8,
146,45,8,
147,0,163,
147,1,34,
147,7,6,
147,12,0,
147,12,1,
147,12,9,
147,50,29,
147,113,1,
147,120,45,
148,0,0,
148,7,6,
148,7,41,
148,10,0,
148,20,0,
148,51,7,
148,72,0,
148,166,1,
149,1,69,
149,3,115,
149,4,38,
149,49,35,
149,52,43,
149,157,29,
150,0,3,
150,6,6,
150,35,22,
150,37,5,
150,118,8,
151,1,29,
151,1,87,
151,11,2,
151,36,25,
151,40,35,
151,100,8,
151,171,109,
152,2,132,
152,103,43,
152,147,10,
153,0,5,
153,0,12,
153,24,35,
153,137,0,
154,0,20,
154,1,59,
154,7,33,
154,8,1,
154,14,31,
155,0,1,
155,3,54,
155,13,11,
155,22,31,
155,25,36,
155,48,3,
155,68,1,
155,93,3,
155,144,0,
156,0,1,
156,22,8,
156,28,1,
156,28,2,
156,29,0,
156,31,126,
156,37,0,
156,48,1,
156,99,15,
156,140,23,
157,2,103,
157,5,7,
157,7,0,
157,7,0,
157,10,8,
157,20,1,
157,23,12,
157,59,50,
157,74,108,
158,2,6,
158,3,10,
158,12,1,
158,12,58,
158,19,46,
158,21,70,
158,34,27,
158,35,0,
158,129,1,
158,161,19,
158,166,2,
159,0,11,
159,0,25,
159,2,3,
159,2,93,
159,3,7,
159,4,3,
159,6,3,
159,68,85,
159,69,126,
160,0,60,
160,3,111,
160,14,6,
160,46,168,
160,98,3,
161,0,12,
161,0,53,
161,0,114,
161,1,1,
161,1,48,
161,2,1,
161,9,6,
161,23,54,
161,68,12,
161,114,54,
162,1,16,
162,7,32,
162,13,1,
162,27,6,
162,35,137,
162,37,9,
162,38,4,
162,93,1,
163,1,3,
163,3,7,
163,3,75,
163,4,36,
163,7,0,
163,7,76,
164,0,2,
164,0,34,
164,1,4,
164,21,2,
164,155,6,
165,7,64,
165,38,89,
166,0,5,
166,0,17,
166,9,1,
166,16,8,
166,87,12,
166,102,2,
166,112,10,
167,2,4,
167,26,0,
167,38,55,
167,52,78,
167,54,36,
167,125,13,
167,171,35,
168,0,11,
168,5,1,
168,8,6,
168,20,1,
168,21,7,
168,28,22,
168,63,51,
168,138,3,
169,0,20,
169,0,21,
169,2,0,
169,4,13,
169,6,8,
169,7,99,
169,37,2,
169,89,0,
169,104,12,
170,0,143,
170,1,27,
170,4,0,
170,14,0,
171,0,6,
171,2,47,
171,3,14,
171,4,102,
171,7,127,
171,61,135,
171,93,86,
172,0,0,
172,2,144,
172,3,0,
172,8,35,
172,16,1,
172,16,107,
172,47,9,
172,84,110,
173,0,0,
173,0,0,
173,0,142,
173,2,37,
173,4,73,
173,6,21,
173,6,37,
173,12,48,
173,17,2,
173,41,154,
173,68,11,
173,113,1,
174,0,7,
174,0,14,
174,0,72,
174,0,97,
174,6,119,
174,144,0,
174,169,13,
175,1,6,
175,1,46,
175,2,61,
175,4,2,
175,5,12,
175,6,7,
175,12,1,
175,39,30,
175,159,0,
175,164,18,
176,1,10,
176,6,3,
176,7,0,
176,9,40,
176,34,1,
176,117,79,
176,118,166,
177,2,82,
177,27,8,
177,32,5,
177,69,18,
177,79,3,
177,140,54,
177,174,70,
178,0,88,
178,2,46,
178,13,2,
178,53,143,
178,54,0,
178,54,1,
179,13,10,
179,36,27,
179,73,77,
179,108,176,
179,113,2,
