0,0,0,
0,0,0,
0,0,0,
0,0,0,
0,0,0,
0,0,0,
0,0,0,
0,0,0,
0,0,0,
0,0,0,
0,0,0,
0,0,0,
0,0,0,
0,0,1,
0,0,1,
0,0,1,
0,0,1,
0,0,1,
0,0,1,
0,0,1,
0,0,2,
0,0,2,
0,0,2,
0,0,2,
0,0,2,
0,0,3,
0,0,3,
0,0,4,
0,0,4,
0,0,4,
0,0,4,
0,0,4,
0,0,4,
0,0,5,
0,0,5,
0,0,5,
0,0,5,
0,0,5,
0,0,6,
0,0,6,
0,0,7,
0,0,7,
0,0,8,
0,0,9,
0,0,9,
0,0,10,
0,0,11,
0,0,12,
0,0,12,
0,0,14,
0,0,14,
0,0,15,
0,0,16,
0,0,17,
0,0,18,
0,0,20,
0,0,20,
0,0,21,
0,0,22,
0,0,24,
0,0,25,
0,0,26,
0,0,28,
0,0,31,
0,0,32,
0,0,33,
0,0,34,
0,0,35,
0,0,35,
0,0,39,
0,0,41,
0,0,44,
0,0,45,
0,0,48,
0,0,57,
0,0,58,
0,0,58,
0,0,63,
0,0,63,
0,0,66,
0,0,71,
0,0,73,
0,0,76,
0,0,82,
0,0,84,
0,0,89,
0,0,94,
0,0,115,
0,0,119,
0,0,120,
0,0,124,
0,0,125,
0,0,130,
0,0,140,
0,0,147,
0,0,155,
0,0,164,
0,0,174,
0,1,0,
0,1,0,
0,1,0,
0,1,0,
0,1,0,
0,1,0,
0,1,1,
0,1,1,
0,1,2,
0,1,2,
0,1,4,
0,1,4,
0,1,4,
0,1,6,
0,1,6,
0,1,6,
0,1,6,
0,1,6,
0,1,7,
0,1,8,
0,1,9,
0,1,10,
0,1,10,
0,1,11,
0,1,11,
0,1,11,
0,1,12,
0,1,14,
0,1,16,
0,1,16,
0,1,17,
0,1,17,
0,1,18,
0,1,21,
0,1,23,
0,1,23,
0,1,25,
0,1,27,
0,1,27,
0,1,28,
0,1,29,
0,1,30,
0,1,31,
0,1,34,
0,1,34,
0,1,37,
0,1,38,
0,1,76,
0,1,78,
0,1,78,
0,1,96,
0,1,124,
0,1,139,
0,1,155,
0,1,158,
0,2,0,
0,2,0,
0,2,0,
0,2,0,
0,2,1,
0,2,1,
0,2,1,
0,2,1,
0,2,1,
0,2,1,
0,2,2,
0,2,2,
0,2,2,
0,2,2,
0,2,2,
0,2,3,
0,2,4,
0,2,4,
0,2,5,
0,2,7,
0,2,8,
0,2,8,
0,2,9,
0,2,9,
0,2,15,
0,2,18,
0,2,20,
0,2,38,
0,2,48,
0,2,57,
0,2,58,
0,2,60,
0,2,76,
0,2,83,
0,2,96,
0,2,96,
0,2,123,
0,2,132,
0,2,134,
0,2,140,
0,2,153,
0,3,0,
0,3,0,
0,3,0,
0,3,0,
0,3,0,
0,3,0,
0,3,1,
0,3,1,
0,3,1,
0,3,2,
0,3,2,
0,3,3,
0,3,3,
0,3,6,
0,3,6,
0,3,6,
0,3,7,
0,3,10,
0,3,12,
0,3,13,
0,3,13,
0,3,14,
0,3,14,
0,3,15,
0,3,16,
0,3,18,
0,3,27,
0,3,31,
0,3,35,
0,3,36,
0,3,39,
0,3,44,
0,3,47,
0,3,49,
0,3,50,
0,3,52,
0,3,56,
0,3,74,
0,3,110,
0,3,124,
0,3,130,
0,3,160,
0,3,161,
0,4,0,
0,4,0,
0,4,0,
0,4,0,
0,4,0,
0,4,0,
0,4,1,
0,4,2,
0,4,2,
0,4,2,
0,4,3,
0,4,3,
0,4,5,
0,4,8,
0,4,8,
0,4,10,
0,4,10,
0,4,11,
0,4,12,
0,4,13,
0,4,13,
0,4,17,
0,4,22,
0,4,23,
0,4,39,
0,4,75,
0,4,173,
0,5,0,
0,5,0,
0,5,0,
0,5,0,
0,5,2,
0,5,2,
0,5,2,
0,5,2,
0,5,5,
0,5,7,
0,5,8,
0,5,8,
0,5,15,
0,5,15,
0,5,17,
0,5,31,
0,5,43,
0,5,67,
0,5,71,
0,5,85,
0,5,94,
0,5,103,
0,5,147,
0,6,0,
0,6,0,
0,6,0,
0,6,0,
0,6,0,
0,6,0,
0,6,1,
0,6,1,
0,6,1,
0,6,2,
0,6,3,
0,6,6,
0,6,8,
0,6,10,
0,6,11,
0,6,14,
0,6,18,
0,6,18,
0,6,19,
0,6,20,
0,6,23,
0,6,28,
0,6,41,
0,6,49,
0,6,70,
0,6,76,
0,6,83,
0,6,142,
0,7,0,
0,7,0,
0,7,0,
0,7,0,
0,7,1,
0,7,1,
0,7,2,
0,7,3,
0,7,4,
0,7,4,
0,7,4,
0,7,6,
0,7,8,
0,7,12,
0,7,15,
0,7,46,
0,7,46,
0,7,58,
0,7,63,
0,7,63,
0,7,69,
0,7,74,
0,7,174,
0,8,0,
0,8,0,
0,8,4,
0,8,4,
0,8,4,
0,8,12,
0,8,15,
0,8,23,
0,8,38,
0,8,71,
0,8,110,
0,8,144,
0,9,0,
0,9,3,
0,9,3,
0,9,6,
0,9,7,
0,9,8,
0,9,17,
0,9,36,
0,9,71,
0,9,82,
0,9,92,
0,9,128,
0,10,0,
0,10,0,
0,10,0,
0,10,1,
0,10,6,
0,10,7,
0,10,9,
0,10,15,
0,10,24,
0,10,24,
0,10,28,
0,10,29,
0,10,29,
0,10,65,
0,10,72,
0,10,79,
0,10,86,
0,10,128,
0,10,179,
0,11,1,
0,11,2,
0,11,4,
0,11,6,
0,11,7,
0,11,7,
0,11,9,
0,11,11,
0,11,31,
0,11,33,
0,11,64,
0,11,107,
0,11,159,
0,12,0,
0,12,0,
0,12,0,
0,12,5,
0,12,7,
0,12,15,
0,12,48,
0,12,73,
0,12,127,
0,13,0,
0,13,0,
0,13,1,
0,13,1,
0,13,1,
0,13,1,
0,13,1,
0,13,2,
0,13,2,
0,13,2,
0,13,2,
0,13,5,
0,13,7,
0,13,7,
0,13,21,
0,13,36,
0,13,37,
0,14,0,
0,14,0,
0,14,8,
0,14,8,
0,14,9,
0,14,11,
0,14,55,
0,14,78,
0,14,122,
0,15,0,
0,15,0,
0,15,1,
0,15,4,
0,15,8,
0,15,173,
0,16,0,
0,16,0,
0,16,0,
0,16,1,
0,16,6,
0,16,9,
0,16,9,
0,16,85,
0,16,146,
0,17,0,
0,17,0,
0,17,0,
0,17,1,
0,17,4,
0,17,8,
0,17,13,
0,17,48,
0,17,60,
0,17,60,
0,17,78,
0,17,82,
0,17,97,
0,17,114,
0,18,3,
0,18,33,
0,18,155,
0,19,1,
0,19,3,
0,19,4,
0,19,5,
0,19,8,
0,19,17,
0,19,48,
0,19,171,
0,20,1,
0,20,2,
0,20,3,
0,20,31,
0,20,51,
0,20,62,
0,20,110,
0,20,176,
0,21,35,
0,21,68,
0,21,97,
0,22,0,
0,22,3,
0,22,6,
0,22,54,
0,22,98,
0,22,168,
0,23,0,
0,23,13,
0,23,19,
0,24,1,
0,24,3,
0,24,6,
0,25,0,
0,25,2,
0,25,4,
0,25,31,
0,25,52,
0,25,95,
0,25,166,
0,26,2,
0,26,8,
0,26,11,
0,26,22,
0,26,62,
0,26,95,
0,27,1,
0,27,1,
0,27,2,
0,28,0,
0,28,11,
0,29,1,
0,29,2,
0,29,2,
0,29,6,
0,29,40,
0,29,101,
0,30,0,
0,30,31,
0,31,0,
0,31,3,
0,31,15,
0,31,73,
0,32,46,
0,32,169,
0,33,0,
0,33,2,
0,33,166,
0,34,1,
0,34,1,
0,34,2,
0,35,0,
0,35,8,
0,35,8,
0,35,37,
0,35,41,
0,36,0,
0,36,9,
0,36,13,
0,36,107,
0,37,0,
0,37,2,
0,37,12,
0,37,17,
0,37,18,
0,37,18,
0,37,26,
0,38,1,
0,38,5,
0,38,21,
0,38,38,
0,38,120,
0,38,127,
0,39,1,
0,39,4,
0,39,23,
0,39,36,
0,40,5,
0,41,0,
0,41,12,
0,42,5,
0,42,8,
0,42,27,
0,43,10,
0,43,11,
0,43,123,
0,43,138,
0,44,103,
0,45,1,
0,45,2,
0,46,3,
0,47,0,
0,47,1,
0,47,7,
0,47,107,
0,47,142,
0,48,14,
0,49,7,
0,50,1,
0,50,3,
0,50,16,
0,50,20,
0,51,135,
0,52,6,
0,53,31,
0,53,134,
0,54,33,
0,55,1,
0,55,2,
0,55,6,
0,55,9,
0,55,32,
0,56,1,
0,56,31,
0,57,1,
0,57,13,
0,57,107,
0,58,2,
0,58,61,
0,59,18,
0,59,32,
0,59,75,
0,60,4,
0,60,7,
0,60,19,
0,61,89,
0,61,173,
0,62,10,
0,62,45,
0,63,0,
0,63,3,
0,63,8,
0,63,28,
0,63,34,
0,63,113,
0,64,5,
0,64,22,
0,64,61,
0,65,34,
0,66,1,
0,66,31,
0,67,0,
0,67,23,
0,67,173,
0,68,27,
0,68,85,
0,69,0,
0,70,0,
0,70,1,
0,71,6,
0,71,30,
0,71,39,
0,71,127,
0,71,150,
0,72,4,
0,72,7,
0,72,65,
0,72,125,
0,73,7,
0,73,62,
0,74,1,
0,74,11,
0,74,91,
0,75,0,
0,75,0,
0,75,2,
0,75,5,
0,75,103,
0,77,66,
0,77,100,
0,77,173,
0,79,1,
0,79,2,
0,79,8,
0,80,0,
0,80,1,
0,82,132,
0,83,6,
0,83,30,
0,84,4,
0,84,5,
0,84,6,
0,85,22,
0,87,2,
0,87,8,
0,87,10,
0,87,66,
0,88,133,
0,89,30,
0,90,12,
0,91,1,
0,91,33,
0,92,24,
0,92,67,
0,93,55,
0,94,23,
0,95,56,
0,96,1,
0,96,23,
0,96,168,
0,97,9,
0,97,69,
0,98,0,
0,98,19,
0,99,0,
0,99,1,
0,99,37,
0,100,0,
0,100,11,
0,100,44,
0,101,58,
0,101,76,
0,101,93,
0,101,170,
0,102,14,
0,102,31,
0,104,17,
0,104,65,
0,105,9,
0,106,1,
0,106,2,
0,106,100,
0,107,30,
0,110,0,
0,111,1,
0,111,7,
0,111,38,
0,113,1,
0,113,9,
0,113,108,
0,117,1,
0,118,0,
0,119,18,
0,120,0,
0,120,30,
0,121,99,
0,123,5,
0,123,35,
0,124,0,
0,124,0,
0,124,7,
0,124,120,
0,125,12,
0,126,175,
0,127,133,
0,129,2,
0,130,0,
0,134,21,
0,134,71,
0,138,3,
0,141,0,
0,141,3,
0,141,51,
0,141,155,
0,142,2,
0,142,11,
0,143,1,
0,143,36,
0,144,1,
0,147,1,
0,147,51,
0,150,0,
0,153,9,
0,153,21,
0,155,46,
0,156,36,
0,157,108,
0,158,159,
0,160,0,
0,160,16,
0,163,170,
0,164,110,
0,165,13,
0,168,25,
0,169,69,
0,170,39,
0,171,1,
0,171,5,
0,172,9,
0,173,1,
0,173,9,
0,173,75,
0,174,13,
0,175,82,
0,176,0,
0,178,0,
0,178,16,
1,0,0,
1,0,0,
1,0,0,
1,0,0,
1,0,0,
1,0,0,
1,0,0,
1,0,0,
1,0,1,
1,0,1,
1,0,1,
1,0,2,
1,0,2,
1,0,2,
1,0,3,
1,0,3,
1,0,3,
1,0,3,
1,0,3,
1,0,3,
1,0,4,
1,0,5,
1,0,5,
1,0,6,
1,0,7,
1,0,7,
1,0,8,
1,0,10,
1,0,11,
1,0,11,
1,0,12,
1,0,14,
1,0,14,
1,0,16,
1,0,18,
1,0,19,
1,0,22,
1,0,23,
1,0,25,
1,0,25,
1,0,27,
1,0,30,
1,0,30,
1,0,32,
1,0,53,
1,0,54,
1,0,58,
1,0,62,
1,0,75,
1,0,89,
1,0,104,
1,0,114,
1,0,119,
1,0,149,
1,0,155,
1,0,167,
1,0,168,
1,0,175,
1,1,0,
1,1,0,
1,1,0,
1,1,0,
1,1,0,
1,1,0,
1,1,0,
1,1,1,
1,1,1,
1,1,1,
1,1,2,
1,1,3,
1,1,3,
1,1,3,
1,1,4,
1,1,6,
1,1,8,
1,1,10,
1,1,10,
1,1,23,
1,1,38,
1,1,52,
1,1,67,
1,1,98,
1,1,107,
1,1,128,
1,1,138,
1,1,141,
1,1,160,
1,2,0,
1,2,0,
1,2,0,
1,2,0,
1,2,0,
1,2,1,
1,2,2,
1,2,2,
1,2,3,
1,2,6,
1,2,6,
1,2,7,
1,2,7,
1,2,14,
1,2,17,
1,2,18,
1,2,27,
1,2,33,
1,2,46,
1,2,47,
1,2,52,
1,2,81,
1,2,149,
1,2,151,
1,2,156,
1,3,0,
1,3,0,
1,3,0,
1,3,0,
1,3,1,
1,3,1,
1,3,1,
1,3,2,
1,3,3,
1,3,3,
1,3,3,
1,3,4,
1,3,6,
1,3,7,
1,3,9,
1,3,10,
1,3,11,
1,3,20,
1,3,28,
1,3,39,
1,3,41,
1,3,45,
1,3,54,
1,3,55,
1,3,79,
1,3,84,
1,3,144,
1,3,167,
1,4,0,
1,4,2,
1,4,2,
1,4,3,
1,4,8,
1,4,9,
1,4,18,
1,4,22,
1,4,24,
1,4,27,
1,4,60,
1,4,161,
1,5,0,
1,5,0,
1,5,0,
1,5,2,
1,5,5,
1,5,5,
1,5,9,
1,5,16,
1,5,21,
1,5,24,
1,5,25,
1,5,25,
1,5,43,
1,5,58,
1,5,179,
1,6,1,
1,6,2,
1,6,5,
1,6,8,
1,6,32,
1,6,44,
1,6,86,
1,6,99,
1,7,0,
1,7,0,
1,7,0,
1,7,3,
1,7,12,
1,7,32,
1,7,44,
1,7,66,
1,8,0,
1,8,1,
1,8,1,
1,8,2,
1,8,28,
1,8,34,
1,8,92,
1,9,0,
1,9,1,
1,9,2,
1,9,2,
1,9,7,
1,9,8,
1,9,10,
1,9,28,
1,9,48,
1,9,74,
1,9,167,
1,10,0,
1,10,1,
1,10,13,
1,10,15,
1,10,33,
1,10,39,
1,10,50,
1,11,0,
1,11,1,
1,11,7,
1,11,70,
1,11,70,
1,11,73,
1,11,114,
1,12,0,
1,12,51,
1,12,106,
1,12,123,
1,12,148,
1,13,1,
1,13,2,
1,13,3,
1,13,8,
1,13,15,
1,13,18,
1,13,61,
1,13,84,
1,13,117,
1,14,0,
1,14,0,
1,14,0,
1,14,3,
1,14,27,
1,14,45,
1,14,59,
1,14,149,
1,15,0,
1,15,0,
1,15,1,
1,15,1,
1,15,2,
1,15,95,
1,16,0,
1,16,0,
1,16,0,
1,16,41,
1,17,0,
1,17,20,
1,17,46,
1,17,101,
1,17,135,
1,18,0,
1,18,0,
1,18,0,
1,18,1,
1,18,2,
1,18,13,
1,18,22,
1,18,52,
1,20,4,
1,20,12,
1,20,23,
1,20,49,
1,21,0,
1,21,4,
1,21,69,
1,22,8,
1,22,15,
1,22,70,
1,23,4,
1,23,13,
1,23,14,
1,23,16,
1,23,32,
1,23,47,
1,23,86,
1,23,98,
1,23,151,
1,24,2,
1,24,2,
1,25,0,
1,25,0,
1,26,26,
1,26,169,
1,27,16,
1,27,56,
1,28,4,
1,28,13,
1,28,21,
1,29,0,
1,29,12,
1,29,24,
1,30,24,
1,31,0,
1,31,1,
1,32,7,
1,32,22,
1,32,32,
1,32,50,
1,32,125,
1,32,136,
1,34,0,
1,34,3,
1,34,58,
1,35,10,
1,35,29,
1,35,102,
1,36,13,
1,37,22,
1,37,71,
1,38,0,
1,38,12,
1,38,124,
1,38,149,
1,39,3,
1,39,23,
1,39,32,
1,39,45,
1,39,84,
1,40,0,
1,40,61,
1,41,0,
1,41,20,
1,45,3,
1,45,4,
1,45,15,
1,45,170,
1,46,0,
1,46,19,
1,47,0,
1,47,1,
1,48,3,
1,48,7,
1,49,91,
1,50,57,
1,51,10,
1,53,0,
1,54,9,
1,54,21,
1,56,12,
1,57,8,
1,57,82,
1,58,173,
1,59,0,
1,59,73,
1,60,8,
1,62,19,
1,63,3,
1,63,29,
1,64,0,
1,65,8,
1,65,25,
1,66,1,
1,67,178,
1,68,95,
1,69,35,
1,70,102,
1,71,15,
1,72,0,
1,72,1,
1,72,112,
1,73,1,
1,73,5,
1,74,1,
1,74,42,
1,75,10,
1,75,23,
1,76,3,
1,76,5,
1,76,26,
1,78,1,
1,79,4,
1,79,32,
1,80,3,
1,80,29,
1,83,0,
1,87,54,
1,88,150,
1,89,0,
1,89,3,
1,91,1,
1,92,4,
1,94,46,
1,94,85,
1,95,61,
1,96,12,
1,96,13,
1,97,17,
1,97,30,
1,99,129,
1,102,2,
1,103,6,
1,103,24,
1,108,7,
1,108,10,
1,109,32,
1,109,81,
1,110,1,
1,110,88,
1,111,0,
1,111,15,
1,111,36,
1,113,8,
1,113,27,
1,116,0,
1,116,54,
1,117,11,
1,118,121,
1,122,15,
1,122,48,
1,123,6,
1,123,174,
1,126,12,
1,126,109,
1,127,116,
1,130,70,
1,131,132,
1,133,14,
1,140,84,
1,142,3,
1,146,0,
1,146,46,
1,151,9,
1,153,47,
1,157,12,
1,159,52,
1,163,0,
1,164,5,
1,167,14,
1,167,20,
1,168,25,
1,173,13,
1,174,1,
1,174,16,
1,175,1,
1,175,6,
1,175,18,
1,175,28,
1,176,5,
1,176,6,
1,177,91,
1,178,134,
2,0,0,
2,0,0,
2,0,0,
2,0,0,
2,0,0,
2,0,1,
2,0,1,
2,0,1,
2,0,1,
2,0,2,
2,0,2,
2,0,2,
2,0,2,
2,0,2,
2,0,3,
2,0,5,
2,0,6,
2,0,6,
2,0,7,
2,0,8,
2,0,9,
2,0,9,
2,0,11,
2,0,13,
2,0,13,
2,0,14,
2,0,14,
2,0,14,
2,0,15,
2,0,17,
2,0,21,
2,0,21,
2,0,26,
2,0,27,
2,0,28,
2,0,38,
2,0,45,
2,0,47,
2,0,95,
2,0,131,
2,0,165,
2,1,0,
2,1,0,
2,1,1,
2,1,2,
2,1,2,
2,1,2,
2,1,3,
2,1,4,
2,1,5,
2,1,8,
2,1,9,
2,1,13,
2,1,13,
2,1,13,
2,1,23,
2,1,25,
2,1,25,
2,1,33,
2,1,35,
2,1,63,
2,1,69,
2,1,90,
2,1,91,
2,1,98,
2,1,150,
2,1,164,
2,2,0,
2,2,0,
2,2,0,
2,2,1,
2,2,1,
2,2,2,
2,2,2,
2,2,2,
2,2,2,
2,2,2,
2,2,4,
2,2,8,
2,2,9,
2,2,11,
2,2,17,
2,2,37,
2,2,45,
2,2,46,
2,2,111,
2,2,130,
2,2,143,
2,3,1,
2,3,2,
2,3,4,
2,3,5,
2,3,6,
2,3,7,
2,3,23,
2,3,28,
2,3,66,
2,4,0,
2,4,1,
2,4,3,
2,4,4,
2,4,4,
2,4,11,
2,4,74,
2,4,88,
2,4,94,
2,4,101,
2,4,139,
2,5,1,
2,5,2,
2,5,2,
2,5,3,
2,5,4,
2,5,15,
2,5,19,
2,5,33,
2,5,41,
2,5,61,
2,5,146,
2,6,4,
2,6,4,
2,6,5,
2,6,13,
2,6,74,
2,7,0,
2,7,0,
2,7,3,
2,7,13,
2,7,25,
2,8,172,
2,9,0,
2,9,1,
2,9,1,
2,9,10,
2,9,49,
2,9,108,
2,9,130,
2,10,0,
2,10,5,
2,10,19,
2,10,21,
2,11,0,
2,11,1,
2,11,5,
2,11,5,
2,11,20,
2,11,54,
2,11,166,
2,12,1,
2,12,2,
2,12,5,
2,12,76,
2,13,9,
2,13,9,
2,13,37,
2,13,41,
2,13,124,
2,14,17,
2,14,63,
2,15,10,
2,15,13,
2,15,59,
2,15,115,
2,16,1,
2,16,28,
2,16,38,
2,17,3,
2,17,7,
2,18,33,
2,18,87,
2,20,4,
2,20,9,
2,20,16,
2,21,2,
2,21,6,
2,21,6,
2,21,9,
2,21,9,
2,21,17,
2,21,27,
2,21,110,
2,22,18,
2,23,97,
2,25,0,
2,25,3,
2,25,16,
2,25,20,
2,26,0,
2,26,0,
2,26,5,
2,26,13,
2,27,47,
2,27,87,
2,28,8,
2,28,16,
2,29,0,
2,29,37,
2,30,0,
2,30,1,
2,31,0,
2,31,10,
2,31,12,
2,31,39,
2,32,153,
2,33,1,
2,33,2,
2,37,8,
2,37,17,
2,38,2,
2,38,9,
2,38,24,
2,38,31,
2,38,87,
2,41,1,
2,42,3,
2,43,1,
2,43,36,
2,44,0,
2,44,1,
2,44,1,
2,45,68,
2,46,5,
2,46,6,
2,48,177,
2,49,6,
2,50,12,
2,50,50,
2,51,18,
2,52,0,
2,52,57,
2,54,10,
2,55,0,
2,55,145,
2,57,5,
2,58,1,
2,58,34,
2,58,50,
2,59,0,
2,63,9,
2,64,1,
2,64,77,
2,65,0,
2,66,0,
2,66,48,
2,67,8,
2,67,14,
2,68,2,
2,68,44,
2,68,59,
2,69,2,
2,70,27,
2,72,104,
2,73,1,
2,73,5,
2,74,0,
2,74,41,
2,77,104,
2,79,0,
2,80,56,
2,85,0,
2,86,1,
2,86,12,
2,87,11,
2,87,95,
2,88,1,
2,89,62,
2,90,16,
2,91,0,
2,91,39,
2,92,26,
2,92,41,
2,94,11,
2,94,54,
2,94,87,
2,100,1,
2,102,30,
2,103,3,
2,103,6,
2,106,1,
2,107,54,
2,108,91,
2,109,151,
2,111,5,
2,114,2,
2,117,1,
2,117,5,
2,117,71,
2,118,2,
2,120,20,
2,122,18,
2,123,98,
2,123,125,
2,131,7,
2,132,6,
2,132,9,
2,137,9,
2,141,0,
2,143,5,
2,143,46,
2,146,69,
2,149,76,
2,151,1,
2,152,94,
2,154,56,
2,155,1,
2,156,0,
2,156,64,
2,157,4,
2,159,28,
2,160,1,
2,160,53,
2,163,71,
2,171,4,
2,173,60,
2,174,5,
2,177,2,
2,178,79,
3,0,0,
3,0,0,
3,0,0,
3,0,0,
3,0,0,
3,0,1,
3,0,1,
3,0,1,
3,0,2,
3,0,3,
3,0,3,
3,0,4,
3,0,4,
3,0,5,
3,0,6,
3,0,7,
3,0,13,
3,0,17,
3,0,17,
3,0,17,
3,0,19,
3,0,23,
3,0,27,
3,0,28,
3,0,33,
3,0,49,
3,0,50,
3,0,53,
3,0,62,
3,0,66,
3,0,88,
3,0,92,
3,0,104,
3,0,108,
3,0,130,
3,0,166,
3,1,0,
3,1,0,
3,1,0,
3,1,1,
3,1,2,
3,1,2,
3,1,2,
3,1,4,
3,1,4,
3,1,8,
3,1,17,
3,1,19,
3,1,26,
3,1,35,
3,1,75,
3,1,93,
3,1,99,
3,1,125,
3,2,4,
3,2,6,
3,2,7,
3,2,13,
3,2,16,
3,2,19,
3,2,33,
3,2,46,
3,2,77,
3,2,106,
3,2,136,
3,3,0,
3,3,0,
3,3,0,
3,3,0,
3,3,0,
3,3,2,
3,3,4,
3,3,5,
3,3,9,
3,3,24,
3,3,28,
3,3,37,
3,3,87,
3,3,134,
3,4,2,
3,4,3,
3,4,8,
3,4,10,
3,4,27,
3,4,27,
3,4,34,
3,4,40,
3,4,50,
3,5,0,
3,5,1,
3,5,2,
3,5,3,
3,5,29,
3,5,43,
3,5,52,
3,6,0,
3,6,0,
3,6,0,
3,6,1,
3,6,5,
3,6,20,
3,7,4,
3,7,4,
3,7,6,
3,7,6,
3,7,17,
3,7,21,
3,7,48,
3,7,64,
3,7,174,
3,8,2,
3,8,6,
3,8,76,
3,9,3,
3,9,12,
3,9,91,
3,9,113,
3,10,0,
3,10,9,
3,10,32,
3,10,64,
3,10,159,
3,11,2,
3,11,5,
3,11,7,
3,11,37,
3,11,145,
3,12,0,
3,12,2,
3,12,26,
3,12,42,
3,12,57,
3,13,0,
3,13,0,
3,13,1,
3,13,22,
3,13,87,
3,14,1,
3,15,37,
3,15,112,
3,16,0,
3,16,33,
3,16,126,
3,17,5,
3,17,14,
3,17,129,
3,18,13,
3,18,24,
3,19,2,
3,19,66,
3,20,25,
3,21,7,
3,21,18,
3,21,30,
3,22,1,
3,22,7,
3,22,79,
3,24,0,
3,24,1,
3,24,1,
3,24,124,
3,25,0,
3,25,61,
3,27,172,
3,28,1,
3,29,0,
3,29,12,
3,30,15,
3,31,0,
3,31,156,
3,33,5,
3,33,10,
3,33,33,
3,34,13,
3,35,1,
3,35,19,
3,36,1,
3,36,15,
3,39,8,
3,39,64,
3,41,4,
3,41,34,
3,41,68,
3,42,0,
3,42,87,
3,44,36,
3,44,166,
3,45,1,
3,45,29,
3,47,34,
3,47,45,
3,48,1,
3,48,13,
3,49,27,
3,50,4,
3,53,13,
3,54,3,
3,54,10,
3,55,0,
3,57,7,
3,58,63,
3,59,51,
3,61,2,
3,62,36,
3,62,40,
3,63,13,
3,63,104,
3,63,142,
3,64,4,
3,64,36,
3,66,0,
3,67,4,
3,69,0,
3,72,13,
3,77,0,
3,77,32,
3,78,2,
3,79,4,
3,79,15,
3,82,86,
3,86,9,
3,88,4,
3,91,134,
3,93,4,
3,93,35,
3,95,0,
3,95,8,
3,95,22,
3,99,12,
3,109,0,
3,113,11,
3,120,92,
3,123,151,
3,125,99,
3,131,0,
3,132,1,
3,135,53,
3,137,0,
3,140,0,
3,141,9,
3,141,9,
3,146,0,
3,146,23,
3,148,0,
3,152,4,
3,159,0,
3,160,119,
3,166,142,
3,169,0,
3,176,0,
3,179,3,
3,179,7,
4,0,0,
4,0,0,
4,0,0,
4,0,0,
4,0,0,
4,0,0,
4,0,1,
4,0,1,
4,0,5,
4,0,6,
4,0,6,
4,0,7,
4,0,8,
4,0,8,
4,0,13,
4,0,17,
4,0,26,
4,0,26,
4,0,33,
4,0,38,
4,0,45,
4,0,56,
4,0,75,
4,0,88,
4,0,107,
4,0,174,
4,1,1,
4,1,1,
4,1,1,
4,1,2,
4,1,2,
4,1,5,
4,1,9,
4,1,11,
4,1,16,
4,1,17,
4,1,19,
4,1,24,
4,1,26,
4,1,32,
4,1,49,
4,1,75,
4,1,154,
4,1,171,
4,2,5,
4,2,9,
4,2,13,
4,2,14,
4,2,40,
4,2,47,
4,2,48,
4,2,57,
4,3,0,
4,3,1,
4,3,1,
4,3,1,
4,3,1,
4,3,3,
4,3,4,
4,3,5,
4,3,6,
4,3,9,
4,3,20,
4,3,142,
4,4,0,
4,4,3,
4,4,17,
4,4,17,
4,4,45,
4,5,0,
4,5,4,
4,5,7,
4,5,12,
4,5,55,
4,5,95,
4,6,0,
4,6,1,
4,6,3,
4,6,5,
4,6,19,
4,6,26,
4,6,31,
4,6,50,
4,6,104,
4,7,2,
4,7,2,
4,7,3,
4,7,6,
4,7,10,
4,7,10,
4,7,20,
4,7,65,
4,7,99,
4,8,5,
4,8,62,
4,9,23,
4,9,79,
4,10,1,
4,10,32,
4,10,45,
4,10,142,
4,11,11,
4,11,35,
4,12,2,
4,12,10,
4,12,95,
4,13,1,
4,13,12,
4,13,42,
4,13,60,
4,13,140,
4,14,2,
4,14,11,
4,14,13,
4,14,72,
4,15,1,
4,15,12,
4,15,172,
4,16,9,
4,16,19,
4,16,141,
4,17,0,
4,18,11,
4,18,25,
4,18,138,
4,18,141,
4,19,9,
4,19,107,
4,21,0,
4,21,7,
4,21,10,
4,21,36,
4,21,51,
4,21,74,
4,22,8,
4,23,0,
4,23,6,
4,23,29,
4,24,9,
4,24,21,
4,25,2,
4,25,5,
4,25,35,
4,25,50,
4,25,70,
4,26,4,
4,26,19,
4,27,0,
4,27,39,
4,27,81,
4,28,15,
4,28,165,
4,29,2,
4,30,67,
4,30,103,
4,31,0,
4,33,28,
4,35,8,
4,35,9,
4,35,52,
4,37,0,
4,37,1,
4,37,2,
4,37,23,
4,44,100,
4,47,0,
4,47,23,
4,49,15,
4,50,30,
4,53,1,
4,54,2,
4,58,70,
4,59,2,
4,60,47,
4,60,157,
4,63,152,
4,65,5,
4,66,28,
4,67,25,
4,71,2,
4,72,1,
4,72,19,
4,74,12,
4,74,51,
4,75,6,
4,76,0,
4,76,12,
4,85,6,
4,85,42,
4,89,29,
4,90,9,
4,92,167,
4,94,7,
4,102,7,
4,103,10,
4,106,33,
4,116,0,
4,121,9,
4,122,29,
4,126,0,
4,128,7,
4,128,18,
4,129,67,
4,130,73,
4,136,26,
4,139,0,
4,143,132,
4,146,13,
4,148,77,
4,149,0,
4,149,23,
4,150,14,
4,150,26,
4,154,23,
4,157,85,
4,164,27,
4,168,3,
4,175,14,
5,0,0,
5,0,0,
5,0,0,
5,0,1,
5,0,1,
5,0,2,
5,0,8,
5,0,11,
5,0,15,
5,0,15,
5,0,16,
5,0,19,
5,0,20,
5,0,23,
5,0,37,
5,0,40,
5,0,42,
5,0,60,
5,0,65,
5,0,116,
5,0,138,
5,0,164,
5,0,177,
5,1,0,
5,1,0,
5,1,1,
5,1,6,
5,1,13,
5,1,16,
5,1,20,
5,1,20,
5,1,23,
5,1,26,
5,1,42,
5,1,47,
5,1,55,
5,1,58,
5,1,67,
5,1,111,
5,2,0,
5,2,17,
5,2,24,
5,2,46,
5,2,70,
5,3,0,
5,3,1,
5,3,1,
5,3,2,
5,3,4,
5,3,11,
5,3,14,
5,3,27,
5,4,1,
5,4,7,
5,4,13,
5,4,16,
5,4,50,
5,4,58,
5,4,122,
5,4,155,
5,5,3,
5,5,7,
5,5,12,
5,5,56,
5,6,0,
5,6,1,
5,6,82,
5,6,140,
5,7,2,
5,7,2,
5,7,2,
5,7,10,
5,7,36,
5,7,87,
5,8,1,
5,8,1,
5,8,1,
5,8,4,
5,8,57,
5,9,0,
5,10,42,
5,11,8,
5,12,14,
5,12,94,
5,13,3,
5,13,20,
5,14,2,
5,14,135,
5,15,24,
5,16,59,
5,17,0,
5,17,7,
5,17,22,
5,17,42,
5,20,0,
5,20,6,
5,21,112,
5,22,6,
5,24,55,
5,24,98,
5,25,1,
5,25,93,
5,26,11,
5,27,23,
5,28,2,
5,29,5,
5,29,95,
5,30,167,
5,33,28,
5,35,0,
5,36,6,
5,37,8,
5,38,18,
5,39,150,
5,40,12,
5,41,19,
5,41,66,
5,42,0,
5,42,11,
5,42,25,
5,42,78,
5,45,13,
5,47,0,
5,49,6,
5,49,10,
5,51,1,
5,52,2,
5,52,12,
5,53,0,
5,56,25,
5,61,0,
5,63,18,
5,65,33,
5,72,23,
5,75,67,
5,78,0,
5,79,12,
5,80,0,
5,81,167,
5,82,0,
5,86,3,
5,92,1,
5,94,8,
5,94,29,
5,96,23,
5,98,25,
5,99,36,
5,103,0,
5,104,113,
5,106,0,
5,116,56,
5,120,2,
5,124,14,
5,126,78,
5,133,3,
5,134,10,
5,141,37,
5,165,6,
5,167,0,
5,168,1,
5,174,14,
5,178,12,
6,0,0,
6,0,0,
6,0,1,
6,0,1,
6,0,6,
6,0,6,
6,0,8,
6,0,13,
6,0,15,
6,0,22,
6,0,24,
6,0,25,
6,0,38,
6,0,38,
6,0,52,
6,0,91,
6,0,94,
6,0,114,
6,0,126,
6,0,164,
6,1,0,
6,1,1,
6,1,1,
6,1,10,
6,1,13,
6,1,22,
6,1,52,
6,1,60,
6,1,105,
6,1,115,
6,2,0,
6,2,0,
6,2,2,
6,2,3,
6,2,7,
6,2,10,
6,2,39,
6,2,77,
6,2,156,
6,3,2,
6,3,3,
6,3,9,
6,3,9,
6,3,10,
6,3,11,
6,3,13,
6,3,21,
6,4,0,
6,4,7,
6,4,15,
6,4,31,
6,4,51,
6,4,60,
6,4,92,
6,5,3,
6,5,11,
6,5,22,
6,5,23,
6,5,34,
6,5,110,
6,5,132,
6,6,1,
6,6,5,
6,6,15,
6,6,25,
6,7,0,
6,7,0,
6,7,2,
6,7,12,
6,7,22,
6,7,69,
6,8,5,
6,8,27,
6,8,166,
6,9,32,
6,9,133,
6,10,0,
6,10,0,
6,10,0,
6,10,8,
6,10,27,
6,10,163,
6,11,0,
6,11,2,
6,11,3,
6,11,6,
6,11,52,
6,11,79,
6,12,1,
6,13,0,
6,13,14,
6,14,0,
6,14,131,
6,15,120,
6,16,9,
6,16,44,
6,16,49,
6,16,101,
6,18,137,
6,19,0,
6,19,6,
6,19,13,
6,20,29,
6,21,26,
6,22,0,
6,23,1,
6,23,2,
6,24,1,
6,24,1,
6,24,11,
6,24,42,
6,26,0,
6,26,2,
6,30,0,
6,30,3,
6,30,25,
6,33,1,
6,33,2,
6,33,10,
6,34,8,
6,34,142,
6,38,31,
6,39,106,
6,41,159,
6,43,6,
6,44,4,
6,45,5,
6,48,44,
6,50,65,
6,55,9,
6,60,0,
6,60,38,
6,62,170,
6,63,8,
6,65,4,
6,65,106,
6,66,0,
6,66,5,
6,68,6,
6,69,33,
6,73,6,
6,74,4,
6,74,76,
6,79,14,
6,90,5,
6,93,0,
6,94,27,
6,95,86,
6,96,39,
6,98,20,
6,98,81,
6,102,19,
6,104,20,
6,106,36,
6,112,35,
6,113,142,
6,116,144,
6,117,165,
6,123,15,
6,127,24,
6,130,0,
6,131,1,
6,139,1,
6,139,18,
6,141,6,
6,144,38,
6,153,6,
6,159,1,
6,160,3,
6,168,0,
6,168,2,
6,176,0,
6,179,52,
7,0,0,
7,0,3,
7,0,3,
7,0,4,
7,0,12,
7,0,13,
7,0,26,
7,0,64,
7,0,64,
7,0,79,
7,0,126,
7,0,142,
7,1,6,
7,1,28,
7,1,36,
7,1,55,
7,1,72,
7,1,78,
7,1,113,
7,2,1,
7,2,1,
7,2,13,
7,2,23,
7,2,24,
7,2,30,
7,2,37,
7,2,138,
7,2,175,
7,3,0,
7,3,2,
7,3,11,
7,4,0,
7,4,1,
7,4,2,
7,4,2,
7,4,4,
7,4,40,
7,4,47,
7,4,75,
7,4,107,
7,5,0,
7,5,0,
7,5,2,
7,5,6,
7,5,25,
7,5,36,
7,6,0,
7,6,0,
7,6,6,
7,6,12,
7,7,15,
7,7,17,
7,8,6,
7,9,36,
7,9,176,
7,10,0,
7,10,90,
7,11,1,
7,11,4,
7,12,51,
7,13,0,
7,16,0,
7,16,103,
7,17,1,
7,17,6,
7,17,13,
7,17,104,
7,19,0,
7,19,9,
7,20,0,
7,21,161,
7,26,3,
7,26,94,
7,27,0,
7,30,0,
7,32,48,
7,33,1,
7,39,5,
7,41,4,
7,42,0,
7,42,4,
7,43,8,
7,44,142,
7,45,3,
7,47,3,
7,54,79,
7,56,39,
7,62,0,
7,62,68,
7,64,1,
7,66,110,
7,69,4,
7,71,3,
7,71,5,
7,72,116,
7,74,1,
7,78,11,
7,78,140,
7,87,2,
7,89,38,
7,96,101,
7,101,0,
7,101,8,
7,101,142,
7,103,32,
7,119,0,
7,124,0,
7,124,54,
7,128,5,
7,130,54,
7,130,72,
7,135,55,
7,136,40,
7,142,2,
7,152,37,
7,165,88,
7,166,0,
7,166,3,
7,174,2,
8,0,4,
8,0,9,
8,0,11,
8,0,11,
8,0,16,
8,0,20,
8,0,24,
8,0,30,
8,0,32,
8,0,34,
8,0,41,
8,0,115,
8,1,0,
8,1,2,
8,1,2,
8,1,6,
8,1,8,
8,1,9,
8,1,14,
8,1,28,
8,1,30,
8,1,31,
8,1,31,
8,1,67,
8,1,103,
8,1,105,
8,1,111,
8,2,0,
8,2,109,
8,2,138,
8,3,0,
8,3,2,
8,3,14,
8,3,15,
8,3,21,
8,3,34,
8,3,47,
8,3,64,
8,4,0,
8,5,1,
8,5,14,
8,5,65,
8,6,3,
8,6,6,
8,6,108,
8,7,17,
8,7,52,
8,7,53,
8,8,11,
8,8,85,
8,8,151,
8,10,0,
8,10,1,
8,10,6,
8,10,49,
8,10,152,
8,11,0,
8,11,1,
8,12,0,
8,12,0,
8,13,10,
8,14,0,
8,14,8,
8,14,45,
8,15,0,
8,16,8,
8,16,80,
8,17,0,
8,17,9,
8,17,41,
8,18,23,
8,19,3,
8,19,109,
8,20,22,
8,21,0,
8,22,46,
8,23,78,
8,23,109,
8,25,115,
8,28,19,
8,29,117,
8,32,1,
8,33,1,
8,35,48,
8,35,151,
8,36,42,
8,40,0,
8,43,18,
8,44,3,
8,47,53,
8,48,27,
8,55,30,
8,56,9,
8,58,8,
8,60,3,
8,62,108,
8,65,152,
8,76,10,
8,78,3,
8,81,6,
8,83,2,
8,92,1,
8,94,3,
8,95,103,
8,98,0,
8,98,1,
8,105,49,
8,108,66,
8,110,9,
8,121,2,
8,130,3,
8,147,40,
8,147,50,
8,154,2,
8,175,0,
9,0,0,
9,0,0,
9,0,0,
9,0,0,
9,0,2,
9,0,4,
9,0,6,
9,0,12,
9,0,13,
9,0,34,
9,0,57,
9,0,58,
9,0,61,
9,0,139,
9,0,142,
9,0,156,
9,1,0,
9,1,1,
9,1,2,
9,1,2,
9,1,4,
9,1,26,
9,1,37,
9,1,53,
9,2,0,
9,2,0,
9,2,2,
9,2,22,
9,2,57,
9,2,72,
9,2,77,
9,2,154,
9,3,2,
9,3,3,
9,3,5,
9,3,19,
9,3,35,
9,3,124,
9,4,0,
9,4,2,
9,4,6,
9,5,31,
9,6,6,
9,6,8,
9,6,63,
9,7,1,
9,7,156,
9,8,48,
9,10,1,
9,10,22,
9,11,119,
9,11,151,
9,12,8,
9,12,18,
9,13,2,
9,13,12,
9,15,0,
9,16,72,
9,17,5,
9,17,8,
9,19,34,
9,19,147,
9,22,37,
9,23,4,
9,25,18,
9,27,4,
9,29,24,
9,31,1,
9,31,9,
9,35,154,
9,36,16,
9,38,23,
9,43,0,
9,46,14,
9,47,0,
9,50,3,
9,50,59,
9,51,22,
9,54,3,
9,55,2,
9,56,12,
9,60,9,
9,64,5,
9,70,90,
9,74,90,
9,92,31,
9,104,2,
9,109,15,
9,109,94,
9,121,1,
9,121,1,
9,127,22,
9,134,63,
9,143,4,
9,170,101,
9,175,58,
10,0,0,
10,0,0,
10,0,0,
10,0,0,
10,0,1,
10,0,2,
10,0,2,
10,0,3,
10,0,5,
10,0,6,
10,0,8,
10,0,22,
10,0,25,
10,0,31,
10,0,31,
10,0,44,
10,0,97,
10,0,137,
10,1,0,
10,1,2,
10,1,2,
10,1,4,
10,1,9,
10,1,10,
10,1,12,
10,1,35,
10,1,75,
10,2,4,
10,2,6,
10,2,152,
10,3,1,
10,3,46,
10,3,56,
10,4,0,
10,4,4,
10,4,16,
10,4,19,
10,4,35,
10,5,7,
10,5,74,
10,6,0,
10,6,2,
10,6,8,
10,6,46,
10,7,0,
10,7,7,
10,7,147,
10,8,1,
10,8,55,
10,8,155,
10,9,0,
10,9,2,
10,9,28,
10,9,173,
10,10,4,
10,10,132,
10,11,2,
10,11,10,
10,12,0,
10,12,109,
10,14,17,
10,14,72,
10,15,35,
10,16,6,
10,16,42,
10,16,78,
10,17,0,
10,17,0,
10,17,17,
10,20,4,
10,21,43,
10,22,83,
10,24,29,
10,26,63,
10,29,0,
10,30,15,
10,30,41,
10,34,1,
10,34,103,
10,41,15,
10,42,8,
10,42,15,
10,43,0,
10,44,4,
10,44,64,
10,45,23,
10,46,2,
10,46,4,
10,46,53,
10,48,23,
10,51,12,
10,54,6,
10,55,0,
10,55,52,
10,56,2,
10,56,3,
10,59,104,
10,64,0,
10,66,116,
10,67,18,
10,68,21,
10,71,53,
10,95,0,
10,95,1,
10,102,21,
10,103,47,
10,127,133,
10,148,2,
10,160,56,
10,166,5,
10,167,127,
10,169,3,
11,0,0,
11,0,1,
11,0,4,
11,0,4,
11,0,5,
11,0,6,
11,0,7,
11,0,12,
11,0,22,
11,0,28,
11,0,28,
11,0,54,
11,0,63,
11,0,77,
11,0,83,
11,0,98,
11,0,113,
11,0,139,
11,0,145,
11,0,164,
11,1,0,
11,1,2,
11,1,7,
11,2,0,
11,2,0,
11,2,2,
11,2,6,
11,2,10,
11,2,55,
11,2,109,
11,2,110,
11,2,116,
11,4,1,
11,5,0,
11,6,1,
11,6,2,
11,6,3,
11,6,8,
11,6,13,
11,6,20,
11,6,49,
11,7,0,
11,8,0,
11,8,0,
11,8,21,
11,8,108,
11,9,0,
11,10,0,
11,11,11,
11,14,50,
11,14,119,
11,15,0,
11,15,83,
11,16,93,
11,17,0,
11,17,65,
11,17,109,
11,18,18,
11,18,61,
11,19,8,
11,21,22,
11,22,28,
11,23,4,
11,24,2,
11,26,5,
11,26,17,
11,28,5,
11,32,0,
11,34,109,
11,38,1,
11,40,7,
11,41,32,
11,42,0,
11,43,16,
11,43,173,
11,49,12,
11,52,167,
11,61,11,
11,62,6,
11,63,13,
11,65,4,
11,71,34,
11,72,19,
11,73,0,
11,73,9,
11,82,0,
11,88,1,
11,107,33,
11,124,41,
11,142,31,
11,154,10,
11,157,69,
11,160,178,
12,0,0,
12,0,0,
12,0,0,
12,0,0,
12,0,1,
12,0,1,
12,0,1,
12,0,2,
12,0,2,
12,0,5,
12,0,5,
12,0,6,
12,0,18,
12,0,29,
12,0,42,
12,0,46,
12,0,97,
12,0,137,
12,1,0,
12,1,6,
12,1,14,
12,1,47,
12,1,114,
12,1,126,
12,2,2,
12,3,2,
12,3,88,
12,4,1,
12,4,17,
12,6,0,
12,6,1,
12,6,12,
12,6,43,
12,7,0,
12,7,10,
12,7,25,
12,8,2,
12,9,111,
12,10,3,
12,11,9,
12,11,30,
12,11,38,
12,12,1,
12,13,2,
12,13,3,
12,14,77,
12,16,6,
12,16,20,
12,19,38,
12,23,0,
12,25,2,
12,25,7,
12,28,160,
12,29,2,
12,31,3,
12,34,55,
12,35,162,
12,36,9,
12,40,5,
12,40,21,
12,42,3,
12,43,5,
12,45,7,
12,46,7,
12,49,1,
12,50,2,
12,53,15,
12,53,174,
12,55,8,
12,56,3,
12,60,0,
12,60,1,
12,61,29,
12,62,156,
12,66,16,
12,76,38,
12,79,21,
12,80,4,
12,98,27,
12,101,105,
12,108,9,
12,113,1,
12,122,1,
12,128,9,
12,138,61,
12,153,2,
12,160,57,
12,161,61,
12,165,20,
13,0,0,
13,0,1,
13,0,7,
13,0,10,
13,0,10,
13,0,24,
13,0,25,
13,0,75,
13,0,95,
13,1,0,
13,1,4,
13,1,7,
13,1,23,
13,1,42,
13,2,0,
13,2,2,
13,2,7,
13,3,6,
13,4,19,
13,4,19,
13,4,51,
13,5,1,
13,5,132,
13,7,0,
13,7,6,
13,7,76,
13,8,14,
13,9,13,
13,9,145,
13,10,7,
13,12,7,
13,13,9,
13,14,5,
13,16,0,
13,16,49,
13,17,2,
13,17,5,
13,20,4,
13,25,23,
13,28,8,
13,28,90,
13,29,7,
13,31,46,
13,40,31,
13,42,3,
13,45,0,
13,47,3,
13,52,20,
13,54,0,
13,57,0,
13,58,153,
13,58,171,
13,60,87,
13,61,63,
13,69,1,
13,71,4,
13,78,15,
13,84,67,
13,100,33,
13,154,63,
13,158,13,
14,0,0,
14,0,1,
14,0,1,
14,0,4,
14,0,30,
14,1,1,
14,1,4,
14,1,7,
14,1,11,
14,2,1,
14,2,3,
14,2,66,
14,2,81,
14,2,136,
14,3,0,
14,3,4,
14,3,21,
14,3,46,
14,3,74,
14,3,121,
14,4,2,
14,4,5,
14,4,5,
14,4,23,
14,4,41,
14,4,85,
14,6,10,
14,7,3,
14,7,7,
14,8,2,
14,9,0,
14,10,0,
14,10,2,
14,12,12,
14,12,19,
14,14,151,
14,14,177,
14,16,0,
14,17,3,
14,17,84,
14,19,158,
14,20,35,
14,20,94,
14,21,104,
14,30,129,
14,36,8,
14,37,0,
14,37,21,
14,38,64,
14,44,4,
14,45,0,
14,47,16,
14,48,10,
14,48,83,
14,50,19,
14,53,15,
14,53,25,
14,55,6,
14,59,5,
14,62,155,
14,86,14,
14,87,164,
14,109,49,
14,110,13,
14,112,0,
14,119,2,
14,127,4,
14,134,74,
14,142,48,
14,161,0,
14,164,0,
14,167,0,
15,0,0,
15,0,1,
15,0,2,
15,0,2,
15,0,3,
15,0,8,
15,0,11,
15,0,20,
15,0,34,
15,0,78,
15,0,80,
15,0,93,
15,1,0,
15,1,1,
15,1,5,
15,1,6,
15,1,7,
15,1,13,
15,1,24,
15,1,36,
15,2,25,
15,2,26,
15,2,38,
15,2,71,
15,2,92,
15,3,2,
15,3,72,
15,4,0,
15,4,6,
15,5,0,
15,5,47,
15,5,168,
15,6,0,
15,8,117,
15,9,32,
15,10,5,
15,14,2,
15,15,3,
15,15,126,
15,17,1,
15,18,30,
15,19,106,
15,21,0,
15,21,4,
15,24,145,
15,31,176,
15,33,0,
15,34,43,
15,38,7,
15,45,1,
15,49,119,
15,51,0,
15,52,47,
15,59,74,
15,60,108,
15,62,24,
15,64,0,
15,64,17,
15,66,19,
15,70,0,
15,70,16,
15,79,17,
15,83,101,
15,88,9,
15,94,0,
15,123,5,
15,129,55,
16,0,0,
16,0,0,
16,0,2,
16,0,2,
16,0,6,
16,0,6,
16,0,18,
16,0,28,
16,0,137,
16,1,4,
16,2,0,
16,2,3,
16,3,1,
16,3,11,
16,3,45,
16,3,158,
16,4,2,
16,4,5,
16,4,20,
16,5,4,
16,5,4,
16,5,119,
16,6,5,
16,6,36,
16,7,15,
16,8,7,
16,8,55,
16,8,129,
16,9,58,
16,9,105,
16,9,138,
16,12,0,
16,12,71,
16,12,126,
16,14,2,
16,16,22,
16,19,11,
16,23,104,
16,25,7,
16,28,23,
16,29,148,
16,41,3,
16,41,59,
16,43,58,
16,45,4,
16,46,33,
16,48,0,
16,50,31,
16,52,0,
16,58,8,
16,59,46,
16,67,3,
16,72,0,
16,72,2,
16,72,4,
16,74,77,
16,75,3,
16,111,14,
16,116,0,
16,119,0,
16,131,109,
16,150,2,
16,159,23,
17,0,0,
17,0,2,
17,0,2,
17,0,7,
17,0,39,
17,0,41,
17,0,44,
17,0,60,
17,0,99,
17,1,0,
17,1,0,
17,1,18,
17,1,57,
17,2,0,
17,2,56,
17,3,2,
17,3,4,
17,3,6,
17,4,3,
17,4,86,
17,6,3,
17,6,13,
17,6,102,
17,7,7,
17,8,47,
17,9,4,
17,9,46,
17,11,2,
17,13,12,
17,14,0,
17,14,148,
17,15,164,
17,17,4,
17,17,5,
17,19,0,
17,19,6,
17,20,89,
17,22,73,
17,25,0,
17,25,5,
17,26,16,
17,28,4,
17,28,22,
17,28,38,
17,31,1,
17,32,2,
17,32,14,
17,34,10,
17,38,1,
17,40,1,
17,43,38,
17,44,155,
17,53,12,
17,57,7,
17,59,3,
17,62,94,
17,65,147,
17,82,1,
17,92,0,
17,93,1,
17,96,115,
17,114,87,
17,118,22,
17,125,0,
17,125,22,
17,127,0,
17,141,52,
17,150,2,
17,156,4,
17,174,13,
18,0,0,
18,0,0,
18,0,2,
18,0,5,
18,0,6,
18,0,7,
18,0,8,
18,0,21,
18,0,76,
18,0,94,
18,1,5,
18,1,6,
18,1,6,
18,1,6,
18,1,10,
18,1,169,
18,2,37,
18,3,3,
18,3,50,
18,3,160,
18,8,48,
18,11,2,
18,11,101,
18,12,33,
18,13,3,
18,14,25,
18,15,0,
18,15,112,
18,16,59,
18,19,1,
18,24,139,
18,28,2,
18,31,16,
18,37,25,
18,52,1,
18,53,0,
18,98,16,
18,110,99,
18,111,2,
18,113,44,
18,127,2,
18,140,0,
18,159,0,
19,0,0,
19,0,0,
19,0,1,
19,0,1,
19,0,2,
19,0,3,
19,0,3,
19,0,13,
19,0,16,
19,1,3,
19,1,4,
19,1,5,
19,1,16,
19,1,42,
19,1,64,
19,2,0,
19,2,52,
19,2,177,
19,3,3,
19,3,4,
19,4,35,
19,7,0,
19,7,5,
19,8,1,
19,9,22,
19,11,0,
19,13,4,
19,13,6,
19,14,17,
19,16,124,
19,23,45,
19,26,18,
19,29,2,
19,33,30,
19,37,80,
19,39,1,
19,41,3,
19,55,140,
19,60,2,
19,60,4,
19,62,88,
19,80,9,
19,86,76,
19,91,88,
19,97,5,
19,127,127,
19,130,63,
19,171,23,
20,0,34,
20,1,3,
20,1,6,
20,1,10,
20,1,103,
20,2,57,
20,3,0,
20,3,23,
20,3,24,
20,3,72,
20,4,1,
20,4,28,
20,5,0,
20,6,0,
20,6,0,
20,6,34,
20,10,0,
20,10,54,
20,12,85,
20,14,8,
20,16,30,
20,17,0,
20,20,44,
20,22,106,
20,25,7,
20,26,12,
20,28,0,
20,30,15,
20,30,49,
20,41,5,
20,44,30,
20,45,55,
20,46,127,
20,55,31,
20,57,22,
20,66,154,
20,74,11,
20,94,42,
20,109,26,
20,170,0,
20,171,45,
21,0,0,
21,0,0,
21,0,2,
21,0,4,
21,0,5,
21,0,6,
21,0,8,
21,0,10,
21,0,13,
21,0,26,
21,1,0,
21,1,21,
21,3,0,
21,3,57,
21,3,101,
21,4,36,
21,5,1,
21,5,61,
21,6,178,
21,10,0,
21,10,2,
21,10,56,
21,11,7,
21,13,41,
21,15,18,
21,16,96,
21,19,22,
21,20,0,
21,22,57,
21,23,40,
21,26,23,
21,29,3,
21,30,121,
21,31,41,
21,32,0,
21,32,9,
21,36,3,
21,39,0,
21,42,3,
21,111,1,
21,121,111,
22,0,1,
22,0,2,
22,0,5,
22,0,7,
22,0,12,
22,0,151,
22,1,98,
22,2,0,
22,2,2,
22,2,12,
22,3,10,
22,3,19,
22,3,89,
22,3,92,
22,4,3,
22,5,11,
22,6,0,
22,6,16,
22,6,74,
22,7,2,
22,8,124,
22,9,17,
22,17,41,
22,20,0,
22,23,3,
22,25,35,
22,32,21,
22,41,87,
22,42,2,
22,46,1,
22,50,9,
22,52,0,
22,56,8,
22,59,12,
22,60,0,
22,66,4,
22,74,99,
22,79,6,
22,108,126,
22,109,55,
22,118,7,
22,133,1,
22,140,26,
23,0,0,
23,0,4,
23,0,29,
23,0,53,
23,0,84,
23,0,94,
23,1,166,
23,2,0,
23,2,15,
23,2,53,
23,2,151,
23,3,1,
23,3,4,
23,3,12,
23,4,3,
23,4,14,
23,5,7,
23,6,22,
23,6,99,
23,7,131,
23,8,41,
23,8,87,
23,9,3,
23,12,0,
23,12,2,
23,14,0,
23,15,6,
23,20,126,
23,23,12,
23,23,59,
23,34,0,
23,35,0,
23,38,179,
23,39,3,
23,49,6,
23,62,0,
23,63,44,
23,83,3,
23,90,9,
23,90,11,
23,97,2,
23,99,1,
23,119,2,
23,132,15,
23,139,3,
23,142,24,
23,146,7,
24,0,0,
24,0,0,
24,0,1,
24,0,3,
24,0,36,
24,1,7,
24,1,166,
24,2,14,
24,2,17,
24,3,11,
24,5,101,
24,6,0,
24,6,2,
24,6,2,
24,8,7,
24,9,1,
24,9,27,
24,11,33,
24,12,72,
24,15,10,
24,18,0,
24,18,5,
24,21,59,
24,23,22,
24,23,27,
24,26,17,
24,26,73,
24,27,8,
24,28,7,
24,34,0,
24,48,8,
24,50,60,
24,58,30,
24,65,27,
24,79,0,
24,89,57,
24,96,1,
24,97,2,
24,135,41,
24,174,1,
25,0,5,
25,0,40,
25,0,67,
25,0,128,
25,1,0,
25,1,63,
25,2,1,
25,2,2,
25,3,1,
25,3,6,
25,3,33,
25,3,130,
25,3,146,
25,4,10,
25,7,31,
25,8,127,
25,9,0,
25,10,4,
25,15,15,
25,16,4,
25,19,19,
25,21,154,
25,22,79,
25,24,24,
25,37,22,
25,38,0,
25,38,4,
25,55,35,
25,58,32,
25,67,1,
25,72,0,
25,72,36,
25,72,134,
25,73,0,
25,75,2,
25,78,16,
25,82,3,
25,118,19,
25,122,0,
25,124,0,
25,147,167,
25,170,1,
26,0,0,
26,0,1,
26,0,2,
26,0,2,
26,0,2,
26,0,3,
26,0,7,
26,0,12,
26,0,25,
26,1,16,
26,2,0,
26,3,0,
26,3,6,
26,3,60,
26,5,35,
26,5,51,
26,6,2,
26,6,162,
26,7,69,
26,8,23,
26,9,0,
26,15,2,
26,16,2,
26,16,4,
26,20,60,
26,23,11,
26,24,26,
26,26,0,
26,26,64,
26,27,23,
26,38,84,
26,57,3,
26,59,84,
26,70,1,
26,70,4,
26,71,36,
26,74,24,
26,82,21,
26,117,0,
26,133,99,
26,138,0,
26,166,13,
26,178,9,
27,0,0,
27,0,6,
27,0,8,
27,0,37,
27,0,115,
27,1,0,
27,1,3,
27,1,5,
27,1,38,
27,2,1,
27,3,1,
27,3,26,
27,3,132,
27,4,82,
27,5,1,
27,5,94,
27,8,2,
27,10,4,
27,10,68,
27,13,4,
27,17,15,
27,22,176,
27,27,0,
27,28,90,
27,30,107,
27,41,0,
27,45,2,
27,46,8,
27,85,0,
27,88,96,
27,116,6,
27,141,54,
27,159,10,
27,169,62,
28,0,0,
28,0,1,
28,0,3,
28,0,5,
28,0,7,
28,0,62,
28,0,79,
28,0,92,
28,1,1,
28,1,7,
28,1,8,
28,2,5,
28,3,0,
28,3,30,
28,3,48,
28,3,173,
28,4,0,
28,4,11,
28,4,78,
28,5,37,
28,9,21,
28,11,33,
28,12,22,
28,16,44,
28,17,26,
28,20,4,
28,22,0,
28,23,22,
28,27,45,
28,30,47,
28,38,0,
28,45,42,
28,50,113,
28,51,6,
28,52,64,
28,53,57,
28,95,6,
28,96,0,
28,113,1,
28,155,0,
28,156,20,
29,0,0,
29,0,0,
29,0,0,
29,0,1,
29,0,3,
29,0,8,
29,0,16,
29,0,46,
29,0,137,
29,1,4,
29,1,4,
29,1,15,
29,1,69,
29,2,105,
29,4,64,
29,6,144,
29,7,118,
29,8,0,
29,8,90,
29,10,0,
29,13,15,
29,24,26,
29,28,31,
29,30,2,
29,52,3,
29,52,140,
29,62,102,
29,70,26,
29,78,58,
29,96,159,
29,110,79,
29,115,0,
29,126,91,
29,138,47,
29,170,10,
29,177,51,
29,178,13,
30,0,1,
30,0,49,
30,0,50,
30,0,114,
30,0,162,
30,1,2,
30,1,3,
30,1,24,
30,2,0,
30,2,40,
30,3,8,
30,3,129,
30,3,178,
30,8,0,
30,8,0,
30,9,114,
30,11,4,
30,11,105,
30,15,3,
30,17,47,
30,18,34,
30,21,5,
30,25,103,
30,47,27,
30,47,33,
30,50,0,
30,51,2,
30,56,18,
30,73,3,
30,79,32,
30,98,1,
30,102,29,
30,119,0,
30,153,1,
31,0,0,
31,0,20,
31,0,74,
31,1,14,
31,1,17,
31,1,24,
31,1,39,
31,1,150,
31,2,0,
31,2,0,
31,2,3,
31,3,0,
31,3,93,
31,4,0,
31,5,2,
31,5,8,
31,6,7,
31,7,6,
31,7,9,
31,7,16,
31,7,21,
31,9,62,
31,10,0,
31,10,7,
31,10,146,
31,11,86,
31,12,2,
31,14,30,
31,16,0,
31,26,16,
31,29,92,
31,30,39,
31,32,37,
31,32,114,
31,35,27,
31,36,171,
31,53,0,
31,54,125,
31,59,8,
31,62,22,
31,65,25,
31,81,7,
31,107,61,
31,114,1,
31,138,18,
31,140,2,
32,0,0,
32,0,0,
32,0,0,
32,0,9,
32,0,105,
32,0,115,
32,0,175,
32,1,0,
32,1,0,
32,1,0,
32,1,4,
32,2,111,
32,3,21,
32,4,0,
32,6,11,
32,6,139,
32,8,12,
32,8,101,
32,16,8,
32,18,61,
32,29,66,
32,38,1,
32,44,165,
32,46,0,
32,48,4,
32,51,1,
32,134,0,
32,144,88,
32,158,6,
32,178,77,
33,0,1,
33,0,3,
33,0,4,
33,0,7,
33,0,12,
33,0,22,
33,0,56,
33,1,4,
33,1,77,
33,2,3,
33,2,7,
33,3,0,
33,4,13,
33,6,13,
33,9,30,
33,10,32,
33,12,169,
33,13,5,
33,13,6,
33,16,29,
33,17,1,
33,17,3,
33,18,28,
33,22,12,
33,23,8,
33,25,4,
33,42,1,
33,42,5,
33,43,9,
33,44,1,
33,49,2,
33,52,67,
33,112,11,
33,112,65,
33,121,2,
33,132,79,
33,148,30,
33,150,2,
33,151,5,
33,168,1,
33,168,15,
33,170,5,
33,174,2,
34,0,1,
34,0,44,
34,0,74,
34,0,146,
34,1,2,
34,1,2,
34,1,7,
34,1,10,
34,2,0,
34,2,7,
34,2,130,
34,3,21,
34,4,67,
34,5,52,
34,7,11,
34,17,0,
34,24,55,
34,25,0,
34,28,1,
34,55,6,
34,61,1,
34,70,22,
34,98,12,
34,102,0,
34,144,1,
35,0,2,
35,0,9,
35,0,14,
35,0,46,
35,0,126,
35,1,0,
35,1,42,
35,3,1,
35,3,7,
35,4,1,
35,4,8,
35,6,19,
35,6,94,
35,7,2,
35,7,66,
35,7,81,
35,9,125,
35,12,1,
35,12,14,
35,14,12,
35,14,14,
35,19,41,
35,20,137,
35,29,41,
35,31,6,
35,44,1,
35,53,65,
35,58,1,
35,64,2,
35,76,3,
35,106,4,
35,145,62,
35,157,2,
35,166,0,
36,0,2,
36,0,5,
36,0,24,
36,1,124,
36,2,12,
36,4,5,
36,4,26,
36,4,27,
36,4,35,
36,5,0,
36,5,8,
36,5,53,
36,5,71,
36,7,51,
36,7,70,
36,7,127,
36,8,0,
36,18,2,
36,18,14,
36,19,5,
36,27,9,
36,28,0,
36,29,0,
36,33,0,
36,38,72,
36,38,149,
36,78,3,
36,85,0,
36,86,18,
36,133,38,
36,147,55,
36,157,0,
36,158,6,
36,162,128,
36,175,0,
37,0,44,
37,0,53,
37,1,4,
37,1,12,
37,3,0,
37,3,36,
37,4,0,
37,4,133,
37,5,38,
37,7,96,
37,7,130,
37,8,147,
37,11,11,
37,12,12,
37,13,2,
37,13,9,
37,15,14,
37,17,35,
37,19,9,
37,21,3,
37,25,63,
37,37,3,
37,43,44,
37,90,14,
37,110,2,
37,112,44,
37,124,1,
37,130,0,
37,165,1,
38,0,19,
38,0,33,
38,0,103,
38,1,0,
38,2,1,
38,2,1,
38,2,9,
38,2,28,
38,3,29,
38,4,0,
38,4,1,
38,4,75,
38,6,7,
38,6,107,
38,8,10,
38,11,4,
38,14,4,
38,15,72,
38,16,1,
38,16,46,
38,24,0,
38,40,119,
38,49,2,
38,65,38,
38,73,76,
38,86,1,
38,130,0,
38,136,99,
38,171,44,
39,0,2,
39,0,157,
39,2,4,
39,3,62,
39,5,0,
39,5,26,
39,5,35,
39,5,121,
39,6,9,
39,8,175,
39,10,21,
39,11,0,
39,13,7,
39,26,0,
39,32,27,
39,32,46,
39,35,46,
39,35,85,
39,65,7,
39,65,31,
39,91,72,
39,101,4,
39,104,57,
39,116,56,
39,126,18,
39,142,134,
39,144,2,
39,164,0,
40,0,0,
40,0,9,
40,0,30,
40,0,43,
40,1,0,
40,2,0,
40,2,1,
40,2,7,
40,2,26,
40,3,1,
40,3,67,
40,5,146,
40,8,51,
40,12,143,
40,16,3,
40,21,3,
40,21,17,
40,24,13,
40,26,2,
40,28,58,
40,32,2,
40,58,9,
40,85,3,
40,144,21,
40,163,13,
40,169,85,
40,171,9,
41,0,0,
41,0,1,
41,0,4,
41,1,5,
41,1,69,
41,2,13,
41,3,1,
41,3,37,
41,4,9,
41,4,79,
41,5,0,
41,5,5,
41,5,58,
41,8,75,
41,10,0,
41,10,1,
41,10,79,
41,11,2,
41,11,4,
41,11,35,
41,11,89,
41,14,31,
41,15,73,
41,18,51,
41,21,65,
41,25,8,
41,33,53,
41,34,22,
41,47,77,
41,51,37,
41,59,3,
41,60,18,
41,70,34,
41,76,4,
42,0,1,
42,0,10,
42,1,0,
42,2,9,
42,4,29,
42,4,120,
42,5,0,
42,5,0,
42,6,0,
42,10,83,
42,12,32,
42,15,15,
42,16,146,
42,20,35,
42,21,23,
42,25,7,
42,26,3,
42,33,61,
42,45,152,
42,50,4,
42,53,3,
42,64,110,
42,78,165,
42,87,2,
42,170,53,
43,0,0,
43,0,3,
43,0,59,
43,1,10,
43,2,0,
43,2,30,
43,4,3,
43,4,127,
43,6,47,
43,6,82,
43,10,4,
43,15,46,
43,21,0,
43,26,3,
43,43,10,
43,55,1,
43,63,27,
43,66,1,
43,72,0,
43,78,48,
43,83,52,
43,99,33,
43,133,74,
43,136,14,
43,141,0,
43,148,0,
43,162,1,
44,0,0,
44,0,0,
44,0,19,
44,0,33,
44,0,110,
44,1,6,
44,1,10,
44,1,19,
44,1,25,
44,2,16,
44,3,0,
44,4,0,
44,5,0,
44,6,53,
44,9,0,
44,10,2,
44,11,164,
44,20,0,
44,22,95,
44,31,0,
44,36,165,
44,38,1,
44,63,0,
44,92,0,
44,126,10,
44,128,153,
44,131,6,
44,135,74,
44,138,138,
44,142,0,
44,179,34,
45,1,3,
45,1,73,
45,3,41,
45,4,1,
45,4,1,
45,4,11,
45,7,0,
45,8,11,
45,11,0,
45,11,90,
45,14,1,
45,16,104,
45,16,111,
45,18,29,
45,20,0,
45,28,178,
45,35,1,
45,40,33,
45,62,110,
45,66,99,
45,75,1,
45,145,2,
45,157,10,
45,165,0,
46,0,31,
46,0,54,
46,0,154,
46,1,2,
46,1,14,
46,1,19,
46,5,61,
46,6,0,
46,6,0,
46,6,37,
46,7,153,
46,10,37,
46,24,0,
46,24,149,
46,28,5,
46,44,4,
46,47,5,
46,55,12,
46,57,3,
46,68,40,
46,83,3,
46,86,2,
46,93,34,
46,141,38,
46,144,12,
46,159,8,
47,0,7,
47,0,17,
47,0,51,
47,0,60,
47,0,70,
47,1,0,
47,1,28,
47,1,39,
47,2,0,
47,4,3,
47,4,29,
47,6,3,
47,6,23,
47,16,15,
47,17,23,
47,21,67,
47,29,1,
47,30,2,
47,31,10,
47,33,19,
47,46,14,
47,48,17,
47,53,20,
47,60,32,
47,128,134,
47,134,9,
47,141,30,
47,143,55,
48,0,0,
48,1,6,
48,1,19,
48,1,19,
48,2,2,
48,2,164,
48,3,0,
48,3,0,
48,3,6,
48,4,70,
48,5,6,
48,7,62,
48,9,2,
48,14,1,
48,14,3,
48,15,0,
48,29,0,
48,31,3,
48,36,62,
48,45,3,
48,86,3,
49,0,0,
49,0,5,
49,0,35,
49,0,126,
49,1,0,
49,2,0,
49,2,9,
49,2,17,
49,3,4,
49,4,2,
49,5,25,
49,6,0,
49,6,24,
49,10,1,
49,12,9,
49,15,2,
49,21,71,
49,22,0,
49,24,0,
49,43,9,
49,64,154,
49,72,101,
49,76,50,
49,81,105,
49,96,126,
49,99,0,
49,103,5,
49,132,0,
50,0,0,
50,0,7,
50,0,130,
50,0,170,
50,1,0,
50,1,4,
50,3,1,
50,5,1,
50,5,7,
50,7,176,
50,8,43,
50,10,145,
50,13,6,
50,15,2,
50,15,16,
50,19,27,
50,24,88,
50,26,77,
50,28,0,
50,114,14,
50,116,105,
51,0,20,
51,0,23,
51,0,29,
51,2,6,
51,4,1,
51,4,94,
51,7,5,
51,10,4,
51,11,4,
51,14,79,
51,22,0,
51,27,3,
51,29,5,
51,34,8,
51,53,8,
51,59,3,
51,61,9,
51,110,143,
51,120,14,
51,147,1,
51,150,2,
51,153,1,
52,0,2,
52,0,78,
52,1,0,
52,1,0,
52,3,117,
52,7,13,
52,14,82,
52,15,1,
52,27,0,
52,29,35,
52,37,139,
52,41,31,
52,42,33,
52,44,8,
52,51,28,
52,51,166,
52,66,3,
52,85,40,
52,87,5,
52,134,76,
53,0,0,
53,0,13,
53,1,0,
53,1,44,
53,2,42,
53,3,47,
53,5,3,
53,8,3,
53,9,22,
53,12,0,
53,13,9,
53,16,32,
53,18,0,
53,21,29,
53,26,124,
53,31,76,
53,32,0,
53,80,54,
53,84,0,
53,86,20,
53,91,1,
54,0,4,
54,3,9,
54,4,12,
54,7,5,
54,10,145,
54,11,10,
54,34,14,
54,53,4,
54,63,9,
54,67,12,
54,71,7,
54,104,0,
54,140,3,
54,149,1,
54,155,14,
54,178,58,
55,0,0,
55,0,4,
55,0,4,
55,0,26,
55,0,54,
55,1,16,
55,1,26,
55,2,39,
55,4,60,
55,5,0,
55,5,8,
55,6,16,
55,6,29,
55,7,0,
55,7,13,
55,9,55,
55,11,4,
55,17,14,
55,17,50,
55,20,12,
55,33,1,
55,37,129,
55,45,21,
55,47,2,
55,72,54,
55,74,2,
55,81,127,
55,106,12,
55,153,1,
56,0,7,
56,0,10,
56,0,45,
56,0,45,
56,1,12,
56,1,25,
56,1,51,
56,3,0,
56,4,117,
56,4,153,
56,5,30,
56,6,2,
56,6,165,
56,7,0,
56,9,10,
56,9,113,
56,12,28,
56,13,4,
56,17,73,
56,24,0,
56,29,7,
56,33,6,
56,34,0,
56,45,1,
56,154,97,
56,166,66,
57,1,6,
57,3,18,
57,4,35,
57,5,5,
57,5,54,
57,8,64,
57,8,163,
57,15,17,
57,20,38,
57,28,5,
57,36,0,
57,46,12,
57,119,7,
57,172,0,
58,0,3,
58,0,41,
58,2,39,
58,2,166,
58,3,0,
58,3,37,
58,4,0,
58,6,1,
58,6,3,
58,6,41,
58,7,26,
58,7,48,
58,9,114,
58,17,12,
58,23,94,
58,37,114,
58,56,2,
58,85,81,
58,102,3,
58,129,2,
58,149,5,
59,0,0,
59,0,0,
59,0,6,
59,0,16,
59,0,56,
59,1,94,
59,2,2,
59,2,87,
59,3,1,
59,3,1,
59,3,9,
59,5,17,
59,6,0,
59,6,3,
59,11,3,
59,16,37,
59,17,158,
59,25,3,
59,30,15,
59,31,14,
59,34,15,
59,48,0,
59,72,15,
59,79,6,
59,87,55,
59,92,2,
59,133,2,
59,145,15,
60,0,9,
60,0,15,
60,0,25,
60,1,0,
60,1,31,
60,2,15,
60,4,0,
60,5,1,
60,6,11,
60,6,25,
60,7,0,
60,8,19,
60,9,1,
60,9,4,
60,10,17,
60,17,0,
60,18,9,
60,25,53,
60,41,122,
60,65,0,
60,70,39,
60,98,74,
60,145,4,
61,0,0,
61,0,1,
61,0,27,
61,0,31,
61,0,106,
61,1,55,
61,3,1,
61,6,6,
61,14,138,
61,22,88,
61,54,86,
61,77,0,
61,85,13,
61,151,8,
62,1,6,
62,2,0,
62,2,10,
62,2,41,
62,2,71,
62,3,4,
62,3,29,
62,3,82,
62,8,20,
62,11,6,
62,16,0,
62,28,0,
62,30,0,
62,33,0,
62,39,134,
62,43,11,
62,54,30,
62,56,21,
62,66,42,
62,77,46,
62,117,0,
62,120,143,
63,0,2,
63,0,5,
63,0,83,
63,1,36,
63,2,1,
63,2,33,
63,5,14,
63,10,4,
63,11,40,
63,14,36,
63,22,10,
63,44,104,
63,46,16,
63,87,4,
63,131,0,
63,140,9,
63,164,19,
64,0,25,
64,0,26,
64,0,36,
64,0,94,
64,1,1,
64,3,90,
64,4,23,
64,8,15,
64,14,35,
64,29,74,
64,30,14,
64,35,18,
64,37,57,
64,42,0,
64,43,4,
64,48,1,
64,48,12,
64,55,9,
64,62,116,
65,0,2,
65,0,75,
65,0,142,
65,1,11,
65,1,26,
65,1,89,
65,2,157,
65,3,28,
65,3,82,
65,20,12,
65,21,56,
65,46,32,
65,60,2,
65,79,3,
65,98,87,
65,116,99,
66,0,7,
66,0,22,
66,4,46,
66,10,57,
66,14,7,
66,15,31,
66,19,5,
66,29,161,
66,34,52,
66,36,46,
66,50,168,
66,52,0,
66,56,2,
66,76,9,
66,77,5,
66,108,22,
66,137,18,
66,145,37,
67,0,0,
67,0,13,
67,0,36,
67,1,4,
67,3,0,
67,4,4,
67,5,103,
67,7,0,
67,7,7,
67,7,13,
67,10,10,
67,19,0,
67,22,2,
67,27,121,
67,32,9,
67,35,5,
67,61,158,
67,88,51,
67,101,2,
67,120,173,
67,139,68,
67,167,30,
68,2,17,
68,2,170,
68,3,3,
68,6,160,
68,7,40,
68,8,1,
68,9,1,
68,16,146,
68,67,135,
68,77,132,
68,105,63,
69,0,16,
69,0,29,
69,0,49,
69,1,0,
69,1,2,
69,4,0,
69,5,9,
69,7,2,
69,7,68,
69,10,3,
69,26,89,
69,31,0,
69,32,0,
69,36,66,
69,39,68,
69,60,21,
69,95,4,
69,136,6,
69,161,2,
69,169,1,
70,0,1,
70,2,0,
70,3,6,
70,10,0,
70,14,165,
70,47,0,
70,63,3,
70,69,89,
71,1,51,
71,2,0,
71,3,14,
71,4,9,
71,4,42,
71,6,144,
71,14,3,
71,14,4,
71,15,9,
71,18,10,
71,51,5,
71,64,16,
71,147,3,
71,160,10,
71,163,11,
72,0,11,
72,4,47,
72,6,168,
72,7,1,
72,28,12,
72,58,6,
72,65,18,
72,73,90,
72,140,9,
73,1,0,
73,1,2,
73,2,16,
73,2,39,
73,10,0,
73,48,13,
73,80,21,
73,91,0,
73,105,92,
74,0,10,
74,0,122,
74,1,0,
74,1,0,
74,1,1,
74,1,21,
74,3,0,
74,3,36,
74,4,3,
74,5,138,
74,7,1,
74,9,1,
74,16,7,
74,22,1,
74,25,4,
74,28,4,
74,33,1,
74,44,3,
74,59,40,
75,1,78,
75,2,0,
75,4,0,
75,4,1,
75,12,0,
75,16,0,
75,19,0,
75,117,15,
75,160,0,
76,1,1,
76,1,58,
76,4,3,
76,4,4,
76,10,162,
76,25,10,
76,27,14,
76,28,42,
76,56,102,
76,114,5,
77,1,152,
77,5,2,
77,13,20,
77,18,55,
77,31,2,
77,53,0,
77,92,3,
77,131,14,
78,0,0,
78,0,43,
78,1,27,
78,2,88,
78,4,1,
78,5,80,
78,11,27,
78,13,2,
78,14,10,
78,18,7,
78,19,84,
78,26,103,
78,33,74,
78,46,7,
78,61,14,
78,90,1,
78,93,0,
78,100,54,
78,125,28,
78,129,58,
78,132,2,
78,167,2,
79,0,3,
79,0,18,
79,1,9,
79,3,21,
79,6,11,
79,7,80,
79,9,124,
79,13,38,
79,13,138,
79,16,4,
79,84,151,
79,109,79,
80,1,4,
80,3,32,
80,5,1,
80,6,7,
80,9,3,
80,12,78,
80,14,0,
80,14,5,
80,19,0,
80,24,0,
80,31,1,
80,40,4,
80,53,130,
80,54,5,
80,66,1,
80,67,126,
80,73,3,
81,0,7,
81,0,9,
81,1,11,
81,1,18,
81,21,24,
81,24,5,
81,40,105,
81,54,0,
81,56,1,
81,59,2,
81,88,1,
81,89,6,
81,134,18,
81,153,0,
81,161,56,
82,0,17,
82,1,3,
82,1,14,
82,2,26,
82,2,47,
82,2,154,
82,3,31,
82,3,163,
82,5,7,
82,5,59,
82,6,25,
82,7,7,
82,7,8,
82,11,0,
82,11,7,
82,13,18,
82,14,6,
82,15,1,
82,90,0,
82,114,44,
82,152,144,
82,172,27,
83,0,28,
83,0,68,
83,3,0,
83,3,1,
83,10,0,
83,15,1,
83,87,2,
83,143,2,
83,173,6,
84,2,82,
84,3,4,
84,5,0,
84,15,108,
84,22,79,
84,33,55,
84,39,0,
84,39,104,
84,52,39,
84,54,21,
84,108,30,
84,123,56,
84,155,155,
85,0,4,
85,0,7,
85,0,25,
85,0,38,
85,1,0,
85,2,154,
85,11,1,
85,15,2,
85,24,4,
85,34,0,
85,84,0,
85,92,9,
85,150,0,
85,158,110,
86,0,3,
86,0,4,
86,1,6,
86,7,0,
86,8,9,
86,9,6,
86,10,79,
86,18,0,
86,27,9,
86,120,0,
86,126,6,
86,146,14,
86,179,34,
87,0,0,
87,0,3,
87,1,2,
87,2,0,
87,2,8,
87,4,2,
87,17,22,
87,21,47,
87,22,4,
87,48,3,
87,78,4,
88,0,0,
88,0,34,
88,0,93,
88,8,2,
88,13,8,
88,15,74,
88,19,36,
88,31,29,
88,57,5,
88,61,65,
88,71,12,
88,127,21,
88,150,32,
89,0,1,
89,0,28,
89,0,63,
89,1,6,
89,11,2,
89,14,3,
89,15,7,
89,27,5,
89,28,43,
89,42,2,
89,52,0,
89,55,46,
89,73,1,
89,75,27,
89,79,0,
89,90,8,
89,91,15,
89,151,1,
89,166,159,
89,171,95,
90,0,9,
90,1,1,
90,1,1,
90,1,2,
90,1,12,
90,1,152,
90,4,3,
90,5,0,
90,6,13,
90,10,110,
90,12,37,
90,20,7,
90,27,5,
90,63,25,
90,81,0,
90,93,104,
90,99,108,
90,122,2,
91,1,52,
91,2,1,
91,2,41,
91,3,0,
91,6,8,
91,7,120,
91,12,3,
91,30,30,
91,33,55,
91,49,171,
91,91,0,
91,116,47,
91,155,120,
92,2,0,
92,2,89,
92,4,3,
92,8,1,
92,66,6,
92,67,4,
92,68,8,
92,69,39,
92,82,61,
93,0,1,
93,0,7,
93,0,30,
93,0,56,
93,2,1,
93,2,66,
93,3,1,
93,6,1,
93,13,1,
93,35,4,
93,76,80,
93,84,0,
93,163,0,
94,0,0,
94,0,1,
94,0,158,
94,1,52,
94,2,71,
94,2,99,
94,5,6,
94,7,1,
94,7,49,
94,10,5,
94,17,59,
94,18,61,
94,30,20,
94,31,76,
94,37,9,
94,37,86,
94,63,2,
94,75,55,
94,80,0,
94,127,51,
95,0,10,
95,0,10,
95,1,37,
95,4,3,
95,6,10,
95,11,71,
95,14,16,
95,22,8,
95,28,2,
95,34,72,
95,37,2,
95,59,10,
95,94,3,
96,0,0,
96,0,37,
96,1,2,
96,3,1,
96,7,28,
96,19,0,
96,27,98,
96,33,52,
96,37,0,
96,42,79,
96,58,10,
96,68,1,
96,77,56,
96,100,23,
97,0,0,
97,1,17,
97,5,12,
97,24,38,
97,59,3,
97,103,122,
98,0,0,
98,7,166,
98,25,0,
98,37,14,
98,38,94,
98,44,4,
98,65,35,
98,68,100,
98,70,0,
98,136,1,
99,1,0,
99,5,19,
99,7,3,
99,11,42,
99,34,0,
99,107,51,
99,136,0,
99,175,0,
100,0,1,
100,1,32,
100,6,33,
100,6,89,
100,8,59,
100,13,2,
100,20,5,
100,27,0,
100,28,56,
100,36,0,
100,58,57,
100,102,118,
101,0,0,
101,0,10,
101,0,130,
101,1,0,
101,1,21,
101,2,21,
101,4,84,
101,11,0,
101,14,1,
101,29,0,
101,56,21,
101,109,133,
102,0,0,
102,0,118,
102,1,2,
102,4,25,
102,6,21,
102,7,136,
102,17,4,
102,17,48,
102,23,1,
102,34,50,
102,91,177,
102,113,2,
103,0,44,
103,8,24,
103,65,0,
103,82,31,
103,125,121,
103,154,6,
104,0,0,
104,0,0,
104,0,63,
104,1,6,
104,1,18,
104,5,0,
104,7,59,
104,7,110,
104,15,4,
104,21,60,
104,30,4,
104,34,15,
104,46,103,
105,0,3,
105,0,93,
105,0,159,
105,1,1,
105,3,0,
105,3,10,
105,5,14,
105,8,1,
105,10,1,
105,10,21,
105,17,0,
105,19,0,
105,20,26,
105,24,1,
105,31,31,
105,48,1,
106,0,2,
106,6,33,
106,9,143,
106,10,17,
106,11,171,
106,29,108,
106,143,30,
106,147,35,
107,0,1,
107,0,12,
107,1,4,
107,2,84,
107,3,1,
107,7,44,
107,14,69,
107,15,11,
107,32,27,
107,57,116,
107,175,0,
107,176,61,
107,179,57,
108,2,2,
108,4,98,
108,34,1,
108,67,23,
108,85,128,
108,109,59,
108,133,116,
109,0,154,
109,1,138,
109,18,35,
109,22,2,
109,34,1,
109,39,158,
109,85,105,
109,92,177,
110,0,10,
110,1,0,
110,1,2,
110,1,16,
110,9,71,
110,37,13,
110,51,0,
110,56,115,
110,117,4,
110,139,10,
111,1,0,
111,2,6,
111,8,1,
111,8,25,
111,26,49,
111,102,36,
112,2,69,
112,3,2,
112,5,42,
112,18,6,
112,21,2,
112,82,50,
112,86,16,
112,169,13,
113,0,1,
113,1,4,
113,2,26,
113,10,8,
113,17,24,
113,24,12,
113,29,0,
113,95,54,
113,174,4,
114,0,0,
114,0,3,
114,0,106,
114,1,9,
114,2,2,
114,10,0,
114,14,3,
114,33,0,
114,77,3,
114,110,104,
114,154,9,
114,176,19,
115,0,2,
115,6,39,
115,20,1,
115,33,2,
115,35,6,
115,58,8,
115,59,9,
115,125,16,
116,0,51,
116,2,39,
116,7,82,
116,10,7,
116,21,18,
116,38,3,
116,67,51,
116,145,0,
117,0,0,
117,5,0,
117,5,14,
117,5,151,
117,9,46,
117,36,1,
117,37,87,
117,42,1,
117,49,42,
117,59,149,
117,68,0,
118,0,5,
118,1,0,
118,10,11,
118,18,0,
118,29,164,
118,33,0,
118,134,83,
118,149,0,
119,0,0,
119,0,4,
119,0,28,
119,0,65,
119,9,0,
119,10,1,
119,11,4,
119,19,124,
119,21,5,
119,29,9,
119,29,15,
119,31,47,
119,36,116,
119,142,1,
120,0,1,
120,0,3,
120,0,11,
120,1,32,
120,2,0,
120,2,2,
120,15,2,
120,17,1,
120,24,1,
120,39,0,
120,41,4,
120,62,4,
120,122,11,
120,170,7,
121,0,20,
121,2,157,
121,4,4,
121,4,19,
121,4,31,
121,28,163,
121,48,97,
121,64,1,
121,75,55,
122,2,0,
122,2,165,
122,18,53,
122,37,0,
122,71,101,
122,173,74,
122,175,86,
122,179,0,
123,0,0,
123,8,12,
123,9,30,
123,12,5,
123,36,47,
123,42,11,
123,71,0,
123,77,7,
124,1,2,
124,1,6,
124,3,4,
124,13,1,
124,13,9,
124,32,1,
124,43,0,
125,3,60,
125,5,3,
125,9,51,
125,15,57,
125,16,7,
125,29,4,
125,30,25,
125,79,7,
125,127,43,
126,0,1,
126,0,9,
126,1,3,
126,4,2,
126,8,32,
126,10,0,
126,12,0,
126,105,2,
127,0,20,
127,1,1,
127,3,25,
127,11,18,
127,12,10,
127,42,0,
127,94,29,
127,112,22,
128,0,15,
128,1,5,
128,7,103,
128,20,26,
128,21,67,
128,73,5,
128,98,173,
128,123,3,
128,167,156,
129,6,1,
129,39,4,
129,118,15,
129,143,67,
129,172,39,
130,0,9,
130,2,103,
130,28,34,
130,107,4,
130,111,178,
130,123,68,
130,141,50,
131,0,56,
131,3,4,
131,21,12,
131,23,6,
131,28,20,
131,83,42,
131,126,1,
131,154,0,
132,0,2,
132,3,13,
132,4,165,
132,15,83,
132,79,8,
132,106,1,
133,0,0,
133,2,4,
133,20,100,
133,23,0,
133,27,4,
133,62,142,
133,91,3,
133,130,107,
134,0,7,
134,1,40,
134,1,158,
134,2,136,
134,3,0,
134,4,52,
134,13,118,
134,15,62,
134,127,9,
135,0,0,
135,0,14,
135,0,36,
135,1,3,
135,2,4,
135,2,135,
135,5,0,
135,18,55,
135,39,19,
135,50,113,
135,93,1,
136,0,3,
136,0,64,
136,0,100,
136,2,76,
136,3,11,
136,3,16,
136,6,99,
136,10,44,
136,16,2,
136,22,3,
136,82,61,
137,0,30,
137,0,95,
137,4,0,
137,7,116,
137,27,61,
137,36,2,
137,115,4,
138,0,9,
138,2,1,
138,6,0,
138,10,3,
138,12,1,
138,17,117,
138,21,0,
138,44,5,
138,80,39,
139,0,33,
139,0,75,
139,1,13,
139,1,137,
139,2,178,
139,14,3,
139,21,0,
139,22,2,
139,51,15,
140,0,1,
140,0,16,
140,1,126,
140,2,1,
140,3,8,
140,6,87,
140,94,13,
140,107,2,
141,0,74,
141,4,17,
141,5,7,
141,5,13,
141,16,28,
141,27,29,
141,35,32,
141,40,8,
142,7,0,
142,18,0,
142,58,103,
142,84,13,
143,0,2,
143,0,179,
143,5,6,
143,6,1,
143,6,15,
143,34,113,
143,43,20,
143,43,47,
144,0,44,
144,1,4,
144,9,124,
144,20,5,
144,35,50,
144,64,12,
144,72,5,
144,93,1,
144,103,146,
145,0,3,
145,0,5,
145,1,1,
145,2,1,
145,5,1,
145,105,0,
146,0,4,
146,1,0,
146,1,2,
146,4,9,
146,10,105,
146,17,89,
146,39,1,
147,1,1,
147,4,87,
147,6,1,
147,7,175,
147,12,5,
147,139,5,
148,0,0,
148,2,5,
148,4,0,
148,5,2,
148,6,147,
148,9,54,
148,10,0,
148,12,60,
148,32,0,
148,38,89,
148,44,74,
148,140,52,
148,147,3,
149,4,0,
149,4,5,
149,5,133,
149,9,13,
149,18,41,
149,62,0,
149,74,50,
149,157,1,
150,0,122,
150,6,0,
150,6,27,
150,11,85,
150,49,0,
150,66,19,
150,82,1,
150,174,10,
151,0,7,
151,1,17,
151,3,0,
151,3,7,
151,3,23,
151,3,93,
151,8,41,
151,11,9,
151,12,2,
151,82,103,
151,101,89,
151,139,41,
152,0,80,
152,1,3,
152,1,15,
152,1,57,
152,2,59,
152,2,116,
152,3,164,
152,12,11,
152,13,2,
152,17,25,
152,28,6,
152,38,16,
152,43,167,
152,87,1,
152,94,153,
152,108,26,
152,123,18,
152,139,0,
153,0,0,
153,16,0,
153,16,11,
153,77,9,
154,0,44,
154,5,29,
154,37,51,
154,96,23,
154,102,2,
155,1,120,
155,5,1,
155,15,0,
155,36,2,
155,39,33,
155,48,1,
155,86,0,
155,143,3,
156,0,43,
156,3,0,
156,31,5,
156,124,33,
156,139,9,
156,161,1,
157,0,121,
157,3,5,
157,3,60,
157,4,164,
157,17,0,
158,0,1,
158,3,35,
158,18,3,
158,21,10,
158,95,106,
158,100,0,
159,0,43,
159,3,1,
159,10,95,
159,34,7,
159,37,2,
160,0,129,
160,6,15,
160,8,5,
160,172,6,
161,0,18,
161,0,65,
161,2,73,
161,3,59,
161,4,7,
161,6,71,
161,8,6,
161,9,2,
161,22,44,
161,27,0,
161,78,42,
161,79,81,
162,0,0,
162,2,90,
162,8,9,
162,13,0,
162,16,0,
162,51,2,
163,8,0,
163,12,2,
163,26,10,
163,31,1,
163,82,40,
163,90,4,
163,100,8,
164,161,0,
165,0,5,
165,16,20,
165,50,6,
165,99,52,
166,11,70,
166,13,1,
166,25,17,
166,33,18,
166,38,0,
167,0,10,
167,1,6,
167,2,51,
167,5,0,
167,6,48,
167,36,4,
167,38,1,
167,52,10,
168,0,0,
168,3,9,
168,10,7,
168,39,5,
168,96,158,
169,0,56,
169,2,58,
169,5,2,
169,18,40,
169,27,1,
169,47,133,
169,81,1,
169,88,3,
169,122,23,
170,0,3,
170,2,10,
170,2,73,
170,6,5,
170,6,76,
170,18,73,
170,51,3,
170,52,15,
170,67,17,
171,0,21,
171,1,65,
171,3,7,
171,4,87,
171,5,30,
171,8,41,
171,8,168,
171,31,2,
171,135,2,
172,0,111,
172,0,157,
172,7,12,
172,14,75,
172,38,3,
172,59,3,
173,1,3,
173,72,0,
174,0,14,
174,2,20,
174,12,0,
174,56,0,
174,64,15,
175,2,36,
175,10,52,
175,89,6,
176,7,5,
176,53,31,
177,1,9,
177,1,129,
177,5,109,
177,10,1,
177,10,24,
177,18,107,
177,24,0,
177,25,102,
177,53,8,
178,1,0,
178,11,0,
178,31,5,
178,39,0,
178,44,0,
178,55,70,
178,110,3,
178,150,38,
179,1,14,
179,2,63,
179,12,6,
179,23,17,
179,28,106,
179,44,0,
179,51,0,
179,100,18,
179,108,10,
