0,
2,
5,
6,
7,
9,
11,
11,
18,
21,
29,
34,
35,
61,
64,
66,
75,
75,
82,
82,
82,
83,
92,
97,
102,
109,
111,
115,
116,
123,
129,
130,
131,
138,
139,
139,
140,
145,
149,
149,
151,
151,
153,
155,
173,
180,
180,
181,
187,
187,
188,
191,
193,
195,
196,
196,
203,
203,
204,
209,
211,
212,
213,
214,
215,
218,
227,
231,
233,
239,
240,
242,
244,
246,
252,
255,
257,
258,
258,
259,
259,
259,
260,
260,
263,
263,
267,
269,
269,
274,
280,
285,
289,
291,
294,
294,
297,
300,
300,
301,
302,
308,
313,
317,
320,
321,
321,
322,
327,
334,
339,
339,
340,
340,
343,
346,
352,
355,
376,
380,
380,
380,
380,
382,
388,
390,
393,
398,
401,
403,
410,
411,
411,
417,
421,
423,
424,
426,
427,
427,
428,
430,
431,
436,
436,
438,
440,
441,
443,
448,
451,
455,
456,
458,
459,
464,
468,
473,
475,
476,
480,
484,
485,
486,
489,
491,
491,
497,
498,
502,
503,
508,
508,
510,
510,
518,
525,
531,
533,
535,
538,
538,
543,
550,
552,
554,
557,
562,
563,
564,
567,
571,
571,
575,
575,
576,
577,
577,
580,
581,
583,
583,
584,
588,
599,
600,
600,
604,
616,
616,
616,
617,
617,
623,
624,
629,
631,
636,
646,
646,
646,
649,
649,
650,
653,
654,
656,
662,
666,
670,
676,
687,
688,
692,
696,
698,
700,
701,
706,
708,
713,
718,
719,
725,
732,
736,
738,
739,
742,
743,
744,
744,
745,
749,
750,
752,
754,
757,
760,
760,
761,
761,
764,
773,
773,
780,
780,
784,
785,
785,
786,
789,
790,
790,
792,
794,
795,
797,
797,
805,
813,
816,
818,
828,
829,
833,
835,
840,
845,
850,
851,
851,
852,
853,
855,
859,
861,
861,
863,
866,
876,
878,
879,
880,
881,
881,
886,
894,
899,
904,
908,
909,
911,
923,
927,
928,
933,
935,
947,
948,
950,
950,
950,
951,
953,
953,
954,
954,
959,
961,
962,
963,
967,
973,
973,
979,
981,
983,
984,
985,
986,
988,
990,
995,
998,
1004,
1006,
1013,
1016,
1022,
1025,
1025,
1030,
1033,
1036,
1036,
1038,
1040,
1041,
1047,
1047,
1053,
1054,
1057,
1058,
1058,
1060,
1068,
1070,
1071,
1074,
1075,
1075,
1085,
1096,
1102,
1105,
1110,
1116,
1123,
1123,
1131,
1131,
1132,
1138,
1139,
1142,
1142,
1146,
1147,
1151,
1155,
1157,
1158,
1159,
1163,
1168,
1170,
1182,
1185,
1187,
1195,
1206,
1207,
1208,
1210,
1211,
1216,
1217,
1221,
1223,
1227,
1228,
1231,
1232,
1234,
1240,
1244,
1247,
1253,
1254,
1258,
1262,
1264,
1268,
1272,
1273,
1275,
1279,
1283,
1283,
1284,
1285,
1286,
1286,
1287,
1288,
1292,
1294,
1297,
1297,
1297,
1298,
1300,
1302,
1303,
1305,
1305,
1309,
1309,
1310,
1310,
1312,
1312,
1315,
1316,
1320,
1329,
1331,
1332,
1334,
1334,
1334,
1335,
1336,
1338,
1343,
1347,
1348,
1351,
1352,
1363,
1367,
1373,
1381,
1383,
1394,
1397,
1402,
1402,
1406,
1408,
1411,
1413,
1416,
1417,
1421,
1421,
1423,
1423,
1424,
1426,
1429,
1436,
1438,
1441,
1445,
1446,
1449,
1455,
1462,
1463,
1463,
1465,
1469,
1475,
1475,
1481,
1485,
1486,
1486,
1486,
1493,
1497,
1502,
1507,
1511,
1511,
1514,
1515,
1519,
1519,
1524,
1527,
1528,
1533,
1536,
1539,
1545,
1548,
1549,
1550,
1554,
1554,
1556,
1565,
1566,
1567,
1572,
1581,
1583,
1586,
1595,
1597,
1597,
1608,
1612,
1618,
1620,
1626,
1628,
1633,
1634,
1634,
1635,
1636,
1637,
1644,
1648,
1649,
1652,
1658,
1662,
1665,
1673,
1674,
1676,
1686,
1688,
1691,
1692,
1698,
1700,
1702,
1702,
1704,
1710,
1713,
1714,
1722,
1724,
1727,
1727,
1727,
1733,
1743,
1747,
1747,
1750,
1755,
1755,
1756,
1757,
1759,
1762,
1765,
1767,
1775,
1776,
1784,
1790,
1790,
1792,
1795,
1802,
1818,
1818,
1822,
1824,
1827,
1831,
1833,
1834,
1837,
1839,
1847,
1855,
1861,
1862,
1865,
1865,
1866,
1871,
1873,
1877,
1877,
1879,
1882,
1887,
1889,
1891,
1894,
1905,
1910,
1915,
1926,
1930,
1932,
1939,
1941,
1944,
1944,
1948,
1956,
1961,
1964,
1976,
1983,
1983,
1984,
1984,
1993,
1993,
1995,
1995,
1998,
2004,
2007,
2010,
2024,
2026,
2029,
2030,
2031,
2039,
2040,
2042,
2042,
2044,
2049,
2050,
2061,
2061,
2064,
2065,
2068,
2070,
2074,
2075,
2077,
2083,
2085,
2089,
2090,
2092,
2093,
2095,
2100,
2102,
2102,
2105,
2108,
2109,
2124,
2126,
2127,
2130,
2134,
2139,
2142,
2143,
2144,
2148,
2157,
2160,
2165,
2169,
2173,
2175,
2181,
2185,
2187,
2199,
2204,
2206,
2215,
2215,
2216,
2216,
2217,
2221,
2221,
2222,
2230,
2231,
2232,
2243,
2245,
2246,
2247,
2249,
2262,
2276,
2276,
2280,
2280,
2282,
2286,
2287,
2291,
2292,
2304,
2304,
2307,
2310,
2310,
2312,
2321,
2325,
2327,
2327,
2328,
2328,
2329,
2330,
2332,
2333,
2341,
2343,
2345,
2351,
2353,
2359,
2359,
2360,
2361,
2362,
2365,
2368,
2369,
2369,
2370,
2371,
2371,
2376,
2377,
2378,
2388,
2389,
2391,
2392,
2394,
2395,
2396,
2405,
2409,
2429,
2429,
2433,
2439,
2440,
2442,
2444,
2446,
2448,
2459,
2461,
2462,
2466,
2466,
2467,
2467,
2469,
2477,
2479,
2481,
2484,
2485,
2491,
2504,
2505,
2513,
2518,
2520,
2520,
2527,
2528,
2529,
2530,
2532,
2537,
2538,
2539,
2541,
2541,
2543,
2545,
2550,
2551,
2552,
2559,
2560,
2569,
2570,
2574,
2574,
2576,
2579,
2580,
2583,
2584,
2586,
2592,
2593,
2593,
2595,
2600,
2602,
2602,
2603,
2607,
2608,
2610,
2613,
2614,
2623,
2625,
2628,
2633,
2634,
2634,
2636,
2638,
2642,
2644,
2645,
2645,
2647,
2648,
2648,
2651,
2652,
2654,
2654,
2660,
2660,
2665,
2671,
2672,
2673,
2675,
2676,
2677,
2680,
2687,
2688,
2693,
2697,
2702,
2703,
2706,
2712,
2713,
2717,
2718,
2718,
2723,
2723,
2724,
2726,
2727,
2728,
2728,
2729,
2730,
2738,
2739,
2740,
2743,
2744,
2745,
2756,
2757,
2757,
2759,
2759,
2761,
2768,
2770,
2773,
2775,
2776,
2780,
2781,
2786,
2788,
2792,
2793,
2795,
2797,
2799,
2802,
2802,
2803,
2803,
2806,
2813,
2817,
2817,
2824,
2824,
2825,
2828,
2830,
2838,
2839,
2839,
2839,
2841,
2841,
2841,
2844,
2846,
2851,
2863,
2866,
2867,
2871,
2872,
2873,
2881,
2882,
2883,
2884,
2886,
2887,
2888,
2896,
2905,
2906,
2912,
2919,
2919,
2920,
2924,
2927,
2928,
2928,
2938,
2943,
2948,
2953,
2954,
2954,
2957,
2958,
2966,
2971,
2972,
2977,
2979,
2981,
2981,
2982,
2986,
2991,
2992,
2993,
2998,
2999,
