1,
7,
8,
10,
12,
19,
19,
20,
20,
21,
24,
25,
25,
26,
31,
32,
33,
33,
34,
36,
45,
46,
47,
49,
60,
61,
72,
73,
73,
77,
84,
87,
89,
92,
94,
95,
101,
104,
107,
108,
108,
109,
109,
111,
115,
116,
123,
124,
126,
128,
130,
133,
136,
139,
140,
145,
145,
145,
145,
149,
150,
152,
157,
158,
158,
158,
158,
159,
160,
170,
173,
174,
179,
179,
184,
185,
187,
189,
195,
198,
198,
200,
202,
204,
212,
213,
217,
219,
219,
222,
223,
226,
230,
231,
234,
243,
244,
246,
247,
250,
265,
268,
268,
268,
278,
280,
281,
281,
283,
291,
295,
296,
296,
297,
299,
299,
299,
304,
306,
306,
314,
321,
324,
327,
327,
329,
338,
341,
351,
352,
355,
356,
356,
364,
366,
374,
375,
378,
379,
380,
381,
384,
384,
392,
394,
396,
399,
400,
402,
403,
409,
409,
412,
413,
422,
425,
437,
439,
440,
445,
445,
446,
447,
451,
451,
456,
457,
457,
459,
460,
462,
463,
474,
475,
481,
485,
486,
489,
492,
496,
497,
497,
501,
502,
502,
503,
509,
509,
514,
517,
519,
520,
521,
523,
529,
530,
532,
533,
536,
542,
544,
545,
549,
550,
551,
551,
554,
557,
558,
562,
571,
572,
576,
576,
578,
578,
588,
588,
590,
590,
593,
598,
599,
602,
603,
605,
605,
606,
610,
610,
612,
616,
621,
623,
628,
629,
629,
630,
633,
634,
635,
636,
636,
639,
641,
644,
644,
644,
650,
651,
660,
661,
663,
676,
676,
676,
677,
693,
695,
697,
699,
701,
703,
705,
706,
707,
708,
708,
709,
714,
718,
723,
725,
729,
736,
739,
743,
745,
752,
754,
757,
761,
767,
768,
773,
779,
780,
784,
785,
795,
802,
806,
806,
812,
817,
821,
826,
831,
834,
834,
836,
839,
843,
845,
846,
848,
848,
849,
852,
853,
854,
854,
857,
860,
863,
863,
865,
866,
866,
868,
871,
874,
874,
877,
883,
883,
884,
884,
886,
890,
891,
896,
896,
897,
898,
898,
898,
902,
903,
905,
909,
912,
925,
926,
930,
935,
936,
937,
944,
944,
962,
968,
975,
976,
977,
977,
979,
984,
985,
985,
987,
987,
991,
993,
993,
993,
1005,
1012,
1013,
1013,
1013,
1014,
1015,
1019,
1021,
1021,
1022,
1029,
1029,
1032,
1034,
1039,
1047,
1050,
1053,
1057,
1061,
1061,
1067,
1068,
1069,
1076,
1077,
1078,
1078,
1085,
1089,
1109,
1110,
1112,
1118,
1122,
1123,
1125,
1128,
1132,
1136,
1136,
1137,
1138,
1146,
1146,
1147,
1148,
1153,
1154,
1155,
1160,
1160,
1161,
1164,
1165,
1169,
1172,
1172,
1174,
1177,
1185,
1185,
1190,
1191,
1192,
1195,
1196,
1201,
1201,
1207,
1209,
1211,
1212,
1213,
1213,
1214,
1214,
1217,
1221,
1222,
1223,
1232,
1233,
1233,
1239,
1240,
1241,
1242,
1250,
1251,
1254,
1258,
1259,
1261,
1262,
1264,
1267,
1268,
1270,
1272,
1273,
1274,
1276,
1284,
1290,
1292,
1295,
1295,
1295,
1299,
1299,
1303,
1304,
1306,
1307,
1312,
1315,
1317,
1320,
1321,
1323,
1324,
1327,
1332,
1333,
1336,
1337,
1337,
1343,
1345,
1346,
1349,
1352,
1353,
1356,
1359,
1375,
1376,
1377,
1379,
1386,
1390,
1393,
1395,
1399,
1400,
1401,
1406,
1412,
1413,
1425,
1425,
1437,
1437,
1439,
1444,
1445,
1447,
1448,
1472,
1473,
1480,
1486,
1488,
1490,
1490,
1500,
1500,
1503,
1504,
1508,
1510,
1518,
1523,
1523,
1530,
1533,
1533,
1538,
1549,
1550,
1551,
1555,
1558,
1558,
1560,
1562,
1564,
1565,
1567,
1574,
1574,
1575,
1580,
1586,
1592,
1601,
1609,
1615,
1621,
1626,
1626,
1627,
1627,
1629,
1636,
1645,
1650,
1654,
1658,
1661,
1668,
1674,
1678,
1680,
1680,
1680,
1681,
1681,
1682,
1684,
1692,
1693,
1693,
1698,
1700,
1701,
1701,
1704,
1707,
1718,
1719,
1724,
1725,
1727,
1728,
1733,
1737,
1737,
1739,
1751,
1752,
1752,
1759,
1761,
1763,
1767,
1769,
1771,
1771,
1773,
1783,
1783,
1784,
1784,
1787,
1795,
1800,
1802,
1805,
1805,
1808,
1819,
1822,
1829,
1830,
1833,
1841,
1845,
1851,
1851,
1855,
1865,
1868,
1871,
1872,
1888,
1890,
1894,
1898,
1899,
1904,
1905,
1916,
1917,
1922,
1923,
1929,
1929,
1930,
1933,
1936,
1943,
1946,
1950,
1955,
1956,
1961,
1962,
1963,
1964,
1967,
1967,
1970,
1974,
1974,
1977,
1979,
1980,
1980,
1986,
1996,
2002,
2003,
2006,
2009,
2013,
2021,
2025,
2026,
2027,
2032,
2034,
2037,
2038,
2038,
2051,
2052,
2055,
2055,
2057,
2059,
2061,
2063,
2064,
2069,
2070,
2086,
2089,
2091,
2093,
2099,
2099,
2105,
2105,
2117,
2119,
2121,
2122,
2126,
2126,
2138,
2139,
2140,
2147,
2148,
2151,
2155,
2162,
2168,
2173,
2174,
2176,
2177,
2178,
2185,
2189,
2190,
2191,
2192,
2207,
2209,
2211,
2222,
2233,
2233,
2237,
2237,
2238,
2239,
2240,
2241,
2243,
2245,
2246,
2247,
2252,
2255,
2265,
2268,
2273,
2273,
2273,
2274,
2275,
2282,
2289,
2290,
2291,
2299,
2300,
2301,
2304,
2309,
2310,
2310,
2312,
2318,
2319,
2320,
2325,
2326,
2331,
2332,
2334,
2335,
2335,
2335,
2336,
2354,
2354,
2359,
2378,
2378,
2386,
2386,
2386,
2393,
2394,
2405,
2406,
2412,
2414,
2419,
2420,
2428,
2430,
2438,
2438,
2440,
2442,
2445,
2454,
2459,
2463,
2464,
2465,
2466,
2467,
2467,
2468,
2472,
2474,
2485,
2485,
2492,
2494,
2497,
2500,
2500,
2502,
2505,
2506,
2509,
2511,
2511,
2529,
2530,
2532,
2535,
2536,
2536,
2538,
2540,
2541,
2542,
2542,
2544,
2544,
2546,
2548,
2551,
2551,
2551,
2556,
2558,
2561,
2563,
2565,
2571,
2573,
2575,
2577,
2577,
2580,
2588,
2597,
2601,
2603,
2604,
2607,
2610,
2612,
2617,
2619,
2622,
2623,
2626,
2633,
2633,
2634,
2638,
2638,
2638,
2640,
2643,
2644,
2645,
2647,
2650,
2656,
2664,
2667,
2670,
2672,
2677,
2678,
2678,
2684,
2687,
2688,
2690,
2691,
2692,
2697,
2700,
2712,
2713,
2717,
2717,
2719,
2719,
2720,
2720,
2722,
2735,
2738,
2744,
2754,
2755,
2765,
2766,
2775,
2779,
2781,
2791,
2794,
2794,
2803,
2807,
2814,
2822,
2823,
2823,
2825,
2831,
2835,
2839,
2840,
2842,
2844,
2853,
2856,
2856,
2857,
2857,
2858,
2862,
2864,
2868,
2871,
2879,
2879,
2884,
2884,
2885,
2887,
2890,
2891,
2893,
2893,
2896,
2898,
2903,
2904,
2907,
2910,
2910,
2910,
2914,
2915,
2916,
2918,
2920,
2920,
2921,
2925,
2926,
2931,
2931,
2932,
2932,
2936,
2937,
2938,
2939,
2940,
2946,
2947,
2947,
2949,
2949,
2957,
2959,
2959,
2960,
2961,
2978,
2984,
2987,
2987,
2990,
2997,
