0,13,39,
0,15,6,
0,23,31,
0,38,83,
0,39,25,
0,42,86,
0,47,59,
0,48,40,
0,64,36,
0,66,45,
0,68,70,
0,84,69,
0,85,77,
0,97,67,
1,4,90,
1,58,95,
1,64,74,
1,95,16,
2,17,74,
2,23,67,
2,43,88,
2,90,87,
2,97,35,
3,1,2,
3,1,71,
3,8,43,
3,11,96,
3,38,71,
3,57,17,
3,65,6,
3,91,48,
3,96,20,
3,98,65,
4,14,98,
4,17,73,
4,25,70,
4,41,33,
4,71,78,
4,87,0,
5,8,7,
5,10,94,
5,12,38,
5,28,60,
5,43,95,
5,51,33,
5,60,35,
5,67,72,
5,78,95,
5,89,95,
5,99,2,
6,6,1,
6,16,28,
6,17,29,
6,33,78,
6,46,49,
6,46,86,
6,47,89,
6,49,84,
6,74,96,
6,75,4,
6,75,77,
6,85,91,
7,0,99,
7,2,52,
7,53,66,
7,56,62,
8,3,48,
8,4,24,
8,16,69,
8,50,59,
8,82,95,
9,2,2,
9,6,64,
9,30,77,
9,31,22,
9,33,44,
9,60,64,
9,74,36,
9,78,75,
10,2,77,
10,9,94,
10,10,67,
10,23,43,
10,25,25,
10,30,72,
10,35,79,
10,37,19,
10,42,5,
10,74,88,
10,79,13,
10,94,71,
10,96,28,
10,99,7,
11,0,35,
11,0,60,
11,7,9,
11,28,60,
11,29,0,
11,58,65,
11,60,11,
11,79,45,
12,6,72,
12,8,55,
12,16,38,
12,25,42,
12,43,77,
12,51,78,
12,57,23,
12,57,40,
12,72,93,
12,77,43,
13,2,6,
13,19,37,
13,22,86,
13,23,84,
13,45,68,
13,52,24,
13,73,69,
13,73,79,
13,85,63,
13,86,57,
14,1,53,
14,18,29,
14,26,32,
14,43,6,
14,46,70,
14,61,31,
14,62,88,
14,71,42,
14,76,89,
14,84,80,
14,93,83,
15,5,49,
15,52,95,
15,55,14,
15,56,43,
15,75,67,
15,84,66,
16,0,84,
16,7,2,
16,11,68,
16,20,40,
16,24,86,
16,52,28,
16,59,56,
16,62,82,
16,63,91,
16,73,28,
16,77,43,
17,2,63,
17,2,85,
17,4,74,
17,4,84,
17,21,22,
17,21,40,
17,58,8,
17,89,87,
17,93,36,
18,9,12,
18,18,52,
18,31,95,
18,44,86,
18,47,59,
18,52,29,
18,61,98,
18,69,37,
18,83,45,
18,90,5,
18,93,7,
18,95,64,
18,97,89,
19,28,45,
19,48,10,
19,51,10,
19,73,66,
19,84,33,
20,13,61,
20,14,22,
20,17,60,
20,22,75,
20,25,5,
20,33,64,
20,50,76,
20,56,8,
20,65,37,
21,13,77,
21,25,7,
21,35,96,
21,39,51,
21,40,12,
21,58,89,
21,64,40,
21,71,55,
21,97,1,
22,18,4,
22,38,70,
22,42,19,
22,52,1,
22,57,58,
22,79,78,
22,81,2,
22,89,60,
22,93,24,
23,0,12,
23,7,79,
23,8,25,
23,9,59,
23,23,90,
23,31,92,
23,35,22,
23,40,80,
23,54,26,
23,57,99,
23,74,70,
23,76,35,
23,86,29,
23,92,89,
24,15,66,
24,48,96,
24,50,80,
24,80,26,
24,94,65,
24,94,81,
24,98,80,
25,2,83,
25,19,67,
25,28,55,
25,36,70,
25,41,82,
25,41,98,
25,57,37,
25,60,95,
25,66,25,
25,68,16,
26,8,0,
26,10,42,
26,16,43,
26,33,33,
26,37,78,
26,49,8,
26,50,99,
26,53,69,
26,65,94,
26,84,58,
26,95,49,
27,21,62,
27,24,84,
27,25,32,
27,28,37,
27,34,76,
27,42,37,
27,47,82,
27,68,88,
27,80,61,
27,86,52,
27,91,32,
28,1,76,
28,11,35,
28,16,12,
28,21,23,
28,29,44,
28,52,20,
28,57,96,
28,72,62,
28,73,5,
28,88,27,
29,13,75,
29,13,86,
29,47,41,
29,52,19,
29,61,10,
29,92,83,
30,5,12,
30,15,80,
30,24,49,
30,29,67,
30,46,26,
30,47,25,
30,63,2,
30,69,17,
30,74,52,
30,87,40,
31,25,59,
31,35,61,
31,38,83,
31,55,14,
31,55,69,
31,72,38,
31,73,89,
31,86,68,
31,97,63,
32,6,72,
32,25,28,
32,27,49,
32,47,41,
32,49,3,
32,50,28,
32,59,95,
32,60,5,
32,62,9,
32,64,50,
32,74,97,
32,76,39,
32,81,9,
32,82,10,
32,94,3,
33,3,25,
33,4,92,
33,25,66,
33,45,0,
33,53,82,
33,58,82,
33,69,68,
33,75,78,
33,82,96,
33,88,40,
34,11,23,
34,12,42,
34,26,79,
34,42,4,
34,53,17,
34,58,12,
34,68,96,
34,68,99,
34,69,5,
34,69,20,
34,69,69,
34,70,97,
34,72,7,
34,72,31,
34,78,55,
34,80,92,
34,93,98,
34,98,30,
35,11,85,
35,27,8,
35,44,65,
35,51,91,
35,58,58,
35,59,43,
35,64,72,
35,94,4,
36,8,69,
36,14,46,
36,20,92,
36,21,14,
36,34,46,
36,36,35,
36,37,38,
36,55,6,
36,63,37,
36,74,0,
36,92,68,
37,13,29,
37,21,33,
37,40,93,
37,52,71,
37,60,21,
37,60,88,
37,64,8,
37,81,60,
38,10,1,
38,19,58,
38,20,33,
38,24,1,
38,33,79,
38,40,34,
38,53,4,
38,67,91,
38,80,58,
38,83,49,
38,96,44,
38,97,37,
38,98,86,
39,11,80,
39,21,65,
39,44,18,
39,44,94,
39,50,30,
39,52,94,
39,53,38,
39,65,89,
39,76,20,
40,4,85,
40,15,87,
40,28,54,
40,78,31,
40,89,12,
40,92,15,
40,93,13,
40,93,45,
40,96,22,
41,30,7,
41,33,60,
41,37,97,
41,38,88,
41,43,70,
41,78,71,
41,83,76,
41,85,28,
41,85,74,
41,93,51,
42,3,69,
42,27,20,
42,27,45,
42,44,70,
42,48,12,
42,77,79,
42,87,99,
42,91,73,
42,94,53,
42,96,95,
43,0,13,
43,17,29,
43,20,40,
43,25,71,
43,35,47,
43,38,69,
43,39,27,
43,41,48,
43,55,47,
43,60,7,
43,64,90,
43,76,78,
43,91,72,
44,18,48,
44,19,67,
44,30,38,
44,87,7,
44,90,32,
44,90,62,
45,3,20,
45,9,73,
45,12,72,
45,21,76,
45,31,34,
45,31,71,
45,33,42,
45,55,97,
45,77,75,
45,82,75,
45,88,45,
46,8,2,
46,10,6,
46,19,63,
46,38,10,
46,50,42,
46,52,43,
46,63,69,
46,68,22,
46,69,94,
46,73,41,
46,75,82,
46,76,36,
46,92,91,
47,3,67,
47,6,78,
47,10,17,
47,11,79,
47,12,65,
47,39,63,
47,42,55,
47,57,5,
47,60,2,
47,70,27,
47,78,88,
47,85,9,
47,91,70,
48,11,47,
48,17,40,
48,22,4,
48,23,86,
48,27,6,
48,37,10,
48,43,69,
48,47,71,
48,54,26,
48,55,40,
48,78,86,
49,22,34,
49,24,78,
49,29,93,
49,35,39,
49,37,63,
49,44,15,
49,49,90,
49,55,43,
49,60,98,
49,62,93,
49,69,88,
49,78,67,
49,79,60,
49,98,59,
50,5,18,
50,6,66,
50,8,6,
50,12,19,
50,19,25,
50,26,75,
50,41,83,
50,44,45,
50,48,41,
50,52,23,
50,57,26,
50,77,32,
50,79,62,
50,83,25,
50,99,73,
51,0,76,
51,4,59,
51,10,16,
51,11,48,
51,21,27,
51,45,46,
51,68,16,
51,68,71,
51,98,32,
52,3,8,
52,12,98,
52,17,50,
52,21,38,
52,22,55,
52,24,50,
52,58,51,
52,68,70,
52,76,1,
52,80,30,
52,83,36,
52,86,65,
52,86,99,
52,90,59,
53,7,89,
53,19,73,
53,22,9,
53,23,83,
53,35,71,
53,37,28,
53,37,92,
53,41,84,
53,46,1,
53,46,94,
53,54,45,
53,67,56,
53,72,61,
53,77,45,
53,85,46,
54,6,62,
54,25,37,
54,47,15,
54,49,40,
54,64,42,
54,70,46,
54,73,19,
54,84,1,
54,97,40,
55,13,92,
55,25,23,
55,47,26,
55,63,53,
55,83,69,
55,87,64,
55,94,77,
56,16,33,
56,26,45,
56,47,67,
56,59,9,
57,0,59,
57,12,76,
57,17,41,
57,26,28,
57,35,27,
57,51,44,
57,53,61,
57,84,50,
57,89,31,
57,98,98,
58,0,19,
58,29,19,
58,75,42,
59,9,92,
59,18,22,
59,20,80,
59,24,92,
59,31,13,
59,38,53,
59,57,10,
59,97,98,
60,3,3,
60,52,47,
60,57,83,
60,58,89,
60,70,37,
60,85,91,
60,92,62,
60,93,28,
60,94,91,
60,94,98,
61,10,80,
61,14,33,
61,14,73,
61,53,14,
61,60,63,
61,62,34,
61,63,11,
61,74,14,
61,80,99,
61,85,67,
62,6,28,
62,11,53,
62,30,88,
62,47,49,
62,49,22,
62,57,7,
62,62,92,
62,69,30,
62,74,41,
62,76,95,
62,78,4,
62,93,67,
63,2,60,
63,5,81,
63,5,98,
63,15,52,
63,18,21,
63,24,58,
63,25,98,
63,27,93,
63,35,55,
63,40,34,
63,44,21,
63,56,16,
63,77,44,
63,82,48,
64,13,78,
64,26,18,
64,26,23,
64,32,31,
64,46,32,
64,46,82,
64,63,38,
64,68,44,
64,71,90,
64,78,52,
64,87,29,
64,98,10,
65,1,57,
65,20,49,
65,25,95,
65,37,33,
65,47,38,
65,63,9,
65,65,86,
65,85,88,
65,89,91,
65,90,85,
66,1,2,
66,14,64,
66,37,28,
66,40,8,
66,49,47,
66,50,16,
66,56,12,
66,57,4,
66,69,52,
66,73,9,
66,82,32,
66,85,29,
67,11,63,
67,12,4,
67,12,85,
67,16,99,
67,34,92,
67,38,4,
67,41,9,
67,41,80,
67,60,42,
67,63,31,
67,63,73,
67,67,58,
67,71,59,
67,72,66,
67,72,78,
67,77,60,
67,81,76,
68,12,29,
68,20,37,
68,65,36,
68,69,31,
69,1,42,
69,1,75,
69,22,66,
69,23,62,
69,29,79,
69,34,8,
69,40,62,
69,63,93,
69,65,66,
69,66,32,
69,78,71,
69,79,40,
69,85,76,
70,0,19,
70,2,81,
70,7,31,
70,67,74,
70,93,39,
70,96,39,
70,99,79,
71,14,56,
71,48,30,
71,52,80,
71,60,87,
71,83,56,
71,92,47,
72,14,20,
72,18,8,
72,50,24,
72,55,75,
72,62,41,
72,83,6,
72,91,95,
72,98,13,
73,1,85,
73,15,7,
73,43,33,
73,63,80,
73,95,5,
74,26,37,
74,45,83,
74,49,35,
74,54,61,
74,56,75,
74,67,16,
74,78,15,
74,83,14,
74,83,19,
74,89,24,
74,94,39,
75,2,72,
75,3,40,
75,7,20,
75,13,5,
75,30,16,
75,57,95,
75,68,17,
76,13,26,
76,17,92,
76,18,14,
76,19,1,
76,21,78,
76,21,97,
76,27,53,
76,30,25,
76,41,57,
76,57,89,
76,70,30,
76,94,73,
77,36,83,
77,39,13,
77,42,24,
77,80,64,
77,86,6,
77,92,45,
78,18,36,
78,28,54,
78,30,30,
78,43,55,
78,51,82,
78,54,45,
78,62,46,
78,63,39,
78,70,93,
78,76,58,
78,88,97,
78,90,7,
79,0,33,
79,10,73,
79,46,52,
79,79,45,
79,84,33,
80,5,75,
80,8,75,
80,19,94,
80,24,60,
80,38,7,
80,43,17,
80,45,56,
80,48,19,
80,49,17,
80,55,31,
80,70,48,
80,96,16,
81,0,24,
81,10,42,
81,15,31,
81,15,51,
81,21,83,
81,43,89,
81,45,92,
81,90,75,
81,93,96,
82,0,69,
82,1,93,
82,9,28,
82,9,49,
82,16,19,
82,19,70,
82,26,87,
82,27,55,
82,28,39,
82,59,43,
82,64,36,
82,66,43,
82,66,55,
82,72,94,
82,76,6,
82,82,2,
82,89,62,
83,2,29,
83,12,51,
83,13,8,
83,14,35,
83,24,24,
83,24,40,
83,36,0,
83,39,12,
83,74,40,
83,75,20,
83,80,11,
83,83,34,
83,86,17,
83,87,17,
83,89,11,
84,0,73,
84,3,13,
84,16,11,
84,21,14,
84,30,85,
84,35,6,
84,47,53,
84,74,40,
85,16,44,
85,30,27,
85,30,65,
85,35,32,
85,49,23,
85,59,50,
85,65,96,
85,80,53,
85,82,48,
85,84,50,
85,96,46,
86,0,29,
86,0,53,
86,9,21,
86,9,66,
86,67,34,
86,83,9,
86,98,16,
87,26,24,
87,27,98,
87,41,32,
87,50,72,
87,75,26,
87,77,84,
88,4,90,
88,14,21,
88,27,38,
88,28,71,
88,48,63,
88,49,49,
88,58,81,
88,84,18,
88,89,59,
88,89,91,
88,90,60,
88,98,57,
89,17,75,
89,42,84,
89,51,36,
89,56,35,
89,74,1,
89,81,84,
89,82,63,
89,88,81,
89,99,43,
90,2,16,
90,2,96,
90,9,67,
90,18,63,
90,23,30,
90,34,8,
90,38,6,
90,49,67,
90,72,56,
90,74,94,
90,85,46,
90,88,36,
91,1,7,
91,11,74,
91,30,96,
91,32,19,
91,52,8,
91,62,99,
91,91,17,
91,94,39,
91,98,9,
92,7,68,
92,25,92,
92,43,9,
92,44,1,
92,68,61,
92,69,46,
92,75,61,
92,84,4,
92,96,9,
92,99,6,
93,3,54,
93,9,21,
93,13,33,
93,18,3,
93,33,96,
93,48,26,
93,50,65,
93,56,31,
93,71,86,
93,96,11,
94,16,43,
94,21,25,
94,29,52,
94,45,40,
94,58,21,
94,76,44,
94,81,20,
94,98,7,
95,0,30,
95,9,13,
95,12,39,
95,23,93,
95,27,23,
95,29,70,
95,39,70,
95,45,9,
95,48,45,
95,67,97,
95,71,81,
95,76,0,
95,83,5,
95,83,67,
95,91,17,
95,93,77,
96,2,87,
96,3,16,
96,8,33,
96,13,66,
96,31,98,
96,40,24,
96,43,73,
96,55,68,
96,56,3,
96,59,49,
96,69,83,
96,82,79,
96,83,85,
96,88,55,
96,92,45,
96,94,82,
96,94,89,
96,99,50,
97,4,55,
97,9,78,
97,22,48,
97,38,39,
97,61,20,
97,62,24,
97,67,7,
97,73,62,
98,14,39,
98,17,30,
98,19,53,
98,21,94,
98,22,45,
98,23,99,
98,39,18,
98,48,2,
98,60,29,
98,75,69,
98,82,72,
98,96,70,
99,24,18,
99,32,29,
99,45,45,
99,45,94,
99,51,39,
99,53,29,
99,59,71,
99,66,17,
99,66,38,
99,92,77,
99,99,35,
