0,
0,
0,
0,
0,
0,
0,
0,
0,
0,
0,
0,
0,
0,
0,
0,
0,
0,
0,
0,
0,
0,
0,
0,
0,
0,
0,
0,
0,
0,
0,
0,
0,
0,
0,
0,
0,
0,
0,
0,
0,
0,
0,
0,
0,
0,
0,
0,
0,
0,
0,
0,
0,
0,
0,
0,
0,
0,
0,
0,
0,
0,
0,
0,
0,
0,
0,
0,
0,
0,
0,
0,
0,
0,
0,
0,
0,
0,
0,
0,
0,
0,
0,
0,
0,
0,
0,
0,
0,
0,
0,
0,
0,
0,
0,
0,
0,
0,
0,
0,
0,
0,
0,
0,
0,
0,
0,
0,
0,
0,
0,
0,
0,
0,
0,
0,
0,
0,
0,
0,
0,
0,
0,
0,
0,
0,
0,
0,
0,
0,
0,
0,
0,
0,
0,
0,
0,
0,
0,
0,
0,
0,
0,
0,
0,
0,
0,
0,
0,
0,
0,
0,
0,
0,
0,
0,
0,
0,
0,
0,
0,
0,
0,
0,
0,
0,
0,
0,
0,
0,
0,
1,
1,
1,
1,
1,
1,
1,
1,
1,
1,
1,
1,
1,
1,
1,
1,
1,
1,
1,
1,
1,
1,
1,
1,
1,
1,
1,
1,
1,
1,
1,
1,
1,
1,
1,
1,
1,
1,
1,
1,
1,
1,
1,
1,
1,
1,
1,
1,
1,
1,
1,
1,
1,
1,
1,
1,
1,
1,
1,
1,
1,
1,
1,
1,
1,
1,
1,
1,
1,
1,
1,
1,
1,
1,
1,
1,
1,
1,
1,
1,
1,
1,
1,
2,
2,
2,
2,
2,
2,
2,
2,
2,
2,
2,
2,
2,
2,
2,
2,
2,
2,
2,
2,
2,
2,
2,
2,
2,
2,
2,
2,
2,
2,
2,
2,
2,
2,
2,
2,
2,
2,
2,
2,
2,
2,
2,
2,
2,
2,
2,
2,
2,
2,
2,
2,
2,
2,
2,
2,
2,
2,
2,
3,
3,
3,
3,
3,
3,
3,
3,
3,
3,
3,
3,
3,
3,
3,
3,
3,
3,
3,
3,
3,
3,
3,
3,
3,
3,
3,
3,
3,
3,
3,
3,
3,
3,
3,
3,
3,
3,
3,
3,
3,
3,
3,
3,
3,
3,
3,
3,
3,
4,
4,
4,
4,
4,
4,
4,
4,
4,
4,
4,
4,
4,
4,
4,
4,
4,
4,
4,
4,
4,
4,
4,
4,
4,
4,
4,
4,
4,
4,
4,
4,
4,
5,
5,
5,
5,
5,
5,
5,
5,
5,
5,
5,
5,
5,
5,
5,
5,
5,
5,
5,
5,
5,
5,
5,
5,
5,
5,
5,
5,
5,
5,
5,
5,
5,
5,
5,
5,
5,
5,
5,
6,
6,
6,
6,
6,
6,
6,
6,
6,
6,
6,
6,
6,
6,
6,
6,
6,
6,
6,
6,
6,
6,
6,
6,
6,
6,
6,
6,
7,
7,
7,
7,
7,
7,
7,
7,
7,
7,
7,
7,
7,
7,
7,
7,
7,
7,
7,
7,
7,
7,
7,
7,
8,
8,
8,
8,
8,
8,
8,
8,
8,
8,
8,
8,
8,
8,
8,
8,
8,
8,
8,
8,
8,
8,
9,
9,
9,
9,
9,
9,
9,
9,
9,
9,
9,
9,
9,
9,
9,
9,
9,
9,
9,
10,
10,
10,
10,
10,
10,
10,
10,
10,
11,
11,
11,
11,
11,
11,
11,
11,
11,
11,
11,
11,
12,
12,
12,
12,
12,
12,
12,
12,
12,
12,
12,
12,
12,
12,
12,
12,
12,
13,
13,
13,
13,
13,
13,
13,
13,
13,
13,
13,
13,
13,
13,
13,
13,
13,
13,
13,
14,
14,
14,
14,
14,
14,
14,
14,
14,
14,
14,
14,
14,
15,
15,
15,
15,
15,
15,
15,
15,
15,
15,
15,
15,
15,
15,
15,
15,
15,
15,
15,
16,
16,
16,
16,
16,
16,
16,
16,
16,
16,
16,
16,
16,
16,
16,
16,
16,
16,
16,
16,
16,
16,
16,
17,
17,
17,
17,
17,
17,
17,
17,
17,
17,
17,
17,
17,
18,
18,
18,
18,
18,
18,
18,
18,
18,
18,
18,
18,
19,
19,
19,
19,
19,
19,
19,
19,
19,
19,
19,
20,
20,
20,
20,
20,
20,
21,
21,
21,
21,
21,
21,
21,
21,
21,
21,
21,
22,
22,
22,
22,
22,
22,
22,
22,
22,
22,
22,
23,
23,
23,
23,
23,
23,
24,
24,
24,
24,
24,
25,
25,
25,
25,
25,
25,
25,
25,
25,
25,
25,
25,
25,
25,
25,
25,
25,
26,
26,
26,
26,
26,
26,
26,
26,
26,
27,
27,
27,
27,
27,
27,
27,
27,
28,
28,
28,
28,
28,
28,
28,
28,
28,
29,
29,
29,
29,
29,
29,
29,
29,
29,
30,
30,
30,
30,
30,
30,
31,
31,
31,
31,
31,
31,
31,
32,
32,
32,
32,
32,
32,
32,
32,
33,
33,
33,
33,
33,
33,
34,
34,
34,
34,
35,
35,
35,
35,
35,
36,
36,
36,
37,
37,
37,
37,
37,
37,
37,
38,
38,
38,
38,
38,
38,
38,
39,
39,
39,
39,
39,
39,
39,
39,
40,
40,
40,
40,
40,
40,
40,
40,
40,
40,
41,
41,
41,
41,
41,
42,
42,
42,
42,
42,
42,
42,
42,
43,
43,
43,
43,
44,
44,
44,
44,
44,
45,
45,
45,
45,
45,
46,
46,
46,
46,
46,
46,
46,
46,
46,
46,
46,
47,
47,
47,
47,
47,
47,
47,
48,
48,
48,
48,
49,
50,
50,
50,
50,
50,
51,
51,
51,
51,
51,
52,
52,
52,
52,
52,
52,
53,
53,
53,
53,
53,
53,
54,
54,
54,
54,
54,
54,
55,
55,
55,
56,
56,
56,
57,
57,
57,
57,
57,
57,
57,
57,
58,
58,
59,
59,
59,
59,
59,
59,
60,
60,
60,
61,
61,
61,
62,
62,
62,
62,
63,
63,
63,
63,
63,
64,
65,
65,
65,
65,
65,
65,
66,
66,
66,
67,
67,
68,
68,
68,
68,
68,
68,
68,
69,
69,
69,
70,
71,
72,
72,
72,
72,
72,
73,
73,
73,
73,
73,
74,
74,
75,
75,
75,
75,
75,
76,
76,
76,
76,
77,
77,
78,
78,
79,
79,
79,
80,
80,
80,
81,
81,
81,
82,
82,
82,
83,
83,
83,
83,
83,
84,
85,
85,
86,
87,
87,
87,
88,
88,
88,
89,
89,
90,
91,
91,
92,
92,
92,
92,
93,
94,
94,
95,
95,
96,
97,
97,
98,
99,
99,
101,
102,
102,
103,
103,
104,
104,
105,
105,
108,
108,
108,
109,
110,
111,
112,
112,
112,
114,
114,
115,
115,
116,
116,
116,
116,
116,
116,
118,
118,
121,
122,
122,
122,
123,
123,
123,
124,
125,
125,
127,
127,
127,
128,
128,
128,
128,
129,
129,
130,
130,
130,
132,
133,
133,
133,
133,
134,
136,
136,
137,
138,
138,
138,
139,
140,
140,
141,
141,
141,
141,
141,
142,
142,
143,
144,
145,
146,
147,
148,
150,
150,
150,
150,
150,
151,
153,
153,
155,
155,
157,
157,
158,
158,
159,
159,
160,
160,
162,
163,
165,
165,
165,
167,
167,
167,
167,
168,
169,
169,
170,
170,
171,
171,
175,
177,
177,
177,
178,
179,
179,
180,
181,
181,
184,
184,
184,
186,
187,
187,
188,
188,
189,
189,
190,
190,
191,
193,
194,
194,
195,
196,
196,
197,
197,
198,
199,
200,
202,
202,
204,
206,
210,
210,
213,
214,
215,
215,
215,
215,
216,
216,
219,
221,
222,
225,
226,
228,
230,
230,
231,
233,
233,
236,
239,
244,
245,
245,
246,
246,
249,
251,
252,
252,
255,
255,
255,
255,
255,
260,
264,
266,
266,
267,
267,
269,
269,
269,
269,
270,
272,
272,
275,
276,
276,
277,
277,
279,
281,
282,
285,
286,
287,
287,
287,
287,
288,
288,
288,
288,
290,
292,
292,
295,
295,
306,
307,
308,
311,
313,
313,
314,
315,
317,
321,
325,
325,
327,
327,
337,
339,
342,
346,
348,
348,
352,
353,
354,
356,
356,
359,
369,
370,
375,
376,
377,
377,
377,
379,
379,
384,
384,
385,
386,
388,
390,
394,
397,
400,
402,
402,
404,
406,
410,
410,
412,
412,
413,
414,
418,
419,
420,
424,
426,
428,
430,
430,
435,
435,
436,
437,
437,
448,
449,
453,
454,
457,
457,
458,
458,
461,
463,
465,
467,
472,
479,
483,
484,
485,
486,
487,
488,
495,
499,
501,
511,
516,
516,
517,
517,
518,
522,
526,
527,
530,
533,
537,
542,
543,
547,
548,
550,
562,
563,
563,
565,
566,
569,
571,
575,
576,
577,
582,
585,
594,
594,
598,
599,
601,
603,
604,
604,
608,
613,
615,
616,
618,
621,
623,
626,
628,
633,
634,
638,
642,
656,
658,
660,
660,
660,
661,
663,
664,
667,
669,
672,
676,
679,
682,
684,
685,
687,
697,
702,
702,
703,
707,
709,
709,
714,
718,
719,
719,
725,
727,
727,
727,
733,
733,
735,
737,
741,
741,
743,
748,
749,
754,
764,
766,
767,
772,
776,
780,
781,
781,
781,
794,
799,
800,
803,
803,
804,
806,
815,
815,
816,
817,
824,
828,
833,
841,
847,
849,
853,
855,
862,
863,
865,
867,
867,
868,
879,
891,
893,
894,
894,
899,
901,
905,
907,
912,
916,
927,
941,
942,
947,
949,
951,
954,
955,
968,
971,
972,
974,
975,
982,
983,
983,
991,
998,
1013,
1013,
1018,
1035,
1042,
1042,
1044,
1045,
1050,
1053,
1053,
1061,
1062,
1073,
1076,
1086,
1086,
1087,
1088,
1091,
1093,
1096,
1104,
1105,
1111,
1114,
1120,
1122,
1125,
1130,
1130,
1133,
1136,
1145,
1149,
1150,
1151,
1151,
1156,
1166,
1167,
1198,
1203,
1203,
1218,
1246,
1256,
1258,
1261,
1262,
1264,
1267,
1287,
1294,
1300,
1309,
1315,
1315,
1320,
1323,
1323,
1325,
1330,
1339,
1342,
1342,
1347,
1348,
1354,
1361,
1364,
1364,
1366,
1373,
1376,
1378,
1381,
1384,
1390,
1398,
1403,
1403,
1413,
1413,
1423,
1425,
1428,
1437,
1449,
1449,
1450,
1455,
1464,
1469,
1473,
1476,
1479,
1491,
1529,
1530,
1542,
1550,
1552,
1559,
1563,
1589,
1596,
1609,
1617,
1622,
1630,
1643,
1643,
1653,
1662,
1662,
1666,
1677,
1678,
1694,
1698,
1704,
1710,
1738,
1738,
1738,
1741,
1751,
1764,
1782,
1786,
1795,
1795,
1807,
1810,
1817,
1827,
1878,
1879,
1881,
1884,
1891,
1895,
1906,
1909,
1953,
1970,
1975,
1983,
2001,
2005,
2012,
2012,
2023,
2036,
2037,
2046,
2070,
2073,
2080,
2084,
2084,
2089,
2123,
2139,
2147,
2151,
2159,
2171,
2200,
2207,
2213,
2227,
2233,
2241,
2258,
2263,
2266,
2268,
2275,
2326,
2337,
2364,
2367,
2376,
2400,
2405,
2415,
2431,
2446,
2456,
2466,
2472,
2475,
2487,
2495,
2508,
2521,
2525,
2572,
2577,
2583,
2583,
2586,
2597,
2611,
2640,
2655,
2656,
2675,
2675,
2680,
2724,
2738,
2742,
2772,
2774,
2777,
2793,
2809,
2821,
2830,
2830,
2840,
2846,
2847,
2866,
2868,
2886,
2912,
2920,
2940,
2964,
2976,
2995,
3001,
3040,
3048,
3055,
3061,
3079,
3090,
3098,
3100,
3103,
3123,
3125,
3129,
3135,
3158,
3180,
3180,
3207,
3210,
3217,
3225,
3236,
3243,
3249,
3270,
3283,
3309,
3317,
3319,
3346,
3374,
3383,
3397,
3432,
3438,
3444,
3529,
3548,
3549,
3582,
3588,
3592,
3618,
3647,
3665,
3667,
3734,
3734,
3746,
3766,
3771,
3783,
3818,
3824,
3880,
3894,
3895,
3927,
3928,
3930,
3959,
4001,
4020,
4042,
4043,
4055,
4058,
4084,
4086,
4095,
4101,
4128,
4138,
4143,
4174,
4176,
4204,
4237,
4240,
4259,
4290,
4304,
4326,
4327,
4327,
4329,
4338,
4348,
4358,
4374,
4378,
4409,
4427,
4430,
4435,
4453,
4471,
4477,
4480,
4501,
4504,
4519,
4533,
4545,
4556,
4614,
4621,
4638,
4647,
4653,
4667,
4674,
4676,
4694,
4695,
4709,
4717,
4775,
4798,
4812,
4878,
4889,
4907,
4908,
4912,
4917,
4995,
4995,
5007,
5035,
5049,
5086,
5127,
5128,
5184,
5205,
5286,
5322,
5369,
5411,
5472,
5500,
5534,
5537,
5543,
5544,
5582,
5617,
5636,
5649,
5674,
5696,
5732,
5737,
5750,
5761,
5790,
5815,
5846,
5873,
5909,
5940,
5943,
5966,
5999,
6029,
6054,
6061,
6069,
6119,
6161,
6251,
6276,
6293,
6308,
6327,
6372,
6380,
6421,
6555,
6579,
6581,
6581,
6587,
6597,
6679,
6702,
6792,
6810,
6841,
6882,
6899,
6968,
7006,
7021,
7142,
7144,
7242,
7327,
7388,
7479,
7490,
7515,
7552,
7553,
7576,
7577,
7590,
7638,
7687,
7724,
7738,
7759,
7781,
7809,
7929,
7935,
7954,
7964,
7974,
7998,
8047,
8131,
8159,
8185,
8190,
8231,
8233,
8241,
8270,
8297,
8424,
8465,
8492,
8508,
8597,
8684,
8694,
8706,
8721,
8778,
8823,
8831,
8870,
8906,
8910,
8977,
