0,
0,
0,
0,
0,
0,
0,
0,
0,
0,
0,
0,
0,
0,
0,
0,
0,
0,
0,
0,
0,
0,
0,
0,
0,
0,
0,
0,
0,
0,
0,
0,
0,
0,
0,
0,
0,
0,
0,
0,
0,
0,
0,
0,
0,
0,
0,
0,
0,
0,
0,
0,
0,
0,
0,
0,
0,
0,
0,
0,
0,
0,
0,
0,
0,
0,
0,
0,
0,
0,
0,
0,
0,
0,
0,
0,
0,
0,
0,
0,
0,
0,
0,
0,
0,
0,
0,
0,
0,
0,
0,
0,
0,
0,
0,
0,
0,
0,
0,
0,
0,
0,
0,
0,
0,
0,
0,
0,
0,
0,
0,
0,
0,
0,
0,
0,
0,
0,
0,
0,
0,
0,
0,
0,
0,
0,
0,
0,
0,
0,
0,
0,
0,
0,
0,
0,
0,
0,
0,
0,
0,
0,
0,
0,
0,
0,
0,
0,
1,
1,
1,
1,
1,
1,
1,
1,
1,
1,
1,
1,
1,
1,
1,
1,
1,
1,
1,
1,
1,
1,
1,
1,
1,
1,
1,
1,
1,
1,
1,
1,
1,
1,
1,
1,
1,
1,
1,
1,
1,
1,
1,
1,
1,
1,
1,
1,
1,
1,
1,
1,
1,
1,
1,
1,
1,
1,
1,
1,
1,
1,
1,
1,
1,
1,
1,
1,
1,
1,
1,
1,
1,
1,
1,
1,
2,
2,
2,
2,
2,
2,
2,
2,
2,
2,
2,
2,
2,
2,
2,
2,
2,
2,
2,
2,
2,
2,
2,
2,
2,
2,
2,
2,
2,
2,
2,
2,
2,
2,
2,
2,
2,
2,
2,
2,
2,
2,
2,
2,
2,
2,
2,
2,
2,
2,
2,
2,
2,
2,
2,
2,
3,
3,
3,
3,
3,
3,
3,
3,
3,
3,
3,
3,
3,
3,
3,
3,
3,
3,
3,
3,
3,
3,
3,
3,
3,
3,
3,
3,
3,
3,
3,
3,
3,
3,
3,
3,
3,
3,
3,
3,
3,
3,
4,
4,
4,
4,
4,
4,
4,
4,
4,
4,
4,
4,
4,
4,
4,
4,
4,
4,
4,
4,
4,
4,
4,
4,
4,
4,
4,
4,
4,
4,
4,
4,
4,
4,
4,
4,
4,
4,
4,
4,
4,
4,
4,
4,
4,
5,
5,
5,
5,
5,
5,
5,
5,
5,
5,
5,
5,
5,
5,
5,
5,
5,
5,
5,
5,
5,
5,
5,
5,
5,
5,
5,
5,
5,
6,
6,
6,
6,
6,
6,
6,
6,
6,
6,
6,
6,
6,
6,
6,
6,
6,
6,
6,
6,
6,
6,
6,
6,
6,
6,
7,
7,
7,
7,
7,
7,
7,
7,
7,
7,
7,
7,
7,
7,
7,
7,
7,
8,
8,
8,
8,
8,
8,
8,
8,
8,
8,
8,
8,
8,
8,
8,
8,
8,
8,
8,
8,
9,
9,
9,
9,
9,
9,
9,
9,
9,
9,
9,
9,
9,
9,
9,
9,
9,
9,
9,
9,
9,
9,
10,
10,
10,
10,
10,
10,
10,
10,
10,
10,
10,
10,
10,
10,
10,
10,
10,
10,
10,
10,
10,
10,
10,
10,
11,
11,
11,
11,
11,
11,
11,
11,
11,
11,
11,
11,
11,
11,
11,
11,
11,
11,
12,
12,
12,
12,
12,
12,
12,
12,
12,
12,
12,
12,
12,
12,
12,
12,
12,
12,
12,
12,
12,
12,
12,
12,
13,
13,
13,
13,
13,
13,
13,
13,
13,
13,
13,
13,
13,
13,
13,
13,
13,
13,
13,
13,
13,
13,
14,
14,
14,
14,
14,
14,
14,
14,
14,
14,
14,
14,
14,
15,
15,
15,
15,
15,
15,
15,
15,
15,
15,
15,
15,
15,
15,
15,
15,
15,
15,
15,
16,
16,
16,
16,
16,
16,
16,
16,
16,
16,
17,
17,
17,
17,
17,
17,
17,
17,
17,
17,
18,
18,
18,
18,
18,
18,
18,
18,
18,
18,
18,
18,
18,
18,
19,
19,
19,
19,
19,
19,
19,
19,
19,
19,
19,
20,
20,
20,
20,
20,
20,
20,
20,
21,
21,
21,
21,
21,
21,
21,
21,
21,
21,
21,
22,
22,
22,
22,
22,
23,
23,
23,
23,
23,
23,
23,
23,
23,
24,
24,
24,
24,
24,
24,
24,
24,
25,
25,
25,
25,
25,
25,
25,
25,
25,
25,
25,
26,
26,
26,
26,
26,
26,
26,
26,
26,
27,
27,
27,
27,
27,
27,
27,
27,
27,
28,
28,
28,
28,
28,
28,
28,
29,
29,
29,
29,
29,
29,
29,
29,
29,
30,
30,
30,
30,
30,
30,
30,
30,
31,
31,
31,
32,
32,
32,
32,
33,
33,
33,
33,
34,
34,
34,
34,
34,
34,
34,
34,
35,
35,
35,
35,
35,
35,
36,
36,
36,
36,
36,
36,
36,
37,
37,
37,
37,
38,
38,
38,
38,
38,
38,
38,
39,
39,
39,
40,
40,
40,
40,
40,
40,
41,
41,
41,
41,
41,
41,
41,
41,
41,
41,
42,
42,
42,
42,
42,
42,
42,
42,
43,
43,
43,
43,
43,
44,
44,
44,
44,
45,
45,
45,
45,
45,
45,
46,
46,
46,
46,
47,
47,
48,
48,
48,
48,
48,
48,
49,
49,
49,
50,
50,
50,
50,
50,
51,
51,
51,
51,
51,
51,
53,
53,
53,
53,
53,
53,
53,
53,
53,
53,
54,
55,
55,
55,
56,
56,
56,
56,
57,
57,
57,
57,
57,
57,
58,
58,
58,
59,
59,
60,
60,
60,
61,
61,
61,
61,
62,
62,
63,
64,
64,
64,
65,
65,
66,
66,
67,
67,
67,
67,
67,
67,
67,
67,
68,
68,
68,
68,
68,
69,
69,
69,
70,
70,
70,
70,
71,
71,
71,
72,
72,
72,
72,
72,
72,
73,
74,
74,
74,
74,
75,
75,
75,
76,
77,
77,
77,
78,
78,
78,
78,
79,
79,
79,
79,
79,
79,
80,
80,
80,
80,
80,
81,
81,
81,
81,
84,
84,
84,
84,
85,
85,
85,
85,
85,
86,
86,
87,
87,
88,
88,
90,
90,
91,
91,
91,
92,
92,
92,
93,
95,
95,
96,
96,
97,
97,
98,
98,
98,
98,
99,
100,
100,
101,
101,
101,
102,
104,
106,
106,
106,
107,
107,
108,
109,
109,
111,
111,
112,
112,
112,
112,
113,
113,
114,
115,
115,
115,
116,
116,
117,
117,
118,
119,
119,
119,
120,
120,
123,
123,
124,
124,
124,
124,
125,
125,
126,
127,
129,
129,
129,
129,
130,
132,
132,
133,
133,
134,
134,
134,
134,
135,
139,
139,
139,
140,
142,
142,
143,
145,
146,
148,
148,
149,
149,
150,
150,
151,
152,
153,
154,
154,
155,
156,
156,
156,
158,
158,
159,
160,
160,
160,
161,
162,
162,
163,
164,
165,
165,
167,
167,
168,
168,
169,
169,
171,
171,
171,
171,
171,
173,
173,
174,
174,
175,
175,
176,
177,
177,
178,
181,
181,
182,
182,
182,
183,
183,
184,
185,
185,
189,
190,
192,
192,
193,
194,
196,
197,
197,
201,
202,
203,
204,
204,
204,
209,
209,
209,
209,
210,
210,
210,
210,
211,
213,
213,
214,
215,
215,
216,
216,
217,
217,
218,
219,
219,
219,
221,
222,
222,
223,
223,
225,
226,
227,
227,
229,
229,
230,
231,
237,
237,
238,
238,
239,
240,
241,
243,
246,
247,
250,
250,
251,
252,
253,
253,
256,
256,
257,
258,
259,
259,
263,
263,
266,
266,
267,
267,
267,
270,
270,
271,
271,
272,
274,
279,
279,
279,
280,
280,
284,
288,
288,
289,
291,
291,
293,
296,
300,
302,
304,
307,
310,
311,
311,
311,
312,
314,
315,
316,
316,
317,
318,
318,
319,
322,
323,
323,
324,
324,
325,
325,
325,
326,
327,
329,
329,
332,
332,
333,
333,
334,
334,
335,
335,
336,
336,
342,
343,
344,
344,
346,
347,
350,
353,
355,
355,
356,
356,
357,
358,
358,
359,
360,
361,
364,
367,
368,
368,
369,
369,
376,
378,
378,
380,
381,
388,
389,
389,
389,
389,
391,
391,
391,
392,
395,
395,
396,
397,
399,
399,
401,
404,
406,
407,
408,
408,
412,
418,
421,
425,
427,
429,
430,
431,
434,
435,
436,
437,
440,
440,
440,
441,
442,
447,
447,
451,
451,
451,
453,
457,
461,
462,
466,
467,
468,
469,
469,
470,
471,
474,
474,
475,
480,
480,
484,
485,
486,
488,
492,
496,
503,
504,
505,
512,
513,
515,
516,
517,
518,
519,
519,
522,
526,
526,
527,
527,
529,
533,
534,
535,
535,
536,
537,
539,
541,
548,
549,
550,
551,
554,
555,
556,
558,
558,
559,
560,
562,
575,
577,
585,
587,
589,
589,
596,
596,
597,
598,
602,
602,
602,
616,
617,
622,
622,
623,
623,
627,
631,
636,
637,
639,
643,
644,
646,
647,
648,
649,
649,
653,
655,
659,
662,
662,
670,
670,
672,
682,
683,
698,
700,
714,
714,
719,
720,
722,
722,
729,
734,
735,
737,
738,
741,
741,
742,
748,
749,
751,
756,
761,
768,
781,
783,
785,
789,
791,
791,
794,
801,
814,
814,
822,
823,
823,
825,
825,
829,
833,
834,
836,
839,
843,
847,
852,
861,
869,
874,
879,
888,
890,
895,
904,
906,
907,
919,
919,
922,
928,
937,
948,
957,
964,
966,
974,
975,
987,
988,
991,
993,
996,
997,
1005,
1005,
1006,
1012,
1013,
1014,
1021,
1024,
1028,
1030,
1038,
1038,
1052,
1054,
1057,
1057,
1061,
1063,
1064,
1064,
1070,
1073,
1074,
1085,
1088,
1090,
1112,
1120,
1126,
1141,
1143,
1174,
1174,
1177,
1178,
1200,
1205,
1216,
1218,
1221,
1223,
1226,
1227,
1229,
1229,
1229,
1239,
1240,
1247,
1253,
1254,
1256,
1276,
1289,
1291,
1297,
1303,
1304,
1319,
1321,
1332,
1346,
1348,
1359,
1362,
1363,
1365,
1376,
1379,
1382,
1398,
1405,
1430,
1431,
1436,
1444,
1445,
1445,
1448,
1449,
1458,
1468,
1470,
1477,
1480,
1486,
1491,
1529,
1540,
1540,
1547,
1555,
1556,
1575,
1585,
1588,
1605,
1613,
1614,
1631,
1634,
1634,
1653,
1655,
1701,
1717,
1747,
1750,
1751,
1761,
1771,
1786,
1787,
1804,
1808,
1832,
1832,
1833,
1833,
1852,
1857,
1871,
1881,
1885,
1898,
1930,
1935,
1941,
1943,
1945,
1945,
1953,
1960,
1972,
1974,
1977,
1979,
1986,
1993,
1995,
1996,
2001,
2004,
2037,
2046,
2049,
2069,
2074,
2075,
2087,
2095,
2102,
2102,
2107,
2113,
2118,
2123,
2128,
2137,
2146,
2153,
2154,
2163,
2165,
2171,
2178,
2182,
2182,
2184,
2189,
2192,
2194,
2234,
2256,
2260,
2266,
2271,
2274,
2274,
2277,
2283,
2293,
2299,
2300,
2304,
2336,
2340,
2349,
2358,
2367,
2381,
2402,
2409,
2411,
2417,
2424,
2461,
2466,
2472,
2492,
2497,
2503,
2529,
2586,
2587,
2591,
2591,
2593,
2593,
2607,
2608,
2614,
2618,
2627,
2636,
2656,
2666,
2669,
2685,
2688,
2702,
2703,
2707,
2709,
2712,
2713,
2727,
2731,
2736,
2769,
2793,
2794,
2802,
2807,
2821,
2834,
2839,
2845,
2871,
2891,
2922,
2924,
2951,
2979,
2997,
3005,
3010,
3016,
3023,
3034,
3036,
3054,
3058,
3064,
3106,
3127,
3129,
3130,
3130,
3132,
3159,
3159,
3173,
3177,
3182,
3212,
3214,
3249,
3257,
3289,
3305,
3312,
3317,
3342,
3348,
3352,
3356,
3360,
3383,
3387,
3395,
3405,
3420,
3436,
3463,
3498,
3499,
3500,
3548,
3561,
3586,
3630,
3631,
3703,
3719,
3729,
3765,
3777,
3781,
3794,
3822,
3845,
3851,
3855,
3861,
3872,
3876,
3876,
3882,
3893,
3894,
3911,
3956,
3958,
3961,
3963,
3968,
3976,
4023,
4030,
4099,
4114,
4147,
4194,
4200,
4216,
4219,
4234,
4243,
4263,
4276,
4289,
4318,
4334,
4346,
4357,
4364,
4375,
4380,
4412,
4424,
4425,
4433,
4441,
4442,
4453,
4462,
4466,
4471,
4511,
4522,
4580,
4589,
4616,
4642,
4669,
4693,
4719,
4815,
4820,
4834,
4837,
4911,
4922,
4938,
4948,
4995,
4999,
5012,
5050,
5065,
5070,
5076,
5080,
5088,
5136,
5164,
5169,
5173,
5180,
5230,
5246,
5292,
5296,
5307,
5323,
5325,
5327,
5406,
5429,
5442,
5446,
5480,
5499,
5543,
5560,
5568,
5600,
5648,
5654,
5677,
5711,
5762,
5777,
5778,
5792,
5821,
5839,
5863,
5917,
5921,
5940,
5963,
5974,
5981,
5981,
6028,
6064,
6083,
6097,
6170,
6172,
6183,
6213,
6248,
6265,
6313,
6359,
6370,
6405,
6442,
6510,
6632,
6648,
6753,
6786,
6811,
6868,
6876,
6935,
7031,
7065,
7069,
7073,
7087,
7090,
7102,
7114,
7119,
7160,
7370,
7466,
7479,
7495,
7506,
7551,
7555,
7645,
7646,
7650,
7674,
7715,
7716,
7728,
7737,
7740,
7776,
7814,
7821,
7828,
7869,
7939,
7947,
7978,
7993,
8024,
8058,
8077,
8084,
8114,
8135,
8196,
8307,
8450,
8578,
8719,
8727,
8794,
8820,
8823,
8839,
8858,
8916,
8918,
8932,
8934,
8974,
8985,
