0,
1,
5,
8,
8,
9,
16,
20,
27,
35,
37,
39,
44,
53,
53,
58,
62,
62,
67,
69,
80,
83,
93,
94,
103,
103,
103,
110,
110,
111,
114,
118,
120,
125,
128,
132,
134,
148,
158,
163,
167,
169,
175,
176,
177,
181,
182,
183,
186,
193,
197,
203,
204,
206,
208,
235,
238,
243,
259,
262,
265,
265,
266,
268,
269,
282,
289,
298,
300,
305,
313,
319,
321,
322,
325,
326,
328,
334,
336,
340,
347,
348,
356,
386,
395,
397,
398,
402,
403,
406,
411,
412,
425,
427,
432,
432,
438,
440,
445,
446,
451,
451,
457,
470,
481,
481,
484,
486,
489,
492,
498,
503,
505,
512,
516,
522,
529,
535,
537,
568,
569,
569,
571,
572,
576,
579,
584,
584,
587,
597,
600,
601,
606,
620,
623,
624,
625,
632,
635,
637,
641,
644,
650,
659,
671,
673,
679,
684,
684,
687,
695,
699,
704,
708,
712,
714,
714,
717,
722,
722,
723,
732,
738,
742,
743,
747,
748,
750,
754,
755,
759,
761,
765,
769,
782,
790,
790,
790,
806,
808,
813,
816,
819,
827,
832,
839,
842,
844,
846,
848,
852,
853,
853,
876,
877,
898,
904,
905,
906,
914,
914,
916,
919,
919,
922,
924,
947,
952,
956,
957,
965,
968,
970,
975,
976,
978,
981,
982,
988,
991,
992,
993,
994,
999,
1001,
1007,
1023,
1023,
1027,
1028,
1032,
1033,
1036,
1043,
1048,
1051,
1058,
1062,
1064,
1074,
1075,
1101,
1104,
1116,
1118,
1123,
1125,
1128,
1129,
1130,
1136,
1137,
1143,
1149,
1156,
1169,
1176,
1176,
1185,
1187,
1190,
1198,
1200,
1203,
1207,
1219,
1224,
1229,
1230,
1231,
1237,
1238,
1239,
1242,
1242,
1243,
1245,
1248,
1249,
1249,
1254,
1255,
1259,
1259,
1262,
1264,
1272,
1276,
1290,
1296,
1307,
1308,
1309,
1310,
1317,
1327,
1333,
1335,
1338,
1339,
1339,
1341,
1346,
1351,
1354,
1361,
1365,
1371,
1372,
1372,
1384,
1388,
1392,
1394,
1397,
1398,
1401,
1401,
1405,
1406,
1406,
1407,
1412,
1416,
1423,
1432,
1435,
1436,
1440,
1442,
1442,
1446,
1448,
1456,
1459,
1460,
1460,
1461,
1463,
1465,
1467,
1471,
1473,
1475,
1484,
1484,
1488,
1489,
1489,
1508,
1512,
1520,
1525,
1526,
1526,
1529,
1532,
1533,
1539,
1541,
1542,
1542,
1552,
1554,
1572,
1572,
1572,
1574,
1577,
1579,
1580,
1582,
1587,
1588,
1591,
1592,
1598,
1599,
1600,
1616,
1620,
1621,
1621,
1630,
1633,
1642,
1647,
1647,
1649,
1651,
1655,
1656,
1663,
1668,
1670,
1675,
1677,
1681,
1685,
1698,
1701,
1711,
1719,
1721,
1722,
1734,
1736,
1736,
1741,
1741,
1742,
1742,
1751,
1776,
1776,
1787,
1790,
1791,
1809,
1811,
1812,
1819,
1824,
1826,
1830,
1837,
1846,
1848,
1853,
1858,
1862,
1867,
1868,
1876,
1877,
1878,
1883,
1885,
1890,
1894,
1896,
1897,
1900,
1921,
1928,
1934,
1934,
1936,
1939,
1940,
1940,
1941,
1949,
1952,
1958,
1971,
1975,
1977,
1978,
1985,
1999,
2001,
2007,
2014,
2018,
2024,
2025,
2026,
2026,
2028,
2042,
2042,
2043,
2043,
2043,
2046,
2050,
2055,
2061,
2068,
2070,
2089,
2093,
2093,
2097,
2099,
2104,
2108,
2112,
2112,
2113,
2118,
2121,
2125,
2126,
2128,
2138,
2139,
2140,
2151,
2151,
2154,
2161,
2161,
2161,
2166,
2169,
2173,
2182,
2183,
2183,
2191,
2193,
2195,
2202,
2202,
2202,
2203,
2207,
2210,
2213,
2221,
2225,
2228,
2232,
2238,
2239,
2242,
2246,
2251,
2262,
2269,
2271,
2286,
2293,
2294,
2295,
2297,
2302,
2312,
2318,
2328,
2332,
2333,
2334,
2338,
2339,
2347,
2363,
2363,
2371,
2375,
2380,
2382,
2391,
2398,
2408,
2408,
2408,
2411,
2415,
2417,
2423,
2431,
2432,
2448,
2450,
2452,
2453,
2454,
2459,
2460,
2461,
2468,
2469,
2470,
2470,
2473,
2476,
2481,
2481,
2481,
2483,
2484,
2487,
2492,
2493,
2493,
2499,
2516,
2516,
2518,
2530,
2534,
2541,
2554,
2558,
2562,
2564,
2566,
2568,
2569,
2576,
2578,
2582,
2583,
2585,
2589,
2590,
2604,
2608,
2613,
2618,
2619,
2622,
2622,
2622,
2624,
2627,
2644,
2647,
2648,
2652,
2670,
2682,
2685,
2688,
2689,
2690,
2697,
2705,
2707,
2712,
2713,
2721,
2724,
2731,
2736,
2736,
2736,
2750,
2750,
2755,
2757,
2758,
2760,
2769,
2773,
2773,
2785,
2786,
2801,
2804,
2809,
2822,
2829,
2830,
2836,
2838,
2841,
2850,
2855,
2856,
2866,
2870,
2871,
2873,
2877,
2893,
2899,
2900,
2900,
2909,
2910,
2912,
2913,
2916,
2917,
2926,
2929,
2934,
2943,
2943,
2944,
2959,
2961,
2967,
2972,
2985,
2985,
2985,
3005,
3007,
3010,
3011,
3014,
3018,
3021,
3027,
3034,
3038,
3038,
3042,
3042,
3043,
3056,
3063,
3064,
3070,
3075,
3084,
3092,
3101,
3112,
3119,
3122,
3123,
3127,
3135,
3139,
3148,
3149,
3160,
3170,
3173,
3178,
3187,
3187,
3192,
3195,
3202,
3209,
3210,
3213,
3215,
3217,
3234,
3240,
3243,
3255,
3262,
3266,
3268,
3269,
3271,
3272,
3273,
3274,
3275,
3278,
3279,
3281,
3284,
3289,
3293,
3294,
3296,
3302,
3302,
3303,
3304,
3304,
3305,
3308,
3309,
3315,
3318,
3323,
3327,
3329,
3330,
3341,
3342,
3343,
3345,
3352,
3355,
3358,
3362,
3362,
3367,
3368,
3369,
3372,
3379,
3391,
3404,
3413,
3419,
3420,
3426,
3431,
3436,
3440,
3442,
3445,
3448,
3462,
3468,
3472,
3473,
3474,
3476,
3477,
3479,
3480,
3495,
3495,
3497,
3499,
3521,
3522,
3530,
3531,
3542,
3543,
3553,
3553,
3554,
3567,
3579,
3588,
3593,
3593,
3605,
3606,
3609,
3610,
3626,
3634,
3640,
3646,
3651,
3652,
3675,
3676,
3678,
3688,
3698,
3699,
3702,
3709,
3714,
3723,
3730,
3730,
3736,
3746,
3774,
3776,
3779,
3786,
3788,
3789,
3790,
3809,
3816,
3821,
3821,
3824,
3824,
3824,
3824,
3828,
3828,
3829,
3830,
3843,
3853,
3855,
3860,
3861,
3864,
3871,
3883,
3884,
3884,
3888,
3890,
3892,
3893,
3899,
3902,
3906,
3914,
3916,
3920,
3922,
3924,
3924,
3924,
3925,
3931,
3936,
3938,
3945,
3948,
3948,
3953,
3956,
3971,
3973,
3977,
3978,
3988,
3989,
3996,
3997,
4003,
4003,
4010,
4011,
4012,
4018,
4020,
4029,
4030,
4031,
4035,
4037,
4038,
4058,
4059,
4060,
4062,
4067,
4069,
4074,
4077,
4081,
4084,
4084,
4093,
4098,
4101,
4105,
4109,
4115,
4123,
4123,
4132,
4133,
4143,
4150,
4154,
4161,
4172,
4175,
4175,
4183,
4191,
4199,
4200,
4208,
4211,
4218,
4218,
4226,
4235,
4245,
4250,
4252,
4255,
4258,
4263,
4263,
4265,
4266,
4267,
4270,
4274,
4275,
4276,
4277,
4279,
4283,
4286,
4293,
4305,
4319,
4319,
4320,
4325,
4326,
4327,
4329,
4333,
4335,
4346,
4346,
4349,
4358,
4359,
4363,
4371,
4379,
4382,
4383,
4392,
4406,
4410,
4411,
4411,
4413,
4418,
4425,
4437,
4440,
4441,
4443,
4452,
4460,
4463,
4466,
4472,
4475,
4479,
4484,
4487,
4487,
4493,
4501,
4503,
4504,
4506,
4510,
4511,
4513,
4517,
4517,
4519,
4520,
4522,
4530,
4544,
4552,
4554,
4555,
4560,
4562,
4564,
4567,
4572,
4577,
4577,
4587,
4600,
4603,
4604,
4605,
4608,
4609,
4617,
4621,
4627,
4632,
4634,
4639,
4646,
4648,
4649,
4662,
4664,
4668,
4673,
4675,
4676,
4684,
4689,
4696,
4699,
4701,
4704,
4705,
4711,
4713,
4714,
4716,
4717,
4718,
4730,
4737,
4750,
4754,
4760,
4766,
4771,
4772,
4772,
4778,
4780,
4786,
4789,
4793,
4799,
4801,
4802,
4810,
4811,
4814,
4829,
4839,
4839,
4842,
4858,
4859,
4862,
4862,
4869,
4874,
4875,
4891,
4904,
4907,
4912,
4916,
4921,
4923,
4930,
4936,
4936,
4949,
4956,
4957,
4967,
4967,
4970,
4972,
4975,
4977,
4988,
4994,
4998,
5015,
5016,
5018,
5023,
5029,
5031,
5031,
5033,
5037,
5039,
5041,
5042,
5057,
5058,
5059,
5061,
5063,
5066,
5075,
5078,
5086,
5089,
5089,
5092,
5098,
5104,
5107,
5110,
5111,
5113,
5115,
5120,
5122,
5126,
5129,
5133,
5152,
5158,
5162,
5165,
5170,
5186,
5201,
5203,
5204,
5205,
5206,
5206,
5207,
5214,
5228,
5236,
5237,
5239,
5239,
5248,
5267,
5269,
5272,
5276,
5286,
5296,
5305,
5307,
5310,
5311,
5322,
5324,
5327,
5335,
5336,
5337,
5342,
5342,
5345,
5352,
5352,
5352,
5357,
5357,
5362,
5370,
5374,
5382,
5392,
5392,
5394,
5400,
5401,
5403,
5406,
5411,
5419,
5419,
5423,
5428,
5442,
5468,
5469,
5475,
5475,
5489,
5489,
5495,
5495,
5499,
5502,
5503,
5503,
5504,
5507,
5507,
5510,
5512,
5519,
5520,
5522,
5524,
5526,
5532,
5533,
5542,
5544,
5546,
5552,
5556,
5557,
5557,
5566,
5569,
5571,
5575,
5580,
5586,
5587,
5589,
5590,
5600,
5610,
5611,
5617,
5629,
5634,
5634,
5645,
5652,
5662,
5670,
5671,
5677,
5680,
5683,
5686,
5689,
5697,
5705,
5707,
5709,
5709,
5712,
5715,
5730,
5730,
5732,
5736,
5754,
5758,
5763,
5763,
5768,
5768,
5775,
5784,
5784,
5784,
5787,
5788,
5788,
5790,
5799,
5800,
5802,
5804,
5810,
5814,
5815,
5827,
5828,
5837,
5839,
5839,
5845,
5846,
5853,
5857,
5865,
5876,
5887,
5904,
5918,
5922,
5925,
5933,
5936,
5937,
5940,
5940,
5940,
5941,
5945,
5948,
5950,
5953,
5955,
5956,
5958,
5959,
5971,
5991,
5992,
5996,
6007,
6008,
6009,
6011,
6023,
6028,
6033,
6045,
6046,
6059,
6059,
6060,
6060,
6062,
6063,
6072,
6074,
6075,
6083,
6098,
6103,
6104,
6106,
6109,
6110,
6114,
6119,
6121,
6128,
6134,
6135,
6147,
6164,
6164,
6165,
6172,
6172,
6174,
6174,
6176,
6181,
6186,
6198,
6228,
6249,
6250,
6262,
6277,
6277,
6283,
6285,
6294,
6311,
6316,
6339,
6342,
6349,
6351,
6353,
6356,
6366,
6375,
6381,
6384,
6390,
6392,
6395,
6397,
6399,
6409,
6409,
6425,
6426,
6426,
6426,
6432,
6437,
6441,
6444,
6444,
6448,
6451,
6453,
6458,
6459,
6460,
6460,
6461,
6469,
6471,
6471,
6476,
6480,
6486,
6502,
6503,
6508,
6511,
6516,
6522,
6523,
6524,
6526,
6528,
6528,
6531,
6560,
6561,
6563,
6576,
6579,
6580,
6582,
6587,
6590,
6591,
6594,
6597,
6603,
6603,
6603,
6604,
6604,
6604,
6610,
6612,
6616,
6618,
6620,
6624,
6628,
6631,
6632,
6632,
6633,
6656,
6656,
6660,
6675,
6675,
6679,
6681,
6685,
6689,
6706,
6712,
6714,
6723,
6729,
6730,
6736,
6737,
6740,
6741,
6742,
6746,
6754,
6757,
6759,
6766,
6769,
6769,
6777,
6784,
6786,
6788,
6797,
6800,
6801,
6813,
6813,
6817,
6818,
6818,
6819,
6829,
6834,
6837,
6845,
6851,
6852,
6852,
6855,
6860,
6873,
6873,
6873,
6874,
6885,
6888,
6903,
6906,
6907,
6909,
6912,
6915,
6917,
6921,
6929,
6935,
6940,
6946,
6947,
6949,
6955,
6957,
6994,
6998,
7000,
7000,
7004,
7014,
7017,
7024,
7024,
7031,
7037,
7038,
7040,
7049,
7051,
7055,
7057,
7062,
7063,
7063,
7070,
7070,
7082,
7082,
7085,
7086,
7090,
7091,
7092,
7092,
7096,
7108,
7108,
7110,
7112,
7113,
7121,
7121,
7125,
7130,
7137,
7141,
7148,
7148,
7149,
7150,
7154,
7162,
7168,
7171,
7172,
7190,
7191,
7191,
7199,
7203,
7212,
7214,
7224,
7230,
7232,
7232,
7235,
7235,
7235,
7235,
7266,
7268,
7270,
7270,
7271,
7272,
7274,
7275,
7275,
7277,
7283,
7290,
7298,
7302,
7306,
7310,
7313,
7314,
7325,
7334,
7335,
7344,
7344,
7359,
7374,
7379,
7379,
7380,
7388,
7391,
7397,
7406,
7414,
7420,
7433,
7435,
7437,
7442,
7449,
7456,
7456,
7456,
7464,
7465,
7468,
7472,
7478,
7482,
7482,
7486,
7488,
7495,
7496,
7498,
7502,
7505,
7521,
7523,
7525,
7527,
7529,
7539,
7540,
7545,
7552,
7557,
7557,
7571,
7583,
7598,
7615,
7629,
7632,
7636,
7639,
7667,
7670,
7685,
7685,
7690,
7691,
7693,
7698,
7707,
7712,
7713,
7715,
7717,
7720,
7731,
7737,
7738,
7741,
7742,
7742,
7744,
7747,
7749,
7755,
7760,
7764,
7765,
7766,
7771,
7786,
7806,
7811,
7824,
7834,
7841,
7841,
7845,
7845,
7845,
7849,
7852,
7853,
7855,
7856,
7857,
7859,
7869,
7879,
7882,
7882,
7882,
7885,
7885,
7886,
7890,
7897,
7897,
7901,
7905,
7907,
7908,
7908,
7908,
7922,
7942,
7962,
7963,
7966,
7973,
7974,
7984,
7985,
7986,
7994,
7995,
8002,
8012,
8020,
8023,
8026,
8041,
8041,
8044,
8052,
8053,
8056,
8062,
8062,
8064,
8075,
8079,
8088,
8093,
8094,
8103,
8106,
8106,
8109,
8112,
8118,
8118,
8133,
8135,
8135,
8151,
8155,
8156,
8162,
8164,
8171,
8187,
8188,
8190,
8190,
8192,
8192,
8197,
8211,
8212,
8229,
8231,
8236,
8241,
8242,
8242,
8249,
8266,
8269,
8272,
8274,
8282,
8284,
8286,
8286,
8291,
8292,
8294,
8299,
8310,
8320,
8320,
8329,
8341,
8344,
8346,
8358,
8359,
8361,
8362,
8368,
8369,
8371,
8376,
8379,
8379,
8383,
8385,
8385,
8393,
8395,
8404,
8412,
8413,
8414,
8416,
8418,
8421,
8423,
8424,
8426,
8427,
8429,
8434,
8436,
8442,
8448,
8454,
8457,
8458,
8458,
8459,
8465,
8472,
8476,
8476,
8482,
8484,
8484,
8485,
8485,
8495,
8495,
8497,
8497,
8509,
8511,
8512,
8513,
8524,
8527,
8533,
8536,
8540,
8542,
8545,
8553,
8561,
8563,
8566,
8567,
8574,
8587,
8596,
8598,
8600,
8606,
8608,
8625,
8633,
8633,
8633,
8640,
8640,
8641,
8643,
8646,
8653,
8662,
8666,
8671,
8679,
8682,
8684,
8696,
8697,
8699,
8704,
8708,
8710,
8721,
8722,
8735,
8735,
8738,
8738,
8743,
8743,
8750,
8750,
8763,
8764,
8766,
8766,
8767,
8770,
8774,
8779,
8779,
8780,
8780,
8794,
8795,
8801,
8805,
8814,
8816,
8831,
8836,
8841,
8844,
8847,
8854,
8866,
8869,
8873,
8878,
8882,
8889,
8890,
8893,
8901,
8909,
8911,
8919,
8920,
8932,
8939,
8941,
8942,
8954,
8968,
8974,
8979,
8985,
8989,
8991,
8992,
8995,
8999,
