11,
11,
15,
17,
20,
30,
41,
42,
46,
49,
50,
54,
59,
61,
69,
97,
100,
105,
108,
108,
109,
112,
117,
117,
119,
120,
124,
126,
130,
133,
134,
136,
138,
141,
144,
146,
153,
153,
154,
156,
157,
167,
170,
174,
186,
188,
192,
203,
204,
213,
224,
226,
229,
246,
250,
251,
253,
266,
268,
269,
280,
290,
292,
294,
301,
305,
310,
312,
318,
323,
323,
324,
328,
331,
334,
336,
340,
342,
349,
361,
362,
374,
381,
390,
394,
401,
403,
411,
415,
415,
417,
419,
430,
430,
432,
433,
451,
458,
458,
458,
459,
473,
485,
490,
490,
493,
495,
500,
503,
510,
512,
513,
514,
518,
519,
523,
524,
529,
530,
531,
536,
538,
539,
546,
551,
557,
563,
566,
582,
612,
614,
620,
629,
629,
638,
639,
644,
650,
659,
666,
671,
673,
676,
677,
680,
685,
688,
690,
690,
693,
694,
696,
702,
712,
714,
715,
715,
715,
717,
722,
722,
724,
724,
724,
731,
732,
733,
740,
747,
765,
768,
768,
769,
777,
780,
783,
804,
818,
825,
829,
844,
854,
866,
869,
875,
879,
880,
880,
887,
890,
897,
901,
901,
902,
903,
907,
908,
908,
909,
911,
919,
923,
925,
930,
934,
939,
946,
952,
955,
956,
969,
971,
979,
980,
980,
982,
983,
990,
990,
991,
997,
999,
1001,
1007,
1014,
1015,
1016,
1024,
1039,
1041,
1046,
1046,
1046,
1047,
1058,
1067,
1071,
1076,
1085,
1088,
1096,
1104,
1111,
1118,
1120,
1122,
1123,
1125,
1125,
1125,
1128,
1143,
1150,
1153,
1157,
1160,
1167,
1170,
1172,
1197,
1198,
1199,
1204,
1220,
1221,
1222,
1225,
1233,
1233,
1239,
1243,
1248,
1251,
1251,
1252,
1255,
1258,
1263,
1269,
1269,
1285,
1288,
1293,
1296,
1310,
1311,
1313,
1316,
1319,
1324,
1327,
1328,
1342,
1344,
1348,
1350,
1353,
1353,
1357,
1365,
1366,
1368,
1370,
1381,
1382,
1386,
1389,
1394,
1394,
1401,
1402,
1403,
1413,
1420,
1429,
1429,
1430,
1437,
1437,
1439,
1441,
1443,
1447,
1447,
1453,
1462,
1466,
1472,
1486,
1491,
1491,
1502,
1510,
1512,
1514,
1514,
1524,
1549,
1551,
1552,
1557,
1568,
1574,
1584,
1589,
1592,
1592,
1593,
1594,
1597,
1605,
1605,
1628,
1635,
1635,
1643,
1644,
1650,
1652,
1654,
1666,
1680,
1683,
1683,
1683,
1689,
1691,
1693,
1696,
1698,
1700,
1700,
1704,
1706,
1708,
1719,
1723,
1727,
1735,
1737,
1740,
1740,
1740,
1743,
1744,
1745,
1746,
1749,
1749,
1763,
1771,
1773,
1777,
1784,
1785,
1793,
1794,
1799,
1801,
1805,
1808,
1809,
1809,
1810,
1811,
1814,
1819,
1825,
1838,
1840,
1840,
1843,
1846,
1846,
1858,
1861,
1862,
1868,
1868,
1870,
1879,
1884,
1886,
1891,
1895,
1898,
1898,
1902,
1910,
1911,
1914,
1917,
1932,
1937,
1940,
1944,
1948,
1950,
1951,
1955,
1958,
1967,
1975,
1983,
1983,
1984,
1988,
2006,
2014,
2022,
2023,
2024,
2025,
2032,
2034,
2049,
2053,
2053,
2059,
2068,
2070,
2077,
2079,
2089,
2090,
2100,
2101,
2103,
2104,
2104,
2104,
2107,
2107,
2112,
2124,
2124,
2126,
2126,
2128,
2129,
2150,
2151,
2151,
2157,
2163,
2163,
2169,
2171,
2171,
2184,
2186,
2195,
2205,
2206,
2217,
2239,
2243,
2245,
2249,
2250,
2264,
2266,
2269,
2277,
2281,
2285,
2285,
2293,
2294,
2303,
2303,
2307,
2307,
2310,
2311,
2313,
2313,
2320,
2321,
2327,
2328,
2329,
2338,
2343,
2344,
2347,
2350,
2352,
2354,
2363,
2368,
2370,
2373,
2378,
2382,
2393,
2396,
2399,
2404,
2407,
2411,
2419,
2423,
2424,
2424,
2427,
2430,
2434,
2440,
2453,
2454,
2463,
2474,
2488,
2495,
2499,
2499,
2505,
2512,
2515,
2516,
2525,
2528,
2535,
2536,
2536,
2544,
2546,
2559,
2560,
2560,
2561,
2566,
2566,
2588,
2594,
2597,
2597,
2606,
2609,
2618,
2629,
2633,
2638,
2657,
2660,
2660,
2660,
2667,
2667,
2669,
2671,
2681,
2695,
2697,
2698,
2698,
2715,
2717,
2719,
2725,
2738,
2746,
2747,
2751,
2752,
2752,
2764,
2766,
2769,
2771,
2774,
2776,
2776,
2778,
2786,
2794,
2795,
2797,
2799,
2803,
2811,
2813,
2814,
2821,
2823,
2826,
2838,
2847,
2857,
2859,
2860,
2860,
2864,
2865,
2865,
2880,
2886,
2890,
2893,
2895,
2905,
2910,
2912,
2913,
2913,
2921,
2924,
2929,
2932,
2933,
2934,
2941,
2950,
2952,
2955,
2958,
2960,
2963,
2966,
2967,
2967,
2972,
2972,
2984,
2987,
2989,
3007,
3020,
3032,
3032,
3032,
3033,
3035,
3042,
3047,
3047,
3053,
3054,
3061,
3067,
3071,
3072,
3080,
3080,
3085,
3088,
3097,
3100,
3111,
3112,
3113,
3118,
3118,
3119,
3121,
3127,
3131,
3135,
3154,
3156,
3156,
3158,
3171,
3175,
3176,
3180,
3182,
3186,
3195,
3198,
3213,
3218,
3225,
3227,
3231,
3233,
3233,
3237,
3243,
3244,
3247,
3249,
3250,
3250,
3251,
3252,
3252,
3254,
3261,
3263,
3277,
3282,
3288,
3288,
3289,
3308,
3309,
3310,
3318,
3327,
3329,
3332,
3339,
3347,
3351,
3353,
3361,
3362,
3362,
3375,
3393,
3396,
3399,
3400,
3401,
3404,
3405,
3407,
3407,
3410,
3413,
3414,
3416,
3420,
3425,
3425,
3427,
3430,
3433,
3440,
3446,
3464,
3468,
3471,
3482,
3483,
3487,
3488,
3489,
3490,
3493,
3495,
3495,
3506,
3508,
3512,
3515,
3524,
3525,
3528,
3531,
3531,
3534,
3547,
3549,
3552,
3558,
3560,
3569,
3571,
3573,
3577,
3580,
3584,
3586,
3587,
3616,
3616,
3621,
3632,
3635,
3642,
3650,
3653,
3657,
3660,
3665,
3667,
3672,
3674,
3677,
3678,
3679,
3688,
3689,
3689,
3694,
3697,
3697,
3698,
3700,
3712,
3716,
3717,
3726,
3731,
3732,
3732,
3733,
3743,
3748,
3749,
3756,
3758,
3759,
3761,
3764,
3770,
3774,
3780,
3784,
3785,
3789,
3790,
3798,
3803,
3805,
3811,
3811,
3824,
3826,
3834,
3836,
3842,
3843,
3854,
3861,
3863,
3867,
3871,
3872,
3876,
3877,
3892,
3892,
3893,
3894,
3897,
3902,
3903,
3904,
3907,
3907,
3910,
3914,
3922,
3923,
3928,
3933,
3935,
3952,
3956,
3960,
3965,
3978,
3982,
3983,
3992,
3993,
3993,
3997,
3998,
4001,
4001,
4009,
4015,
4024,
4025,
4034,
4035,
4038,
4047,
4053,
4054,
4055,
4059,
4062,
4063,
4067,
4071,
4076,
4081,
4082,
4083,
4094,
4095,
4096,
4099,
4109,
4109,
4112,
4113,
4123,
4127,
4127,
4127,
4137,
4150,
4150,
4153,
4154,
4171,
4174,
4180,
4182,
4187,
4188,
4189,
4192,
4194,
4195,
4203,
4204,
4204,
4217,
4227,
4238,
4239,
4242,
4246,
4263,
4270,
4274,
4275,
4276,
4280,
4286,
4294,
4301,
4322,
4323,
4333,
4336,
4351,
4351,
4353,
4356,
4356,
4358,
4360,
4367,
4369,
4370,
4389,
4390,
4393,
4395,
4397,
4399,
4402,
4407,
4409,
4410,
4412,
4413,
4420,
4442,
4445,
4449,
4450,
4454,
4456,
4468,
4468,
4475,
4476,
4484,
4487,
4506,
4508,
4525,
4532,
4533,
4537,
4547,
4548,
4550,
4550,
4552,
4552,
4554,
4555,
4558,
4562,
4566,
4570,
4572,
4582,
4584,
4584,
4598,
4600,
4600,
4600,
4606,
4608,
4611,
4618,
4618,
4645,
4647,
4650,
4652,
4662,
4665,
4666,
4668,
4691,
4694,
4709,
4712,
4713,
4715,
4715,
4721,
4722,
4722,
4723,
4727,
4728,
4729,
4729,
4730,
4731,
4731,
4742,
4744,
4749,
4753,
4755,
4758,
4764,
4766,
4772,
4780,
4782,
4785,
4785,
4791,
4815,
4817,
4817,
4820,
4822,
4826,
4827,
4828,
4829,
4832,
4835,
4838,
4842,
4844,
4844,
4851,
4861,
4868,
4869,
4872,
4873,
4882,
4897,
4899,
4902,
4911,
4913,
4921,
4923,
4926,
4927,
4930,
4932,
4933,
4939,
4940,
4947,
4947,
4955,
4955,
4958,
4961,
4967,
4967,
4970,
4970,
4971,
4982,
4985,
4986,
4990,
4993,
5004,
5015,
5016,
5017,
5021,
5026,
5032,
5033,
5053,
5055,
5058,
5059,
5067,
5074,
5079,
5084,
5087,
5088,
5090,
5093,
5094,
5096,
5098,
5099,
5102,
5109,
5113,
5119,
5122,
5126,
5128,
5133,
5136,
5139,
5143,
5146,
5146,
5150,
5156,
5157,
5161,
5168,
5170,
5175,
5188,
5198,
5198,
5200,
5200,
5207,
5208,
5231,
5237,
5239,
5243,
5251,
5258,
5272,
5280,
5287,
5293,
5300,
5310,
5321,
5334,
5341,
5343,
5345,
5348,
5356,
5362,
5377,
5385,
5388,
5389,
5391,
5397,
5399,
5399,
5400,
5401,
5406,
5406,
5407,
5414,
5416,
5417,
5426,
5432,
5437,
5440,
5446,
5450,
5455,
5457,
5460,
5463,
5466,
5477,
5482,
5484,
5489,
5494,
5494,
5495,
5496,
5498,
5501,
5502,
5507,
5508,
5512,
5522,
5523,
5532,
5542,
5543,
5548,
5558,
5561,
5563,
5568,
5573,
5580,
5581,
5585,
5586,
5588,
5589,
5589,
5595,
5598,
5598,
5604,
5605,
5607,
5612,
5630,
5632,
5638,
5639,
5640,
5643,
5655,
5655,
5659,
5661,
5664,
5666,
5666,
5671,
5672,
5673,
5675,
5675,
5705,
5706,
5717,
5719,
5722,
5723,
5730,
5732,
5733,
5740,
5745,
5747,
5748,
5751,
5759,
5761,
5769,
5772,
5773,
5781,
5787,
5802,
5813,
5816,
5818,
5828,
5829,
5829,
5829,
5831,
5835,
5859,
5870,
5872,
5885,
5886,
5886,
5890,
5896,
5900,
5901,
5905,
5907,
5909,
5915,
5919,
5923,
5924,
5928,
5935,
5935,
5936,
5938,
5942,
5947,
5948,
5948,
5948,
5959,
5966,
5967,
5976,
5983,
5986,
6000,
6002,
6005,
6008,
6035,
6039,
6042,
6043,
6060,
6065,
6069,
6071,
6071,
6073,
6075,
6082,
6084,
6086,
6095,
6096,
6105,
6108,
6109,
6112,
6114,
6115,
6138,
6140,
6144,
6147,
6150,
6152,
6153,
6166,
6176,
6182,
6186,
6187,
6192,
6198,
6199,
6207,
6218,
6235,
6248,
6273,
6275,
6276,
6281,
6308,
6312,
6313,
6322,
6327,
6329,
6333,
6335,
6336,
6336,
6337,
6338,
6346,
6350,
6351,
6351,
6355,
6358,
6361,
6366,
6366,
6367,
6370,
6375,
6378,
6394,
6395,
6397,
6402,
6422,
6428,
6430,
6431,
6432,
6434,
6434,
6441,
6443,
6453,
6455,
6459,
6459,
6462,
6464,
6469,
6478,
6482,
6489,
6504,
6507,
6514,
6517,
6526,
6532,
6535,
6536,
6537,
6543,
6546,
6553,
6563,
6564,
6571,
6573,
6576,
6578,
6583,
6589,
6598,
6603,
6605,
6606,
6616,
6625,
6631,
6631,
6633,
6633,
6634,
6646,
6647,
6651,
6653,
6653,
6658,
6665,
6667,
6671,
6672,
6680,
6684,
6686,
6687,
6687,
6690,
6691,
6692,
6693,
6700,
6703,
6708,
6710,
6720,
6721,
6722,
6724,
6726,
6730,
6738,
6738,
6740,
6742,
6744,
6749,
6752,
6754,
6759,
6768,
6769,
6772,
6774,
6777,
6782,
6782,
6783,
6789,
6798,
6798,
6800,
6802,
6811,
6814,
6814,
6815,
6820,
6821,
6828,
6831,
6834,
6837,
6848,
6849,
6850,
6852,
6856,
6857,
6857,
6863,
6867,
6871,
6891,
6900,
6903,
6907,
6907,
6910,
6910,
6911,
6927,
6929,
6937,
6938,
6938,
6941,
6944,
6960,
6961,
6964,
6972,
6974,
6998,
7013,
7013,
7035,
7044,
7048,
7052,
7062,
7065,
7066,
7066,
7066,
7069,
7073,
7074,
7084,
7086,
7086,
7097,
7097,
7102,
7105,
7106,
7111,
7114,
7115,
7117,
7122,
7129,
7130,
7131,
7132,
7134,
7139,
7140,
7147,
7148,
7155,
7156,
7161,
7170,
7175,
7176,
7177,
7182,
7182,
7186,
7187,
7188,
7197,
7197,
7202,
7205,
7206,
7211,
7215,
7215,
7216,
7222,
7230,
7230,
7235,
7236,
7240,
7243,
7248,
7251,
7256,
7257,
7261,
7270,
7271,
7277,
7282,
7284,
7293,
7294,
7295,
7298,
7304,
7310,
7313,
7316,
7320,
7322,
7325,
7334,
7339,
7339,
7340,
7341,
7347,
7352,
7353,
7360,
7363,
7366,
7369,
7374,
7377,
7379,
7379,
7380,
7382,
7384,
7390,
7392,
7394,
7409,
7412,
7412,
7412,
7416,
7424,
7426,
7428,
7431,
7433,
7435,
7436,
7446,
7447,
7449,
7458,
7458,
7458,
7458,
7461,
7465,
7472,
7482,
7483,
7484,
7494,
7494,
7496,
7515,
7520,
7523,
7523,
7528,
7538,
7543,
7563,
7566,
7569,
7570,
7571,
7572,
7575,
7577,
7581,
7587,
7592,
7596,
7597,
7598,
7616,
7618,
7624,
7629,
7642,
7645,
7648,
7653,
7655,
7657,
7662,
7666,
7677,
7690,
7692,
7696,
7708,
7727,
7727,
7733,
7746,
7750,
7751,
7767,
7775,
7777,
7779,
7784,
7788,
7796,
7797,
7807,
7808,
7810,
7820,
7821,
7833,
7839,
7845,
7846,
7848,
7848,
7855,
7858,
7858,
7867,
7870,
7871,
7871,
7872,
7876,
7897,
7898,
7901,
7902,
7905,
7907,
7912,
7913,
7914,
7925,
7926,
7936,
7938,
7938,
7948,
7952,
7952,
7953,
7953,
7964,
7967,
7974,
7984,
7986,
7986,
7999,
8002,
8011,
8018,
8029,
8031,
8032,
8032,
8041,
8047,
8048,
8049,
8051,
8055,
8056,
8057,
8061,
8063,
8068,
8071,
8076,
8077,
8079,
8082,
8090,
8091,
8093,
8099,
8100,
8112,
8117,
8130,
8136,
8138,
8154,
8154,
8158,
8160,
8163,
8165,
8167,
8167,
8178,
8178,
8179,
8183,
8184,
8184,
8191,
8195,
8199,
8205,
8213,
8221,
8221,
8227,
8233,
8235,
8239,
8241,
8242,
8243,
8249,
8253,
8254,
8257,
8257,
8261,
8282,
8284,
8298,
8299,
8307,
8309,
8318,
8324,
8328,
8332,
8334,
8335,
8350,
8352,
8356,
8357,
8361,
8371,
8374,
8379,
8384,
8384,
8387,
8392,
8393,
8405,
8409,
8411,
8437,
8439,
8442,
8448,
8449,
8468,
8477,
8479,
8483,
8494,
8495,
8498,
8502,
8521,
8528,
8529,
8544,
8545,
8549,
8556,
8556,
8562,
8562,
8563,
8567,
8570,
8582,
8608,
8609,
8618,
8628,
8630,
8631,
8631,
8631,
8632,
8637,
8643,
8644,
8645,
8645,
8648,
8651,
8651,
8654,
8672,
8682,
8689,
8689,
8699,
8701,
8703,
8704,
8706,
8706,
8728,
8732,
8736,
8758,
8762,
8764,
8780,
8782,
8792,
8804,
8810,
8817,
8817,
8817,
8822,
8829,
8837,
8849,
8859,
8863,
8872,
8872,
8886,
8889,
8890,
8891,
8904,
8910,
8911,
8917,
8918,
8923,
8935,
8957,
8959,
8960,
8964,
8965,
8966,
8978,
8979,
8979,
8980,
8989,
8993,
8999,
