0,0,28,
0,1,100,
0,24,47,
0,37,117,
0,38,19,
0,39,20,
0,46,55,
0,53,4,
0,73,7,
0,82,65,
0,87,43,
0,97,113,
0,105,47,
0,115,28,
1,23,113,
1,34,28,
1,54,118,
1,61,54,
1,64,106,
1,66,48,
1,66,94,
1,112,103,
1,119,57,
2,1,108,
2,19,25,
2,19,113,
2,21,79,
2,23,20,
2,24,111,
2,41,33,
2,44,48,
2,51,34,
2,52,59,
2,59,11,
2,61,96,
2,66,36,
2,68,106,
2,70,17,
2,84,36,
2,87,29,
2,87,98,
2,100,91,
2,100,91,
2,105,92,
2,113,36,
2,117,27,
3,2,2,
3,10,68,
3,16,89,
3,19,38,
3,24,114,
3,31,89,
3,41,19,
3,51,65,
3,55,114,
3,77,90,
3,79,88,
3,85,23,
3,85,87,
3,107,112,
3,109,85,
4,9,93,
4,30,25,
4,31,20,
4,31,109,
4,35,58,
4,39,115,
4,47,56,
4,55,85,
4,58,41,
4,59,69,
4,63,54,
4,66,4,
4,73,97,
4,84,14,
4,86,4,
4,101,6,
5,7,107,
5,28,103,
5,38,55,
5,42,10,
5,47,111,
5,55,26,
5,56,48,
5,60,103,
5,62,100,
5,68,40,
5,74,21,
5,74,72,
5,82,89,
5,96,68,
5,117,24,
6,3,17,
6,12,41,
6,37,96,
6,41,84,
6,48,61,
6,52,58,
6,56,59,
6,56,65,
6,60,37,
6,67,58,
6,68,92,
6,73,114,
6,78,24,
6,87,12,
6,101,5,
6,102,90,
6,113,29,
6,116,112,
7,3,110,
7,6,102,
7,9,6,
7,28,6,
7,43,113,
7,44,36,
7,44,70,
7,53,15,
7,53,96,
7,54,69,
7,58,116,
7,64,71,
7,65,54,
7,83,58,
7,85,25,
7,99,27,
7,117,7,
8,0,94,
8,19,82,
8,28,35,
8,32,111,
8,36,117,
8,50,98,
8,55,90,
8,91,27,
8,92,102,
8,96,51,
8,98,64,
9,2,59,
9,4,22,
9,7,115,
9,17,71,
9,21,111,
9,22,65,
9,36,74,
9,39,10,
9,46,113,
9,48,49,
9,59,24,
9,60,19,
9,63,9,
9,68,29,
9,86,23,
9,95,7,
9,108,4,
9,119,28,
10,5,70,
10,7,63,
10,10,15,
10,20,58,
10,23,78,
10,23,90,
10,39,115,
10,52,19,
10,56,11,
10,64,40,
10,84,90,
10,100,102,
10,104,97,
10,117,106,
11,8,116,
11,10,42,
11,17,1,
11,33,110,
11,39,101,
11,51,68,
11,55,23,
11,75,119,
11,103,36,
11,117,26,
12,4,67,
12,5,90,
12,5,114,
12,19,65,
12,29,11,
12,31,113,
12,32,59,
12,43,87,
12,52,10,
12,57,5,
12,70,105,
12,81,33,
12,115,40,
13,0,15,
13,1,111,
13,3,88,
13,5,43,
13,9,73,
13,12,6,
13,22,42,
13,27,15,
13,40,96,
13,50,13,
13,69,67,
13,70,16,
13,86,0,
13,87,19,
13,88,22,
13,90,98,
13,107,40,
14,24,109,
14,27,97,
14,31,26,
14,62,48,
14,67,75,
14,68,71,
14,72,82,
14,73,74,
14,78,21,
14,86,112,
14,96,52,
14,97,36,
14,97,78,
14,101,35,
14,104,49,
14,107,27,
15,0,38,
15,1,76,
15,8,9,
15,24,40,
15,38,8,
15,47,41,
15,50,107,
15,64,102,
15,70,56,
15,70,84,
15,86,10,
15,102,112,
15,110,100,
16,9,0,
16,16,91,
16,18,47,
16,20,42,
16,27,65,
16,30,82,
16,69,41,
16,70,54,
16,70,90,
16,75,23,
16,77,38,
16,79,45,
16,88,61,
16,91,102,
17,6,19,
17,13,31,
17,17,35,
17,33,44,
17,34,23,
17,50,28,
17,67,73,
17,76,21,
17,78,50,
17,82,43,
17,85,94,
17,95,112,
17,96,60,
18,4,58,
18,7,112,
18,19,69,
18,25,117,
18,36,22,
18,39,96,
18,47,5,
18,67,116,
18,70,20,
18,85,109,
18,86,37,
18,103,37,
18,112,82,
18,113,30,
19,30,62,
19,39,104,
19,56,92,
19,58,52,
19,63,86,
19,80,57,
19,84,110,
19,89,113,
19,95,41,
19,104,23,
19,111,42,
19,115,90,
20,1,39,
20,18,69,
20,22,20,
20,22,101,
20,48,16,
20,62,33,
20,64,91,
20,67,90,
20,76,5,
20,78,114,
20,87,40,
20,93,70,
20,93,102,
21,1,43,
21,5,30,
21,18,57,
21,40,47,
21,49,68,
21,66,4,
21,70,77,
21,86,32,
21,86,70,
21,89,68,
21,107,59,
22,5,81,
22,10,34,
22,14,12,
22,49,35,
22,68,117,
22,76,103,
22,81,101,
22,84,46,
22,98,94,
22,105,107,
22,107,42,
22,108,34,
22,114,118,
23,2,93,
23,7,49,
23,11,7,
23,20,18,
23,21,64,
23,50,10,
23,84,42,
23,98,55,
23,99,37,
23,100,16,
23,104,32,
23,104,100,
23,111,51,
23,111,79,
23,117,41,
24,11,4,
24,13,42,
24,37,52,
24,38,28,
24,54,7,
24,56,40,
24,63,59,
24,76,60,
24,78,18,
24,80,16,
24,84,99,
24,90,29,
24,103,116,
24,105,10,
24,118,57,
25,11,13,
25,31,115,
25,39,112,
25,55,30,
25,59,33,
25,60,91,
25,63,81,
25,69,91,
25,75,6,
25,79,49,
25,82,46,
25,83,53,
25,110,73,
26,12,76,
26,12,117,
26,41,12,
26,43,82,
26,56,20,
26,57,24,
26,62,101,
26,105,50,
26,107,18,
26,111,65,
26,114,117,
27,2,55,
27,19,37,
27,20,73,
27,24,111,
27,25,119,
27,26,67,
27,33,33,
27,35,93,
27,43,14,
27,45,5,
27,53,79,
27,65,0,
27,67,27,
27,70,43,
27,83,13,
27,88,14,
27,92,36,
27,96,33,
27,100,110,
28,3,55,
28,4,48,
28,17,17,
28,24,10,
28,25,40,
28,39,62,
28,43,113,
28,51,72,
28,54,1,
28,72,9,
28,77,45,
28,77,115,
28,79,44,
28,82,32,
28,88,54,
28,95,3,
28,98,59,
29,4,119,
29,47,36,
29,50,103,
29,52,46,
29,55,77,
29,65,25,
29,65,92,
29,77,103,
29,84,25,
29,92,56,
29,96,52,
29,96,77,
30,14,35,
30,23,40,
30,36,34,
30,43,32,
30,47,102,
30,48,79,
30,71,102,
30,76,119,
30,78,73,
30,80,98,
30,85,28,
30,87,115,
30,99,35,
30,99,87,
30,111,89,
31,3,45,
31,5,111,
31,8,32,
31,18,105,
31,22,28,
31,23,88,
31,39,71,
31,47,58,
31,62,18,
31,64,95,
31,68,71,
31,73,112,
31,99,101,
31,102,32,
31,106,45,
31,111,84,
31,118,96,
31,118,103,
32,0,88,
32,53,113,
32,65,7,
32,66,4,
32,66,68,
32,87,32,
32,97,93,
32,100,65,
32,102,36,
32,105,60,
32,106,79,
32,107,71,
32,114,42,
32,114,102,
32,117,17,
33,10,44,
33,10,56,
33,41,113,
33,47,15,
33,55,21,
33,61,105,
33,68,18,
33,70,55,
33,72,92,
33,91,84,
33,93,93,
33,96,50,
33,106,87,
33,110,115,
33,113,76,
34,2,94,
34,7,67,
34,18,88,
34,18,89,
34,67,3,
34,70,107,
34,85,54,
34,102,77,
34,107,31,
35,6,60,
35,11,47,
35,14,68,
35,15,4,
35,18,82,
35,21,55,
35,26,99,
35,36,17,
35,38,78,
35,42,72,
35,53,11,
35,62,34,
35,88,62,
35,98,57,
35,116,40,
36,3,111,
36,5,5,
36,27,66,
36,37,86,
36,63,73,
36,73,43,
36,75,61,
36,75,81,
36,76,36,
36,94,89,
36,96,111,
36,102,70,
36,112,0,
37,7,89,
37,18,23,
37,28,116,
37,30,47,
37,52,7,
37,56,67,
37,61,57,
37,80,8,
37,86,25,
37,93,100,
38,16,45,
38,21,79,
38,25,99,
38,32,14,
38,34,53,
38,39,56,
38,48,97,
38,64,108,
38,70,72,
38,75,16,
38,75,83,
38,86,101,
38,93,92,
38,104,49,
38,116,54,
39,4,89,
39,19,54,
39,26,42,
39,28,48,
39,29,10,
39,34,78,
39,64,9,
39,69,21,
39,69,40,
39,69,90,
39,77,13,
39,77,97,
39,91,85,
39,95,44,
39,97,42,
39,97,79,
39,100,87,
39,103,65,
39,112,16,
39,118,36,
39,119,99,
40,8,87,
40,12,11,
40,35,31,
40,38,58,
40,52,50,
40,56,0,
40,56,71,
40,62,57,
40,81,31,
40,83,81,
40,89,14,
40,90,11,
40,93,29,
40,94,111,
40,100,88,
40,103,57,
40,115,106,
41,11,96,
41,27,35,
41,29,12,
41,29,42,
41,44,98,
41,50,51,
41,56,46,
41,56,118,
41,64,45,
41,85,112,
41,101,108,
41,102,21,
41,111,41,
41,119,68,
42,7,47,
42,13,114,
42,30,10,
42,34,34,
42,40,82,
42,41,105,
42,43,115,
42,48,65,
42,51,73,
42,59,20,
42,64,77,
42,71,74,
42,80,63,
42,88,99,
42,93,16,
42,94,44,
42,105,11,
42,109,46,
42,112,84,
42,118,110,
43,9,78,
43,13,100,
43,13,107,
43,22,76,
43,31,85,
43,33,94,
43,36,29,
43,37,49,
43,76,17,
43,80,58,
43,84,18,
43,90,20,
43,90,88,
43,91,12,
43,91,107,
43,93,43,
43,97,110,
43,106,50,
43,108,101,
44,2,24,
44,4,40,
44,11,50,
44,19,67,
44,23,44,
44,25,64,
44,38,68,
44,41,41,
44,54,54,
44,54,118,
44,71,37,
44,75,49,
44,85,59,
44,107,74,
44,113,66,
44,115,21,
44,116,64,
44,117,15,
45,0,90,
45,19,91,
45,31,57,
45,32,18,
45,32,105,
45,47,71,
45,61,18,
45,88,102,
45,91,117,
45,117,58,
46,3,5,
46,17,93,
46,33,103,
46,34,119,
46,42,28,
46,48,62,
46,66,36,
46,74,86,
46,86,57,
46,90,102,
46,92,116,
46,99,80,
46,105,68,
46,106,67,
46,107,83,
46,108,79,
47,20,6,
47,38,119,
47,50,37,
47,51,12,
47,51,42,
47,59,37,
47,60,101,
47,67,58,
47,74,28,
47,81,10,
47,83,31,
47,84,107,
47,86,49,
47,88,21,
47,96,13,
47,104,15,
47,115,89,
48,0,101,
48,5,71,
48,18,36,
48,26,29,
48,48,3,
48,81,41,
48,86,82,
48,88,99,
49,14,83,
49,22,109,
49,33,86,
49,47,118,
49,61,105,
49,66,43,
49,73,50,
49,97,67,
49,104,30,
49,110,41,
49,112,23,
49,117,25,
50,13,37,
50,33,87,
50,47,31,
50,58,9,
50,64,119,
50,75,1,
50,95,87,
50,105,3,
50,112,113,
50,117,32,
51,2,62,
51,4,32,
51,17,95,
51,19,117,
51,33,110,
51,34,85,
51,40,105,
51,50,88,
51,67,67,
51,75,13,
51,100,7,
51,101,13,
51,105,89,
51,107,72,
51,112,10,
51,112,104,
52,12,86,
52,20,65,
52,29,66,
52,38,102,
52,40,111,
52,51,93,
52,53,106,
52,56,82,
52,57,113,
52,68,44,
52,75,98,
52,85,11,
52,109,85,
52,111,35,
52,115,113,
53,8,119,
53,19,87,
53,21,91,
53,23,72,
53,24,16,
53,34,102,
53,36,66,
53,44,96,
53,54,68,
53,55,42,
53,59,5,
53,59,14,
53,63,16,
53,72,30,
53,76,24,
53,77,23,
53,83,17,
53,85,87,
53,90,115,
53,106,44,
53,114,30,
53,116,0,
53,119,73,
54,18,22,
54,19,72,
54,44,37,
54,45,91,
54,50,31,
54,51,70,
54,56,72,
54,66,114,
54,72,80,
54,75,107,
54,77,20,
54,104,114,
54,113,39,
55,4,62,
55,5,33,
55,14,38,
55,30,41,
55,33,67,
55,37,87,
55,47,42,
55,48,62,
55,49,7,
55,52,32,
55,56,21,
55,64,55,
55,64,90,
55,78,80,
55,81,109,
55,90,68,
56,0,36,
56,4,63,
56,14,6,
56,38,101,
56,42,10,
56,44,82,
56,51,118,
56,52,78,
56,73,65,
56,82,0,
56,82,39,
56,98,5,
56,98,77,
57,3,39,
57,13,31,
57,18,56,
57,43,109,
57,54,24,
57,63,74,
57,65,2,
57,75,95,
57,79,114,
57,80,3,
57,91,99,
57,93,18,
57,98,66,
57,98,112,
57,107,116,
57,108,94,
58,2,63,
58,4,22,
58,8,119,
58,13,103,
58,20,73,
58,23,52,
58,25,37,
58,29,47,
58,39,73,
58,50,105,
58,53,66,
58,62,11,
58,84,6,
58,98,112,
58,101,3,
58,102,89,
58,112,99,
58,113,115,
59,5,65,
59,9,107,
59,12,108,
59,63,79,
59,70,32,
59,88,95,
59,99,101,
59,100,72,
59,113,33,
59,117,113,
60,10,98,
60,26,119,
60,30,110,
60,34,19,
60,40,6,
60,40,97,
60,41,1,
60,49,35,
60,59,44,
60,59,117,
60,72,15,
60,81,3,
60,82,92,
60,90,40,
60,93,54,
60,94,85,
61,1,116,
61,6,74,
61,26,84,
61,31,0,
61,32,8,
61,33,98,
61,38,51,
61,40,22,
61,42,74,
61,44,89,
61,45,36,
61,63,52,
61,71,35,
61,74,25,
61,93,53,
61,99,15,
61,102,102,
61,103,28,
61,107,48,
61,112,31,
61,114,25,
61,115,18,
62,10,18,
62,23,118,
62,40,80,
62,41,38,
62,50,5,
62,51,31,
62,57,72,
62,62,46,
62,67,66,
62,71,24,
62,95,0,
62,104,33,
63,0,45,
63,8,40,
63,9,52,
63,21,94,
63,25,34,
63,29,76,
63,30,38,
63,32,8,
63,43,107,
63,50,4,
63,87,12,
63,90,107,
63,93,70,
63,99,44,
64,17,31,
64,29,93,
64,40,71,
64,53,10,
64,68,0,
64,79,87,
64,100,105,
64,105,10,
64,105,113,
64,116,117,
65,8,63,
65,9,110,
65,13,24,
65,14,28,
65,17,48,
65,20,21,
65,27,37,
65,74,71,
65,74,103,
65,81,114,
65,82,27,
65,84,105,
65,87,99,
65,89,47,
65,100,69,
65,103,5,
65,111,89,
66,6,63,
66,10,118,
66,21,23,
66,25,10,
66,45,119,
66,65,70,
66,71,107,
66,117,39,
67,4,115,
67,5,94,
67,9,0,
67,15,21,
67,25,37,
67,30,85,
67,35,22,
67,63,26,
67,64,39,
67,75,54,
67,81,25,
67,85,119,
67,87,91,
67,95,95,
67,100,82,
67,107,34,
67,107,81,
67,115,27,
68,0,24,
68,4,37,
68,13,38,
68,13,70,
68,37,63,
68,40,57,
68,40,109,
68,42,62,
68,47,60,
68,52,15,
68,52,119,
68,54,31,
68,58,110,
68,63,33,
68,74,71,
68,76,34,
68,82,42,
68,90,51,
68,97,32,
68,100,1,
68,104,85,
68,106,106,
69,18,69,
69,27,77,
69,33,93,
69,36,105,
69,58,37,
69,67,12,
69,76,50,
69,80,49,
69,95,26,
69,95,81,
69,96,83,
69,98,89,
69,107,88,
69,111,68,
69,113,53,
70,9,89,
70,16,115,
70,35,64,
70,37,70,
70,41,13,
70,57,108,
70,60,99,
70,68,44,
70,69,90,
70,79,76,
70,83,115,
70,90,15,
70,97,47,
70,108,91,
70,113,113,
71,3,63,
71,8,110,
71,9,3,
71,21,116,
71,28,11,
71,36,81,
71,40,101,
71,43,64,
71,45,76,
71,54,31,
71,65,12,
71,71,7,
71,71,16,
71,90,86,
72,29,12,
72,30,42,
72,40,114,
72,55,69,
72,60,20,
72,67,5,
72,80,109,
72,90,117,
72,99,92,
72,119,39,
73,14,19,
73,16,53,
73,20,30,
73,24,117,
73,36,86,
73,38,3,
73,47,3,
73,63,70,
73,67,35,
73,80,7,
73,91,82,
73,95,49,
73,101,118,
73,105,94,
73,111,85,
73,112,19,
73,112,85,
73,114,88,
73,116,53,
74,40,97,
74,56,5,
74,57,26,
74,74,11,
74,75,87,
74,90,118,
74,99,101,
75,2,51,
75,6,69,
75,20,59,
75,24,60,
75,51,80,
75,59,56,
75,61,94,
75,66,4,
75,70,67,
75,79,28,
75,80,3,
75,84,78,
75,90,26,
75,90,28,
75,92,73,
75,102,45,
75,112,65,
75,119,71,
76,1,59,
76,18,66,
76,20,6,
76,35,95,
76,37,66,
76,38,29,
76,38,64,
76,49,24,
76,64,9,
76,64,14,
76,87,103,
76,119,22,
76,119,28,
77,15,83,
77,43,51,
77,44,76,
77,44,117,
77,57,0,
77,71,0,
77,84,38,
77,84,71,
77,89,70,
77,90,89,
77,91,14,
77,95,34,
77,97,86,
77,110,74,
77,118,91,
78,22,104,
78,23,8,
78,46,110,
78,52,71,
78,58,36,
78,64,118,
78,65,74,
78,69,70,
78,86,99,
78,94,100,
78,96,29,
78,99,86,
78,106,113,
78,116,62,
79,14,59,
79,18,85,
79,18,111,
79,27,0,
79,39,115,
79,40,68,
79,41,83,
79,67,89,
79,81,1,
79,84,76,
79,91,72,
79,96,67,
80,0,50,
80,10,57,
80,14,77,
80,21,24,
80,23,25,
80,23,32,
80,43,73,
80,53,118,
80,59,41,
80,64,6,
80,66,9,
80,66,72,
80,88,8,
80,99,31,
80,109,60,
80,109,80,
80,116,38,
81,3,10,
81,12,92,
81,14,25,
81,14,66,
81,17,97,
81,31,75,
81,38,56,
81,41,77,
81,93,7,
81,98,54,
81,99,35,
81,102,114,
81,104,11,
81,117,48,
81,117,68,
82,13,9,
82,13,80,
82,15,85,
82,25,104,
82,34,90,
82,36,11,
82,36,105,
82,43,70,
82,60,117,
82,67,97,
82,78,84,
82,96,87,
82,99,56,
83,1,66,
83,4,87,
83,7,98,
83,13,100,
83,27,110,
83,46,6,
83,49,93,
83,64,33,
83,64,47,
83,74,87,
83,76,54,
83,76,88,
83,81,111,
83,93,98,
83,95,77,
83,96,2,
83,107,67,
84,0,10,
84,12,12,
84,21,55,
84,28,12,
84,28,82,
84,39,1,
84,41,28,
84,45,32,
84,54,61,
84,55,52,
84,73,114,
84,77,51,
84,85,17,
84,85,41,
84,86,70,
84,90,100,
84,95,44,
84,95,84,
84,99,110,
84,105,54,
84,113,90,
84,114,21,
85,2,4,
85,40,43,
85,53,86,
85,58,11,
85,59,21,
85,66,5,
85,71,68,
85,71,72,
85,77,37,
85,83,84,
85,97,55,
85,99,73,
85,103,26,
85,112,57,
86,19,71,
86,39,20,
86,41,10,
86,62,37,
86,65,57,
86,96,105,
86,100,83,
87,10,77,
87,20,83,
87,33,87,
87,88,26,
87,93,59,
87,93,115,
87,99,102,
87,117,23,
88,5,53,
88,8,40,
88,25,46,
88,30,109,
88,36,61,
88,48,78,
88,53,107,
88,85,4,
88,93,32,
88,110,110,
88,111,112,
88,116,44,
89,3,112,
89,5,67,
89,19,28,
89,19,107,
89,34,51,
89,37,46,
89,40,119,
89,44,85,
89,78,43,
89,113,39,
89,116,45,
89,117,98,
90,3,11,
90,25,98,
90,28,110,
90,35,83,
90,42,48,
90,43,112,
90,45,46,
90,49,10,
90,73,46,
90,73,107,
90,75,15,
90,77,97,
90,80,36,
90,84,27,
90,87,66,
90,95,10,
90,106,73,
90,111,65,
91,13,55,
91,13,90,
91,15,77,
91,23,8,
91,25,113,
91,39,74,
91,43,90,
91,54,111,
91,55,22,
91,59,31,
91,64,9,
91,78,101,
91,82,16,
91,96,52,
91,112,23,
91,116,119,
92,5,91,
92,18,88,
92,33,66,
92,67,6,
92,73,5,
92,96,45,
92,103,96,
92,112,85,
92,115,37,
93,1,67,
93,3,73,
93,3,95,
93,6,82,
93,8,78,
93,11,102,
93,13,114,
93,21,107,
93,36,37,
93,49,116,
93,57,35,
93,67,24,
93,71,22,
93,71,100,
93,74,95,
93,77,52,
93,90,115,
93,103,64,
93,117,15,
94,35,9,
94,35,93,
94,44,49,
94,54,23,
94,54,67,
94,58,86,
94,61,114,
94,90,87,
94,97,86,
95,1,111,
95,2,45,
95,8,33,
95,15,98,
95,21,75,
95,48,76,
95,54,22,
95,57,79,
95,60,102,
95,63,105,
95,65,30,
95,71,47,
95,109,13,
95,110,116,
96,7,38,
96,9,90,
96,14,59,
96,19,21,
96,36,20,
96,42,25,
96,53,0,
96,62,88,
96,79,53,
96,81,111,
96,100,82,
96,100,105,
96,103,57,
96,116,87,
97,0,13,
97,2,71,
97,13,7,
97,33,83,
97,35,114,
97,43,56,
97,46,48,
97,63,116,
97,84,83,
97,86,31,
97,90,34,
97,90,59,
97,93,55,
97,108,75,
97,109,16,
97,114,5,
97,119,106,
98,2,17,
98,11,13,
98,20,48,
98,42,119,
98,51,57,
98,52,106,
98,54,10,
98,54,53,
98,64,7,
98,68,98,
98,102,59,
99,4,51,
99,7,79,
99,11,118,
99,15,79,
99,18,28,
99,38,90,
99,67,38,
99,69,90,
99,72,25,
99,72,40,
99,93,34,
99,93,92,
99,98,20,
99,104,8,
99,114,65,
99,115,71,
100,0,116,
100,6,6,
100,6,45,
100,13,84,
100,20,71,
100,21,51,
100,26,111,
100,27,72,
100,39,73,
100,57,10,
100,59,66,
100,71,102,
100,73,7,
100,73,32,
100,81,62,
100,90,46,
100,114,79,
101,5,29,
101,32,111,
101,35,49,
101,46,9,
101,46,71,
101,58,104,
101,65,18,
101,68,95,
101,91,89,
101,102,94,
101,118,99,
102,1,95,
102,8,41,
102,10,80,
102,19,106,
102,21,42,
102,29,38,
102,31,36,
102,44,65,
102,70,114,
102,81,107,
102,91,102,
102,103,37,
103,0,27,
103,8,60,
103,15,58,
103,20,55,
103,28,39,
103,36,58,
103,37,107,
103,58,65,
103,79,23,
103,87,21,
103,104,98,
104,0,110,
104,4,73,
104,8,1,
104,9,108,
104,15,51,
104,28,50,
104,30,92,
104,34,91,
104,35,49,
104,43,41,
104,44,101,
104,46,27,
104,50,112,
104,53,102,
104,54,68,
104,55,32,
104,57,115,
104,67,46,
104,69,53,
104,78,85,
104,81,2,
104,90,41,
104,94,74,
104,116,18,
104,119,21,
105,5,39,
105,6,84,
105,17,50,
105,31,98,
105,55,72,
105,61,38,
105,61,72,
105,64,17,
105,78,17,
105,79,26,
105,83,28,
105,111,34,
106,2,2,
106,18,118,
106,22,15,
106,24,71,
106,28,71,
106,35,14,
106,50,109,
106,61,109,
106,80,6,
106,92,35,
106,98,76,
106,104,41,
107,4,21,
107,9,95,
107,10,2,
107,10,94,
107,14,93,
107,16,9,
107,16,113,
107,27,106,
107,85,54,
107,98,12,
107,105,34,
107,109,61,
107,111,88,
107,118,61,
107,118,85,
108,26,26,
108,26,65,
108,33,14,
108,61,6,
108,68,8,
108,76,69,
108,92,77,
108,113,20,
108,115,75,
108,116,14,
109,14,24,
109,23,13,
109,35,22,
109,45,84,
109,45,106,
109,50,25,
109,55,113,
109,56,19,
109,61,29,
109,73,52,
109,76,83,
109,88,82,
109,94,105,
109,96,41,
110,0,48,
110,11,94,
110,29,68,
110,30,94,
110,36,113,
110,43,14,
110,51,56,
110,52,119,
110,55,69,
110,68,118,
110,96,19,
110,105,58,
110,107,55,
110,116,60,
110,117,78,
111,3,58,
111,12,99,
111,40,99,
111,44,78,
111,52,57,
111,53,110,
111,66,28,
111,68,1,
111,71,101,
111,76,89,
112,13,37,
112,23,82,
112,23,118,
112,24,59,
112,35,99,
112,37,58,
112,50,102,
112,54,8,
112,65,91,
112,69,118,
112,82,107,
112,85,100,
112,91,81,
112,96,6,
112,97,60,
112,109,81,
112,115,39,
112,116,76,
112,119,86,
113,3,101,
113,4,70,
113,6,25,
113,6,62,
113,12,103,
113,18,8,
113,26,40,
113,30,103,
113,39,85,
113,40,70,
113,47,79,
113,48,14,
113,49,38,
113,54,5,
113,55,114,
113,74,75,
113,78,21,
113,79,93,
113,84,105,
113,96,19,
113,98,52,
113,108,33,
113,110,75,
113,110,87,
114,1,119,
114,14,93,
114,19,86,
114,24,39,
114,30,29,
114,39,22,
114,40,26,
114,55,72,
114,68,27,
114,82,50,
114,96,101,
114,114,14,
115,6,13,
115,7,83,
115,18,111,
115,43,107,
115,48,115,
115,60,30,
115,60,37,
115,88,74,
115,92,78,
115,98,39,
115,106,96,
115,113,14,
116,24,111,
116,44,105,
116,49,59,
116,50,76,
116,59,42,
116,59,62,
116,75,95,
116,77,44,
116,77,71,
116,89,103,
116,94,65,
116,104,63,
116,117,27,
117,5,4,
117,21,87,
117,32,117,
117,46,113,
117,53,6,
117,92,95,
118,1,3,
118,3,108,
118,5,23,
118,25,44,
118,28,116,
118,60,52,
118,68,95,
118,74,71,
118,75,10,
118,98,91,
118,109,69,
118,109,118,
119,11,40,
119,15,57,
119,20,23,
119,22,110,
119,25,97,
119,28,26,
119,29,13,
119,39,23,
119,39,46,
119,58,45,
119,73,21,
119,105,40,
119,107,87,
119,114,116,
119,115,81,
119,116,60,
119,116,82,
